Subset,Score,Default Train Time,Opt Train Time,Opt Train Time Total,Hostname,Data Distill Time,Inference Time,Dataset,Classifier,N,Data Parse Mode,Post Data Parse Mode,Data Mode,Distill Method,Encoder,Distill Space,Output Space,Convert Binary,Cluster Center,Short Name
Train,0.9,0.05158185958862305,0,0,Unknown,18.49414086341858,0.0034897327423095703,CreditDefault,XGBClassifier,10,onehot,onehot,Onehot -> [ GM => Original ] -> Onehot,GM,N/A,original,original,False,centroid,Onehot -> [ GM => ORI ] -> Onehot
Train - Original,0.5751345532831,0.05158185958862305,0,0,Unknown,18.49414086341858,0.00501251220703125,CreditDefault,XGBClassifier,10,onehot,onehot,Onehot -> [ GM => Original ] -> Onehot,GM,N/A,original,original,False,centroid,Onehot -> [ GM => ORI ] -> Onehot
Val,0.564039575386975,0.05158185958862305,0,0,Unknown,18.49414086341858,0.0020890235900878906,CreditDefault,XGBClassifier,10,onehot,onehot,Onehot -> [ GM => Original ] -> Onehot,GM,N/A,original,original,False,centroid,Onehot -> [ GM => ORI ] -> Onehot
Test,0.5705616435591613,0.05158185958862305,0,0,Unknown,18.49414086341858,0.0019032955169677734,CreditDefault,XGBClassifier,10,onehot,onehot,Onehot -> [ GM => Original ] -> Onehot,GM,N/A,original,original,False,centroid,Onehot -> [ GM => ORI ] -> Onehot
Train,0.75,0.04961848258972168,0,0,Unknown,8.129685163497925,0.0022878646850585938,CreditDefault,XGBClassifier,10,onehot,onehot,Onehot -> [ GM => Original ] -> Onehot,GM,N/A,original,original,False,centroid,Onehot -> [ GM => ORI ] -> Onehot
Train - Original,0.6316469321851453,0.04961848258972168,0,0,Unknown,8.129685163497925,0.0041351318359375,CreditDefault,XGBClassifier,10,onehot,onehot,Onehot -> [ GM => Original ] -> Onehot,GM,N/A,original,original,False,centroid,Onehot -> [ GM => ORI ] -> Onehot
Val,0.6128054933301044,0.04961848258972168,0,0,Unknown,8.129685163497925,0.0020585060119628906,CreditDefault,XGBClassifier,10,onehot,onehot,Onehot -> [ GM => Original ] -> Onehot,GM,N/A,original,original,False,centroid,Onehot -> [ GM => ORI ] -> Onehot
Test,0.6408346955661843,0.04961848258972168,0,0,Unknown,8.129685163497925,0.0021827220916748047,CreditDefault,XGBClassifier,10,onehot,onehot,Onehot -> [ GM => Original ] -> Onehot,GM,N/A,original,original,False,centroid,Onehot -> [ GM => ORI ] -> Onehot
Train,0.8500000000000001,0.05347251892089844,0,0,Unknown,8.166518926620483,0.0017426013946533203,CreditDefault,XGBClassifier,10,onehot,onehot,Onehot -> [ GM => Original ] -> Onehot,GM,N/A,original,original,False,centroid,Onehot -> [ GM => ORI ] -> Onehot
Train - Original,0.5494079655543596,0.05347251892089844,0,0,Unknown,8.166518926620483,0.0068857669830322266,CreditDefault,XGBClassifier,10,onehot,onehot,Onehot -> [ GM => Original ] -> Onehot,GM,N/A,original,original,False,centroid,Onehot -> [ GM => ORI ] -> Onehot
Val,0.5665001715404331,0.05347251892089844,0,0,Unknown,8.166518926620483,0.0035588741302490234,CreditDefault,XGBClassifier,10,onehot,onehot,Onehot -> [ GM => Original ] -> Onehot,GM,N/A,original,original,False,centroid,Onehot -> [ GM => ORI ] -> Onehot
Test,0.5540428043833626,0.05347251892089844,0,0,Unknown,8.166518926620483,0.003979206085205078,CreditDefault,XGBClassifier,10,onehot,onehot,Onehot -> [ GM => Original ] -> Onehot,GM,N/A,original,original,False,centroid,Onehot -> [ GM => ORI ] -> Onehot
Train,0.95,0.047525644302368164,0,0,Unknown,8.081738471984863,0.002101421356201172,CreditDefault,XGBClassifier,10,onehot,onehot,Onehot -> [ GM => Original ] -> Onehot,GM,N/A,original,original,False,centroid,Onehot -> [ GM => ORI ] -> Onehot
Train - Original,0.5361679224973089,0.047525644302368164,0,0,Unknown,8.081738471984863,0.003724813461303711,CreditDefault,XGBClassifier,10,onehot,onehot,Onehot -> [ GM => Original ] -> Onehot,GM,N/A,original,original,False,centroid,Onehot -> [ GM => ORI ] -> Onehot
Val,0.5374361768682772,0.047525644302368164,0,0,Unknown,8.081738471984863,0.0019073486328125,CreditDefault,XGBClassifier,10,onehot,onehot,Onehot -> [ GM => Original ] -> Onehot,GM,N/A,original,original,False,centroid,Onehot -> [ GM => ORI ] -> Onehot
Test,0.5414224738148574,0.047525644302368164,0,0,Unknown,8.081738471984863,0.001959085464477539,CreditDefault,XGBClassifier,10,onehot,onehot,Onehot -> [ GM => Original ] -> Onehot,GM,N/A,original,original,False,centroid,Onehot -> [ GM => ORI ] -> Onehot
Train,0.95,0.049507856369018555,0,0,Unknown,8.16887354850769,0.002201080322265625,CreditDefault,XGBClassifier,10,onehot,onehot,Onehot -> [ GM => Original ] -> Onehot,GM,N/A,original,original,False,centroid,Onehot -> [ GM => ORI ] -> Onehot
Train - Original,0.4627556512378902,0.049507856369018555,0,0,Unknown,8.16887354850769,0.004109621047973633,CreditDefault,XGBClassifier,10,onehot,onehot,Onehot -> [ GM => Original ] -> Onehot,GM,N/A,original,original,False,centroid,Onehot -> [ GM => ORI ] -> Onehot
Val,0.4626026719945107,0.049507856369018555,0,0,Unknown,8.16887354850769,0.0022399425506591797,CreditDefault,XGBClassifier,10,onehot,onehot,Onehot -> [ GM => Original ] -> Onehot,GM,N/A,original,original,False,centroid,Onehot -> [ GM => ORI ] -> Onehot
Test,0.4520019777602874,0.049507856369018555,0,0,Unknown,8.16887354850769,0.002233266830444336,CreditDefault,XGBClassifier,10,onehot,onehot,Onehot -> [ GM => Original ] -> Onehot,GM,N/A,original,original,False,centroid,Onehot -> [ GM => ORI ] -> Onehot
Train,1.0,0.029237747192382812,0,0,Unknown,7.860182762145996,0.001802682876586914,CreditDefault,XGBClassifier,10,onehot,onehot,Onehot -> [ GNN-MultiHead-Encoded => GM => Decoded ] -> Onehot,GM,GNN-MultiHead,encoded,decoded,False,centroid,Onehot -> [ [GNN-SFT]-ENC => GM => DEC ] -> Onehot
Train - Original,0.4969860064585576,0.029237747192382812,0,0,Unknown,7.860182762145996,0.003303050994873047,CreditDefault,XGBClassifier,10,onehot,onehot,Onehot -> [ GNN-MultiHead-Encoded => GM => Decoded ] -> Onehot,GM,GNN-MultiHead,encoded,decoded,False,centroid,Onehot -> [ [GNN-SFT]-ENC => GM => DEC ] -> Onehot
Val,0.4954758733426167,0.029237747192382812,0,0,Unknown,7.860182762145996,0.0018012523651123047,CreditDefault,XGBClassifier,10,onehot,onehot,Onehot -> [ GNN-MultiHead-Encoded => GM => Decoded ] -> Onehot,GM,GNN-MultiHead,encoded,decoded,False,centroid,Onehot -> [ [GNN-SFT]-ENC => GM => DEC ] -> Onehot
Test,0.4939789307985712,0.029237747192382812,0,0,Unknown,7.860182762145996,0.001768350601196289,CreditDefault,XGBClassifier,10,onehot,onehot,Onehot -> [ GNN-MultiHead-Encoded => GM => Decoded ] -> Onehot,GM,GNN-MultiHead,encoded,decoded,False,centroid,Onehot -> [ [GNN-SFT]-ENC => GM => DEC ] -> Onehot
Train,0.9,0.043265581130981445,0,0,Unknown,7.8415868282318115,0.0017852783203125,CreditDefault,XGBClassifier,10,onehot,onehot,Onehot -> [ GNN-MultiHead-Encoded => GM => Decoded-Binary ] -> Onehot,GM,GNN-MultiHead,encoded,decoded,True,centroid,Onehot -> [ [GNN-SFT]-ENC => GM => DEC-BIN ] -> Onehot
Train - Original,0.571259418729817,0.043265581130981445,0,0,Unknown,7.8415868282318115,0.003467559814453125,CreditDefault,XGBClassifier,10,onehot,onehot,Onehot -> [ GNN-MultiHead-Encoded => GM => Decoded-Binary ] -> Onehot,GM,GNN-MultiHead,encoded,decoded,True,centroid,Onehot -> [ [GNN-SFT]-ENC => GM => DEC-BIN ] -> Onehot
Val,0.573247764929063,0.043265581130981445,0,0,Unknown,7.8415868282318115,0.0018651485443115234,CreditDefault,XGBClassifier,10,onehot,onehot,Onehot -> [ GNN-MultiHead-Encoded => GM => Decoded-Binary ] -> Onehot,GM,GNN-MultiHead,encoded,decoded,True,centroid,Onehot -> [ [GNN-SFT]-ENC => GM => DEC-BIN ] -> Onehot
Test,0.5874684668321527,0.043265581130981445,0,0,Unknown,7.8415868282318115,0.0019314289093017578,CreditDefault,XGBClassifier,10,onehot,onehot,Onehot -> [ GNN-MultiHead-Encoded => GM => Decoded-Binary ] -> Onehot,GM,GNN-MultiHead,encoded,decoded,True,centroid,Onehot -> [ [GNN-SFT]-ENC => GM => DEC-BIN ] -> Onehot
Train,1.0,0.03517007827758789,0,0,Unknown,7.974338531494141,0.0016980171203613281,CreditDefault,XGBClassifier,10,onehot,onehot,Onehot -> [ GNN-MultiHead-Encoded => GM => Encoded ] -> Onehot,GM,GNN-MultiHead,encoded,encoded,False,centroid,Onehot -> [ [GNN-SFT]-ENC => GM => ENC ] -> Onehot
Train - Original,0.6087190527448869,0.03517007827758789,0,0,Unknown,7.974338531494141,0.002808809280395508,CreditDefault,XGBClassifier,10,onehot,onehot,Onehot -> [ GNN-MultiHead-Encoded => GM => Encoded ] -> Onehot,GM,GNN-MultiHead,encoded,encoded,False,centroid,Onehot -> [ [GNN-SFT]-ENC => GM => ENC ] -> Onehot
Val,0.6157539706564954,0.03517007827758789,0,0,Unknown,7.974338531494141,0.0016541481018066406,CreditDefault,XGBClassifier,10,onehot,onehot,Onehot -> [ GNN-MultiHead-Encoded => GM => Encoded ] -> Onehot,GM,GNN-MultiHead,encoded,encoded,False,centroid,Onehot -> [ [GNN-SFT]-ENC => GM => ENC ] -> Onehot
Test,0.620806340941656,0.03517007827758789,0,0,Unknown,7.974338531494141,0.00160980224609375,CreditDefault,XGBClassifier,10,onehot,onehot,Onehot -> [ GNN-MultiHead-Encoded => GM => Encoded ] -> Onehot,GM,GNN-MultiHead,encoded,encoded,False,centroid,Onehot -> [ [GNN-SFT]-ENC => GM => ENC ] -> Onehot
Train,1.0,0.027362585067749023,0,0,Unknown,7.911455869674683,0.0017235279083251953,CreditDefault,XGBClassifier,10,onehot,onehot,Onehot -> [ GNN-MultiHead-Encoded => GM => Decoded ] -> Onehot,GM,GNN-MultiHead,encoded,decoded,False,centroid,Onehot -> [ [GNN-SFT]-ENC => GM => DEC ] -> Onehot
Train - Original,0.4919268030139935,0.027362585067749023,0,0,Unknown,7.911455869674683,0.0033416748046875,CreditDefault,XGBClassifier,10,onehot,onehot,Onehot -> [ GNN-MultiHead-Encoded => GM => Decoded ] -> Onehot,GM,GNN-MultiHead,encoded,decoded,False,centroid,Onehot -> [ [GNN-SFT]-ENC => GM => DEC ] -> Onehot
Val,0.48694980928740084,0.027362585067749023,0,0,Unknown,7.911455869674683,0.0018341541290283203,CreditDefault,XGBClassifier,10,onehot,onehot,Onehot -> [ GNN-MultiHead-Encoded => GM => Decoded ] -> Onehot,GM,GNN-MultiHead,encoded,decoded,False,centroid,Onehot -> [ [GNN-SFT]-ENC => GM => DEC ] -> Onehot
Test,0.49246130249641784,0.027362585067749023,0,0,Unknown,7.911455869674683,0.0018732547760009766,CreditDefault,XGBClassifier,10,onehot,onehot,Onehot -> [ GNN-MultiHead-Encoded => GM => Decoded ] -> Onehot,GM,GNN-MultiHead,encoded,decoded,False,centroid,Onehot -> [ [GNN-SFT]-ENC => GM => DEC ] -> Onehot
Train,0.95,0.042015790939331055,0,0,Unknown,8.016037702560425,0.0019304752349853516,CreditDefault,XGBClassifier,10,onehot,onehot,Onehot -> [ GNN-MultiHead-Encoded => GM => Decoded-Binary ] -> Onehot,GM,GNN-MultiHead,encoded,decoded,True,centroid,Onehot -> [ [GNN-SFT]-ENC => GM => DEC-BIN ] -> Onehot
Train - Original,0.5036598493003229,0.042015790939331055,0,0,Unknown,8.016037702560425,0.003638029098510742,CreditDefault,XGBClassifier,10,onehot,onehot,Onehot -> [ GNN-MultiHead-Encoded => GM => Decoded-Binary ] -> Onehot,GM,GNN-MultiHead,encoded,decoded,True,centroid,Onehot -> [ [GNN-SFT]-ENC => GM => DEC-BIN ] -> Onehot
Val,0.49931484732901454,0.042015790939331055,0,0,Unknown,8.016037702560425,0.0019216537475585938,CreditDefault,XGBClassifier,10,onehot,onehot,Onehot -> [ GNN-MultiHead-Encoded => GM => Decoded-Binary ] -> Onehot,GM,GNN-MultiHead,encoded,decoded,True,centroid,Onehot -> [ [GNN-SFT]-ENC => GM => DEC-BIN ] -> Onehot
Test,0.4966579887388751,0.042015790939331055,0,0,Unknown,8.016037702560425,0.0018661022186279297,CreditDefault,XGBClassifier,10,onehot,onehot,Onehot -> [ GNN-MultiHead-Encoded => GM => Decoded-Binary ] -> Onehot,GM,GNN-MultiHead,encoded,decoded,True,centroid,Onehot -> [ [GNN-SFT]-ENC => GM => DEC-BIN ] -> Onehot
Train,1.0,0.027246952056884766,0,0,Unknown,7.931305885314941,0.0019097328186035156,CreditDefault,XGBClassifier,10,onehot,onehot,Onehot -> [ GNN-MultiHead-Encoded => GM => Encoded ] -> Onehot,GM,GNN-MultiHead,encoded,encoded,False,centroid,Onehot -> [ [GNN-SFT]-ENC => GM => ENC ] -> Onehot
Train - Original,0.6631862217438105,0.027246952056884766,0,0,Unknown,7.931305885314941,0.0027904510498046875,CreditDefault,XGBClassifier,10,onehot,onehot,Onehot -> [ GNN-MultiHead-Encoded => GM => Encoded ] -> Onehot,GM,GNN-MultiHead,encoded,encoded,False,centroid,Onehot -> [ [GNN-SFT]-ENC => GM => ENC ] -> Onehot
Val,0.6488769146939517,0.027246952056884766,0,0,Unknown,7.931305885314941,0.0016450881958007812,CreditDefault,XGBClassifier,10,onehot,onehot,Onehot -> [ GNN-MultiHead-Encoded => GM => Encoded ] -> Onehot,GM,GNN-MultiHead,encoded,encoded,False,centroid,Onehot -> [ [GNN-SFT]-ENC => GM => ENC ] -> Onehot
Test,0.6620118665617243,0.027246952056884766,0,0,Unknown,7.931305885314941,0.0016138553619384766,CreditDefault,XGBClassifier,10,onehot,onehot,Onehot -> [ GNN-MultiHead-Encoded => GM => Encoded ] -> Onehot,GM,GNN-MultiHead,encoded,encoded,False,centroid,Onehot -> [ [GNN-SFT]-ENC => GM => ENC ] -> Onehot
Train,1.0,0.033400535583496094,0,0,Unknown,7.912562131881714,0.0020563602447509766,CreditDefault,XGBClassifier,10,onehot,onehot,Onehot -> [ GNN-MultiHead-Encoded => GM => Decoded ] -> Onehot,GM,GNN-MultiHead,encoded,decoded,False,centroid,Onehot -> [ [GNN-SFT]-ENC => GM => DEC ] -> Onehot
Train - Original,0.5005382131324004,0.033400535583496094,0,0,Unknown,7.912562131881714,0.003771066665649414,CreditDefault,XGBClassifier,10,onehot,onehot,Onehot -> [ GNN-MultiHead-Encoded => GM => Decoded ] -> Onehot,GM,GNN-MultiHead,encoded,decoded,False,centroid,Onehot -> [ [GNN-SFT]-ENC => GM => DEC ] -> Onehot
Val,0.4995055599281548,0.033400535583496094,0,0,Unknown,7.912562131881714,0.0020661354064941406,CreditDefault,XGBClassifier,10,onehot,onehot,Onehot -> [ GNN-MultiHead-Encoded => GM => Decoded ] -> Onehot,GM,GNN-MultiHead,encoded,decoded,False,centroid,Onehot -> [ [GNN-SFT]-ENC => GM => DEC ] -> Onehot
Test,0.4989884159754597,0.033400535583496094,0,0,Unknown,7.912562131881714,0.002043008804321289,CreditDefault,XGBClassifier,10,onehot,onehot,Onehot -> [ GNN-MultiHead-Encoded => GM => Decoded ] -> Onehot,GM,GNN-MultiHead,encoded,decoded,False,centroid,Onehot -> [ [GNN-SFT]-ENC => GM => DEC ] -> Onehot
Train,0.95,0.0442502498626709,0,0,Unknown,8.031497955322266,0.0020804405212402344,CreditDefault,XGBClassifier,10,onehot,onehot,Onehot -> [ GNN-MultiHead-Encoded => GM => Decoded-Binary ] -> Onehot,GM,GNN-MultiHead,encoded,decoded,True,centroid,Onehot -> [ [GNN-SFT]-ENC => GM => DEC-BIN ] -> Onehot
Train - Original,0.5968783638320776,0.0442502498626709,0,0,Unknown,8.031497955322266,0.003559589385986328,CreditDefault,XGBClassifier,10,onehot,onehot,Onehot -> [ GNN-MultiHead-Encoded => GM => Decoded-Binary ] -> Onehot,GM,GNN-MultiHead,encoded,decoded,True,centroid,Onehot -> [ [GNN-SFT]-ENC => GM => DEC-BIN ] -> Onehot
Val,0.5852873806784928,0.0442502498626709,0,0,Unknown,8.031497955322266,0.0018515586853027344,CreditDefault,XGBClassifier,10,onehot,onehot,Onehot -> [ GNN-MultiHead-Encoded => GM => Decoded-Binary ] -> Onehot,GM,GNN-MultiHead,encoded,decoded,True,centroid,Onehot -> [ [GNN-SFT]-ENC => GM => DEC-BIN ] -> Onehot
Test,0.5990413916974431,0.0442502498626709,0,0,Unknown,8.031497955322266,0.0018460750579833984,CreditDefault,XGBClassifier,10,onehot,onehot,Onehot -> [ GNN-MultiHead-Encoded => GM => Decoded-Binary ] -> Onehot,GM,GNN-MultiHead,encoded,decoded,True,centroid,Onehot -> [ [GNN-SFT]-ENC => GM => DEC-BIN ] -> Onehot
Train,1.0,0.036916494369506836,0,0,Unknown,7.960663318634033,0.0017788410186767578,CreditDefault,XGBClassifier,10,onehot,onehot,Onehot -> [ GNN-MultiHead-Encoded => GM => Encoded ] -> Onehot,GM,GNN-MultiHead,encoded,encoded,False,centroid,Onehot -> [ [GNN-SFT]-ENC => GM => ENC ] -> Onehot
Train - Original,0.6182992465016146,0.036916494369506836,0,0,Unknown,7.960663318634033,0.0028619766235351562,CreditDefault,XGBClassifier,10,onehot,onehot,Onehot -> [ GNN-MultiHead-Encoded => GM => Encoded ] -> Onehot,GM,GNN-MultiHead,encoded,encoded,False,centroid,Onehot -> [ [GNN-SFT]-ENC => GM => ENC ] -> Onehot
Val,0.5935874149865795,0.036916494369506836,0,0,Unknown,7.960663318634033,0.0016834735870361328,CreditDefault,XGBClassifier,10,onehot,onehot,Onehot -> [ GNN-MultiHead-Encoded => GM => Encoded ] -> Onehot,GM,GNN-MultiHead,encoded,encoded,False,centroid,Onehot -> [ [GNN-SFT]-ENC => GM => ENC ] -> Onehot
Test,0.5962543641904301,0.036916494369506836,0,0,Unknown,7.960663318634033,0.0016584396362304688,CreditDefault,XGBClassifier,10,onehot,onehot,Onehot -> [ GNN-MultiHead-Encoded => GM => Encoded ] -> Onehot,GM,GNN-MultiHead,encoded,encoded,False,centroid,Onehot -> [ [GNN-SFT]-ENC => GM => ENC ] -> Onehot
Train,1.0,0.028706789016723633,0,0,Unknown,7.988605737686157,0.001825094223022461,CreditDefault,XGBClassifier,10,onehot,onehot,Onehot -> [ GNN-MultiHead-Encoded => GM => Decoded ] -> Onehot,GM,GNN-MultiHead,encoded,decoded,False,centroid,Onehot -> [ [GNN-SFT]-ENC => GM => DEC ] -> Onehot
Train - Original,0.580086114101184,0.028706789016723633,0,0,Unknown,7.988605737686157,0.0036323070526123047,CreditDefault,XGBClassifier,10,onehot,onehot,Onehot -> [ GNN-MultiHead-Encoded => GM => Decoded ] -> Onehot,GM,GNN-MultiHead,encoded,decoded,False,centroid,Onehot -> [ [GNN-SFT]-ENC => GM => DEC ] -> Onehot
Val,0.5897085830760227,0.028706789016723633,0,0,Unknown,7.988605737686157,0.0019099712371826172,CreditDefault,XGBClassifier,10,onehot,onehot,Onehot -> [ GNN-MultiHead-Encoded => GM => Decoded ] -> Onehot,GM,GNN-MultiHead,encoded,decoded,False,centroid,Onehot -> [ [GNN-SFT]-ENC => GM => DEC ] -> Onehot
Test,0.6006568989525942,0.028706789016723633,0,0,Unknown,7.988605737686157,0.0018587112426757812,CreditDefault,XGBClassifier,10,onehot,onehot,Onehot -> [ GNN-MultiHead-Encoded => GM => Decoded ] -> Onehot,GM,GNN-MultiHead,encoded,decoded,False,centroid,Onehot -> [ [GNN-SFT]-ENC => GM => DEC ] -> Onehot
Train,0.95,0.04124331474304199,0,0,Unknown,7.94413948059082,0.0018520355224609375,CreditDefault,XGBClassifier,10,onehot,onehot,Onehot -> [ GNN-MultiHead-Encoded => GM => Decoded-Binary ] -> Onehot,GM,GNN-MultiHead,encoded,decoded,True,centroid,Onehot -> [ [GNN-SFT]-ENC => GM => DEC-BIN ] -> Onehot
Train - Original,0.4907427341227126,0.04124331474304199,0,0,Unknown,7.94413948059082,0.0035271644592285156,CreditDefault,XGBClassifier,10,onehot,onehot,Onehot -> [ GNN-MultiHead-Encoded => GM => Decoded-Binary ] -> Onehot,GM,GNN-MultiHead,encoded,decoded,True,centroid,Onehot -> [ [GNN-SFT]-ENC => GM => DEC-BIN ] -> Onehot
Val,0.49508082581582613,0.04124331474304199,0,0,Unknown,7.94413948059082,0.0018954277038574219,CreditDefault,XGBClassifier,10,onehot,onehot,Onehot -> [ GNN-MultiHead-Encoded => GM => Decoded-Binary ] -> Onehot,GM,GNN-MultiHead,encoded,decoded,True,centroid,Onehot -> [ [GNN-SFT]-ENC => GM => DEC-BIN ] -> Onehot
Test,0.4953820306351032,0.04124331474304199,0,0,Unknown,7.94413948059082,0.0018706321716308594,CreditDefault,XGBClassifier,10,onehot,onehot,Onehot -> [ GNN-MultiHead-Encoded => GM => Decoded-Binary ] -> Onehot,GM,GNN-MultiHead,encoded,decoded,True,centroid,Onehot -> [ [GNN-SFT]-ENC => GM => DEC-BIN ] -> Onehot
Train,0.95,0.030090808868408203,0,0,Unknown,7.8956968784332275,0.0016353130340576172,CreditDefault,XGBClassifier,10,onehot,onehot,Onehot -> [ GNN-MultiHead-Encoded => GM => Encoded ] -> Onehot,GM,GNN-MultiHead,encoded,encoded,False,centroid,Onehot -> [ [GNN-SFT]-ENC => GM => ENC ] -> Onehot
Train - Original,0.5489773950484391,0.030090808868408203,0,0,Unknown,7.8956968784332275,0.002797842025756836,CreditDefault,XGBClassifier,10,onehot,onehot,Onehot -> [ GNN-MultiHead-Encoded => GM => Encoded ] -> Onehot,GM,GNN-MultiHead,encoded,encoded,False,centroid,Onehot -> [ [GNN-SFT]-ENC => GM => ENC ] -> Onehot
Val,0.54244969829065,0.030090808868408203,0,0,Unknown,7.8956968784332275,0.0016586780548095703,CreditDefault,XGBClassifier,10,onehot,onehot,Onehot -> [ GNN-MultiHead-Encoded => GM => Encoded ] -> Onehot,GM,GNN-MultiHead,encoded,encoded,False,centroid,Onehot -> [ [GNN-SFT]-ENC => GM => ENC ] -> Onehot
Test,0.5378937862000767,0.030090808868408203,0,0,Unknown,7.8956968784332275,0.0016453266143798828,CreditDefault,XGBClassifier,10,onehot,onehot,Onehot -> [ GNN-MultiHead-Encoded => GM => Encoded ] -> Onehot,GM,GNN-MultiHead,encoded,encoded,False,centroid,Onehot -> [ [GNN-SFT]-ENC => GM => ENC ] -> Onehot
Train,1.0,0.05280113220214844,0,0,Unknown,14.998352527618408,0.0024673938751220703,CreditDefault,XGBClassifier,10,onehot,onehot,Onehot -> [ GNN-MultiHead-Encoded => GM => Decoded ] -> Onehot,GM,GNN-MultiHead,encoded,decoded,False,centroid,Onehot -> [ [GNN-SFT]-ENC => GM => DEC ] -> Onehot
Train - Original,0.4998923573735199,0.05280113220214844,0,0,Unknown,14.998352527618408,0.0041790008544921875,CreditDefault,XGBClassifier,10,onehot,onehot,Onehot -> [ GNN-MultiHead-Encoded => GM => Decoded ] -> Onehot,GM,GNN-MultiHead,encoded,decoded,False,centroid,Onehot -> [ [GNN-SFT]-ENC => GM => DEC ] -> Onehot
Val,0.5,0.05280113220214844,0,0,Unknown,14.998352527618408,0.0022563934326171875,CreditDefault,XGBClassifier,10,onehot,onehot,Onehot -> [ GNN-MultiHead-Encoded => GM => Decoded ] -> Onehot,GM,GNN-MultiHead,encoded,decoded,False,centroid,Onehot -> [ [GNN-SFT]-ENC => GM => DEC ] -> Onehot
Test,0.5,0.05280113220214844,0,0,Unknown,14.998352527618408,0.0022118091583251953,CreditDefault,XGBClassifier,10,onehot,onehot,Onehot -> [ GNN-MultiHead-Encoded => GM => Decoded ] -> Onehot,GM,GNN-MultiHead,encoded,decoded,False,centroid,Onehot -> [ [GNN-SFT]-ENC => GM => DEC ] -> Onehot
Train,1.0,0.10029745101928711,0,0,Unknown,14.894820928573608,0.0023012161254882812,CreditDefault,XGBClassifier,10,onehot,onehot,Onehot -> [ GNN-MultiHead-Encoded => GM => Decoded-Binary ] -> Onehot,GM,GNN-MultiHead,encoded,decoded,True,centroid,Onehot -> [ [GNN-SFT]-ENC => GM => DEC-BIN ] -> Onehot
Train - Original,0.49935414424111946,0.10029745101928711,0,0,Unknown,14.894820928573608,0.004517555236816406,CreditDefault,XGBClassifier,10,onehot,onehot,Onehot -> [ GNN-MultiHead-Encoded => GM => Decoded-Binary ] -> Onehot,GM,GNN-MultiHead,encoded,decoded,True,centroid,Onehot -> [ [GNN-SFT]-ENC => GM => DEC-BIN ] -> Onehot
Val,0.4946474339569332,0.10029745101928711,0,0,Unknown,14.894820928573608,0.0023097991943359375,CreditDefault,XGBClassifier,10,onehot,onehot,Onehot -> [ GNN-MultiHead-Encoded => GM => Decoded-Binary ] -> Onehot,GM,GNN-MultiHead,encoded,decoded,True,centroid,Onehot -> [ [GNN-SFT]-ENC => GM => DEC-BIN ] -> Onehot
Test,0.5164088514863474,0.10029745101928711,0,0,Unknown,14.894820928573608,0.002378702163696289,CreditDefault,XGBClassifier,10,onehot,onehot,Onehot -> [ GNN-MultiHead-Encoded => GM => Decoded-Binary ] -> Onehot,GM,GNN-MultiHead,encoded,decoded,True,centroid,Onehot -> [ [GNN-SFT]-ENC => GM => DEC-BIN ] -> Onehot
Train,1.0,0.07845640182495117,0,0,Unknown,14.97303032875061,0.002421140670776367,CreditDefault,XGBClassifier,10,onehot,onehot,Onehot -> [ GNN-MultiHead-Encoded => GM => Encoded ] -> Onehot,GM,GNN-MultiHead,encoded,encoded,False,centroid,Onehot -> [ [GNN-SFT]-ENC => GM => ENC ] -> Onehot
Train - Original,0.6170075349838535,0.07845640182495117,0,0,Unknown,14.97303032875061,0.003499269485473633,CreditDefault,XGBClassifier,10,onehot,onehot,Onehot -> [ GNN-MultiHead-Encoded => GM => Encoded ] -> Onehot,GM,GNN-MultiHead,encoded,encoded,False,centroid,Onehot -> [ [GNN-SFT]-ENC => GM => ENC ] -> Onehot
Val,0.6363635446307845,0.07845640182495117,0,0,Unknown,14.97303032875061,0.002008199691772461,CreditDefault,XGBClassifier,10,onehot,onehot,Onehot -> [ GNN-MultiHead-Encoded => GM => Encoded ] -> Onehot,GM,GNN-MultiHead,encoded,encoded,False,centroid,Onehot -> [ [GNN-SFT]-ENC => GM => ENC ] -> Onehot
Test,0.6157741518839176,0.07845640182495117,0,0,Unknown,14.97303032875061,0.0019464492797851562,CreditDefault,XGBClassifier,10,onehot,onehot,Onehot -> [ GNN-MultiHead-Encoded => GM => Encoded ] -> Onehot,GM,GNN-MultiHead,encoded,encoded,False,centroid,Onehot -> [ [GNN-SFT]-ENC => GM => ENC ] -> Onehot
Train,0.975,0.09784531593322754,0,0,Unknown,15.459182500839233,0.002834796905517578,CreditDefault,XGBClassifier,20,onehot,onehot,Onehot -> [ GM => Original ] -> Onehot,GM,N/A,original,original,False,centroid,Onehot -> [ GM => ORI ] -> Onehot
Train - Original,0.5776103336921421,0.09784531593322754,0,0,Unknown,15.459182500839233,0.01172018051147461,CreditDefault,XGBClassifier,20,onehot,onehot,Onehot -> [ GM => Original ] -> Onehot,GM,N/A,original,original,False,centroid,Onehot -> [ GM => ORI ] -> Onehot
Val,0.581587152630623,0.09784531593322754,0,0,Unknown,15.459182500839233,0.00308990478515625,CreditDefault,XGBClassifier,20,onehot,onehot,Onehot -> [ GM => Original ] -> Onehot,GM,N/A,original,original,False,centroid,Onehot -> [ GM => ORI ] -> Onehot
Test,0.5886717725172045,0.09784531593322754,0,0,Unknown,15.459182500839233,0.0034067630767822266,CreditDefault,XGBClassifier,20,onehot,onehot,Onehot -> [ GM => Original ] -> Onehot,GM,N/A,original,original,False,centroid,Onehot -> [ GM => ORI ] -> Onehot
Train,0.975,0.12637972831726074,0,0,Unknown,15.434527158737183,0.002323150634765625,CreditDefault,XGBClassifier,20,onehot,onehot,Onehot -> [ GM => Original ] -> Onehot,GM,N/A,original,original,False,centroid,Onehot -> [ GM => ORI ] -> Onehot
Train - Original,0.6227125941872982,0.12637972831726074,0,0,Unknown,15.434527158737183,0.004637479782104492,CreditDefault,XGBClassifier,20,onehot,onehot,Onehot -> [ GM => Original ] -> Onehot,GM,N/A,original,original,False,centroid,Onehot -> [ GM => ORI ] -> Onehot
Val,0.6152852616496136,0.12637972831726074,0,0,Unknown,15.434527158737183,0.002321004867553711,CreditDefault,XGBClassifier,20,onehot,onehot,Onehot -> [ GM => Original ] -> Onehot,GM,N/A,original,original,False,centroid,Onehot -> [ GM => ORI ] -> Onehot
Test,0.6252981776351638,0.12637972831726074,0,0,Unknown,15.434527158737183,0.0022957324981689453,CreditDefault,XGBClassifier,20,onehot,onehot,Onehot -> [ GM => Original ] -> Onehot,GM,N/A,original,original,False,centroid,Onehot -> [ GM => ORI ] -> Onehot
Train,0.975,0.12885618209838867,0,0,Unknown,15.362255334854126,0.0027430057525634766,CreditDefault,XGBClassifier,20,onehot,onehot,Onehot -> [ GM => Original ] -> Onehot,GM,N/A,original,original,False,centroid,Onehot -> [ GM => ORI ] -> Onehot
Train - Original,0.5754574811625404,0.12885618209838867,0,0,Unknown,15.362255334854126,0.006392478942871094,CreditDefault,XGBClassifier,20,onehot,onehot,Onehot -> [ GM => Original ] -> Onehot,GM,N/A,original,original,False,centroid,Onehot -> [ GM => ORI ] -> Onehot
Val,0.5942185828742104,0.12885618209838867,0,0,Unknown,15.362255334854126,0.002914905548095703,CreditDefault,XGBClassifier,20,onehot,onehot,Onehot -> [ GM => Original ] -> Onehot,GM,N/A,original,original,False,centroid,Onehot -> [ GM => ORI ] -> Onehot
Test,0.5680112409436742,0.12885618209838867,0,0,Unknown,15.362255334854126,0.0030896663665771484,CreditDefault,XGBClassifier,20,onehot,onehot,Onehot -> [ GM => Original ] -> Onehot,GM,N/A,original,original,False,centroid,Onehot -> [ GM => ORI ] -> Onehot
Train,0.95,0.10894417762756348,0,0,Unknown,15.523537635803223,0.0024871826171875,CreditDefault,XGBClassifier,20,onehot,onehot,Onehot -> [ GM => Original ] -> Onehot,GM,N/A,original,original,False,centroid,Onehot -> [ GM => ORI ] -> Onehot
Train - Original,0.5944025834230355,0.10894417762756348,0,0,Unknown,15.523537635803223,0.0061187744140625,CreditDefault,XGBClassifier,20,onehot,onehot,Onehot -> [ GM => Original ] -> Onehot,GM,N/A,original,original,False,centroid,Onehot -> [ GM => ORI ] -> Onehot
Val,0.6037567354846521,0.10894417762756348,0,0,Unknown,15.523537635803223,0.0034406185150146484,CreditDefault,XGBClassifier,20,onehot,onehot,Onehot -> [ GM => Original ] -> Onehot,GM,N/A,original,original,False,centroid,Onehot -> [ GM => ORI ] -> Onehot
Test,0.5956484228370769,0.10894417762756348,0,0,Unknown,15.523537635803223,0.0027942657470703125,CreditDefault,XGBClassifier,20,onehot,onehot,Onehot -> [ GM => Original ] -> Onehot,GM,N/A,original,original,False,centroid,Onehot -> [ GM => ORI ] -> Onehot
Train,0.9,1.136246919631958,0,0,Unknown,15.604700565338135,0.002174854278564453,CreditDefault,XGBClassifier,20,onehot,onehot,Onehot -> [ GM => Original ] -> Onehot,GM,N/A,original,original,False,centroid,Onehot -> [ GM => ORI ] -> Onehot
Train - Original,0.6371367061356297,1.136246919631958,0,0,Unknown,15.604700565338135,0.004269599914550781,CreditDefault,XGBClassifier,20,onehot,onehot,Onehot -> [ GM => Original ] -> Onehot,GM,N/A,original,original,False,centroid,Onehot -> [ GM => ORI ] -> Onehot
Val,0.6243748864805957,1.136246919631958,0,0,Unknown,15.604700565338135,0.002166748046875,CreditDefault,XGBClassifier,20,onehot,onehot,Onehot -> [ GM => Original ] -> Onehot,GM,N/A,original,original,False,centroid,Onehot -> [ GM => ORI ] -> Onehot
Test,0.6131949910193538,1.136246919631958,0,0,Unknown,15.604700565338135,0.002029895782470703,CreditDefault,XGBClassifier,20,onehot,onehot,Onehot -> [ GM => Original ] -> Onehot,GM,N/A,original,original,False,centroid,Onehot -> [ GM => ORI ] -> Onehot
Train,1.0,0.035086870193481445,0,0,Unknown,15.022486925125122,0.002360105514526367,CreditDefault,XGBClassifier,20,onehot,onehot,Onehot -> [ GNN-MultiHead-Encoded => GM => Decoded ] -> Onehot,GM,GNN-MultiHead,encoded,decoded,False,centroid,Onehot -> [ [GNN-SFT]-ENC => GM => DEC ] -> Onehot
Train - Original,0.4155005382131324,0.035086870193481445,0,0,Unknown,15.022486925125122,0.004439115524291992,CreditDefault,XGBClassifier,20,onehot,onehot,Onehot -> [ GNN-MultiHead-Encoded => GM => Decoded ] -> Onehot,GM,GNN-MultiHead,encoded,decoded,False,centroid,Onehot -> [ [GNN-SFT]-ENC => GM => DEC ] -> Onehot
Val,0.41834322213477027,0.035086870193481445,0,0,Unknown,15.022486925125122,0.0022051334381103516,CreditDefault,XGBClassifier,20,onehot,onehot,Onehot -> [ GNN-MultiHead-Encoded => GM => Decoded ] -> Onehot,GM,GNN-MultiHead,encoded,decoded,False,centroid,Onehot -> [ [GNN-SFT]-ENC => GM => DEC ] -> Onehot
Test,0.4063707089665194,0.035086870193481445,0,0,Unknown,15.022486925125122,0.002259492874145508,CreditDefault,XGBClassifier,20,onehot,onehot,Onehot -> [ GNN-MultiHead-Encoded => GM => Decoded ] -> Onehot,GM,GNN-MultiHead,encoded,decoded,False,centroid,Onehot -> [ [GNN-SFT]-ENC => GM => DEC ] -> Onehot
Train,1.0,0.0624234676361084,0,0,Unknown,14.820191144943237,0.0024547576904296875,CreditDefault,XGBClassifier,20,onehot,onehot,Onehot -> [ GNN-MultiHead-Encoded => GM => Decoded-Binary ] -> Onehot,GM,GNN-MultiHead,encoded,decoded,True,centroid,Onehot -> [ [GNN-SFT]-ENC => GM => DEC-BIN ] -> Onehot
Train - Original,0.5544671689989236,0.0624234676361084,0,0,Unknown,14.820191144943237,0.004606962203979492,CreditDefault,XGBClassifier,20,onehot,onehot,Onehot -> [ GNN-MultiHead-Encoded => GM => Decoded-Binary ] -> Onehot,GM,GNN-MultiHead,encoded,decoded,True,centroid,Onehot -> [ [GNN-SFT]-ENC => GM => DEC-BIN ] -> Onehot
Val,0.5513839276704808,0.0624234676361084,0,0,Unknown,14.820191144943237,0.0024445056915283203,CreditDefault,XGBClassifier,20,onehot,onehot,Onehot -> [ GNN-MultiHead-Encoded => GM => Decoded-Binary ] -> Onehot,GM,GNN-MultiHead,encoded,decoded,True,centroid,Onehot -> [ [GNN-SFT]-ENC => GM => DEC-BIN ] -> Onehot
Test,0.5721645375471736,0.0624234676361084,0,0,Unknown,14.820191144943237,0.002488374710083008,CreditDefault,XGBClassifier,20,onehot,onehot,Onehot -> [ GNN-MultiHead-Encoded => GM => Decoded-Binary ] -> Onehot,GM,GNN-MultiHead,encoded,decoded,True,centroid,Onehot -> [ [GNN-SFT]-ENC => GM => DEC-BIN ] -> Onehot
Train,1.0,0.04430127143859863,0,0,Unknown,14.84387993812561,0.0021886825561523438,CreditDefault,XGBClassifier,20,onehot,onehot,Onehot -> [ GNN-MultiHead-Encoded => GM => Encoded ] -> Onehot,GM,GNN-MultiHead,encoded,encoded,False,centroid,Onehot -> [ [GNN-SFT]-ENC => GM => ENC ] -> Onehot
Train - Original,0.6419806243272337,0.04430127143859863,0,0,Unknown,14.84387993812561,0.003448963165283203,CreditDefault,XGBClassifier,20,onehot,onehot,Onehot -> [ GNN-MultiHead-Encoded => GM => Encoded ] -> Onehot,GM,GNN-MultiHead,encoded,encoded,False,centroid,Onehot -> [ [GNN-SFT]-ENC => GM => ENC ] -> Onehot
Val,0.6584529071058102,0.04430127143859863,0,0,Unknown,14.84387993812561,0.001992464065551758,CreditDefault,XGBClassifier,20,onehot,onehot,Onehot -> [ GNN-MultiHead-Encoded => GM => Encoded ] -> Onehot,GM,GNN-MultiHead,encoded,encoded,False,centroid,Onehot -> [ [GNN-SFT]-ENC => GM => ENC ] -> Onehot
Test,0.6705238037577446,0.04430127143859863,0,0,Unknown,14.84387993812561,0.0019483566284179688,CreditDefault,XGBClassifier,20,onehot,onehot,Onehot -> [ GNN-MultiHead-Encoded => GM => Encoded ] -> Onehot,GM,GNN-MultiHead,encoded,encoded,False,centroid,Onehot -> [ [GNN-SFT]-ENC => GM => ENC ] -> Onehot
Train,1.0,0.03538393974304199,0,0,Unknown,14.876271486282349,0.002035379409790039,CreditDefault,XGBClassifier,20,onehot,onehot,Onehot -> [ GNN-MultiHead-Encoded => GM => Decoded ] -> Onehot,GM,GNN-MultiHead,encoded,decoded,False,centroid,Onehot -> [ [GNN-SFT]-ENC => GM => DEC ] -> Onehot
Train - Original,0.5,0.03538393974304199,0,0,Unknown,14.876271486282349,0.003892183303833008,CreditDefault,XGBClassifier,20,onehot,onehot,Onehot -> [ GNN-MultiHead-Encoded => GM => Decoded ] -> Onehot,GM,GNN-MultiHead,encoded,decoded,False,centroid,Onehot -> [ [GNN-SFT]-ENC => GM => DEC ] -> Onehot
Val,0.5,0.03538393974304199,0,0,Unknown,14.876271486282349,0.0021331310272216797,CreditDefault,XGBClassifier,20,onehot,onehot,Onehot -> [ GNN-MultiHead-Encoded => GM => Decoded ] -> Onehot,GM,GNN-MultiHead,encoded,decoded,False,centroid,Onehot -> [ [GNN-SFT]-ENC => GM => DEC ] -> Onehot
Test,0.5,0.03538393974304199,0,0,Unknown,14.876271486282349,0.0021004676818847656,CreditDefault,XGBClassifier,20,onehot,onehot,Onehot -> [ GNN-MultiHead-Encoded => GM => Decoded ] -> Onehot,GM,GNN-MultiHead,encoded,decoded,False,centroid,Onehot -> [ [GNN-SFT]-ENC => GM => DEC ] -> Onehot
Train,1.0,0.06143307685852051,0,0,Unknown,14.850635528564453,0.0025267601013183594,CreditDefault,XGBClassifier,20,onehot,onehot,Onehot -> [ GNN-MultiHead-Encoded => GM => Decoded-Binary ] -> Onehot,GM,GNN-MultiHead,encoded,decoded,True,centroid,Onehot -> [ [GNN-SFT]-ENC => GM => DEC-BIN ] -> Onehot
Train - Original,0.4607104413347686,0.06143307685852051,0,0,Unknown,14.850635528564453,0.004567623138427734,CreditDefault,XGBClassifier,20,onehot,onehot,Onehot -> [ GNN-MultiHead-Encoded => GM => Decoded-Binary ] -> Onehot,GM,GNN-MultiHead,encoded,decoded,True,centroid,Onehot -> [ [GNN-SFT]-ENC => GM => DEC-BIN ] -> Onehot
Val,0.4646631753143226,0.06143307685852051,0,0,Unknown,14.850635528564453,0.0022394657135009766,CreditDefault,XGBClassifier,20,onehot,onehot,Onehot -> [ GNN-MultiHead-Encoded => GM => Decoded-Binary ] -> Onehot,GM,GNN-MultiHead,encoded,decoded,True,centroid,Onehot -> [ [GNN-SFT]-ENC => GM => DEC-BIN ] -> Onehot
Test,0.4414103650784041,0.06143307685852051,0,0,Unknown,14.850635528564453,0.002230405807495117,CreditDefault,XGBClassifier,20,onehot,onehot,Onehot -> [ GNN-MultiHead-Encoded => GM => Decoded-Binary ] -> Onehot,GM,GNN-MultiHead,encoded,decoded,True,centroid,Onehot -> [ [GNN-SFT]-ENC => GM => DEC-BIN ] -> Onehot
Train,1.0,0.03929638862609863,0,0,Unknown,14.918241024017334,0.002034902572631836,CreditDefault,XGBClassifier,20,onehot,onehot,Onehot -> [ GNN-MultiHead-Encoded => GM => Encoded ] -> Onehot,GM,GNN-MultiHead,encoded,encoded,False,centroid,Onehot -> [ [GNN-SFT]-ENC => GM => ENC ] -> Onehot
Train - Original,0.6681377825618946,0.03929638862609863,0,0,Unknown,14.918241024017334,0.003403902053833008,CreditDefault,XGBClassifier,20,onehot,onehot,Onehot -> [ GNN-MultiHead-Encoded => GM => Encoded ] -> Onehot,GM,GNN-MultiHead,encoded,encoded,False,centroid,Onehot -> [ [GNN-SFT]-ENC => GM => ENC ] -> Onehot
Val,0.6529050876874332,0.03929638862609863,0,0,Unknown,14.918241024017334,0.0019421577453613281,CreditDefault,XGBClassifier,20,onehot,onehot,Onehot -> [ GNN-MultiHead-Encoded => GM => Encoded ] -> Onehot,GM,GNN-MultiHead,encoded,encoded,False,centroid,Onehot -> [ [GNN-SFT]-ENC => GM => ENC ] -> Onehot
Test,0.6479435329256726,0.03929638862609863,0,0,Unknown,14.918241024017334,0.0019073486328125,CreditDefault,XGBClassifier,20,onehot,onehot,Onehot -> [ GNN-MultiHead-Encoded => GM => Encoded ] -> Onehot,GM,GNN-MultiHead,encoded,encoded,False,centroid,Onehot -> [ [GNN-SFT]-ENC => GM => ENC ] -> Onehot
Train,1.0,0.029266834259033203,0,0,Unknown,15.004022359848022,0.0018641948699951172,CreditDefault,XGBClassifier,20,onehot,onehot,Onehot -> [ GNN-MultiHead-Encoded => GM => Decoded ] -> Onehot,GM,GNN-MultiHead,encoded,decoded,False,centroid,Onehot -> [ [GNN-SFT]-ENC => GM => DEC ] -> Onehot
Train - Original,0.5,0.029266834259033203,0,0,Unknown,15.004022359848022,0.003625631332397461,CreditDefault,XGBClassifier,20,onehot,onehot,Onehot -> [ GNN-MultiHead-Encoded => GM => Decoded ] -> Onehot,GM,GNN-MultiHead,encoded,decoded,False,centroid,Onehot -> [ [GNN-SFT]-ENC => GM => DEC ] -> Onehot
Val,0.5,0.029266834259033203,0,0,Unknown,15.004022359848022,0.001794576644897461,CreditDefault,XGBClassifier,20,onehot,onehot,Onehot -> [ GNN-MultiHead-Encoded => GM => Decoded ] -> Onehot,GM,GNN-MultiHead,encoded,decoded,False,centroid,Onehot -> [ [GNN-SFT]-ENC => GM => DEC ] -> Onehot
Test,0.5,0.029266834259033203,0,0,Unknown,15.004022359848022,0.0017955303192138672,CreditDefault,XGBClassifier,20,onehot,onehot,Onehot -> [ GNN-MultiHead-Encoded => GM => Decoded ] -> Onehot,GM,GNN-MultiHead,encoded,decoded,False,centroid,Onehot -> [ [GNN-SFT]-ENC => GM => DEC ] -> Onehot
Train,1.0,0.05722546577453613,0,0,Unknown,14.961518287658691,0.0024309158325195312,CreditDefault,XGBClassifier,20,onehot,onehot,Onehot -> [ GNN-MultiHead-Encoded => GM => Decoded-Binary ] -> Onehot,GM,GNN-MultiHead,encoded,decoded,True,centroid,Onehot -> [ [GNN-SFT]-ENC => GM => DEC-BIN ] -> Onehot
Train - Original,0.5607104413347686,0.05722546577453613,0,0,Unknown,14.961518287658691,0.00424504280090332,CreditDefault,XGBClassifier,20,onehot,onehot,Onehot -> [ GNN-MultiHead-Encoded => GM => Decoded-Binary ] -> Onehot,GM,GNN-MultiHead,encoded,decoded,True,centroid,Onehot -> [ [GNN-SFT]-ENC => GM => DEC-BIN ] -> Onehot
Val,0.5571653447962706,0.05722546577453613,0,0,Unknown,14.961518287658691,0.0022170543670654297,CreditDefault,XGBClassifier,20,onehot,onehot,Onehot -> [ GNN-MultiHead-Encoded => GM => Decoded-Binary ] -> Onehot,GM,GNN-MultiHead,encoded,decoded,True,centroid,Onehot -> [ [GNN-SFT]-ENC => GM => DEC-BIN ] -> Onehot
Test,0.5759374180137636,0.05722546577453613,0,0,Unknown,14.961518287658691,0.0021660327911376953,CreditDefault,XGBClassifier,20,onehot,onehot,Onehot -> [ GNN-MultiHead-Encoded => GM => Decoded-Binary ] -> Onehot,GM,GNN-MultiHead,encoded,decoded,True,centroid,Onehot -> [ [GNN-SFT]-ENC => GM => DEC-BIN ] -> Onehot
Train,1.0,0.04262971878051758,0,0,Unknown,15.0565927028656,0.002225637435913086,CreditDefault,XGBClassifier,20,onehot,onehot,Onehot -> [ GNN-MultiHead-Encoded => GM => Encoded ] -> Onehot,GM,GNN-MultiHead,encoded,encoded,False,centroid,Onehot -> [ [GNN-SFT]-ENC => GM => ENC ] -> Onehot
Train - Original,0.6059203444564047,0.04262971878051758,0,0,Unknown,15.0565927028656,0.003377199172973633,CreditDefault,XGBClassifier,20,onehot,onehot,Onehot -> [ GNN-MultiHead-Encoded => GM => Encoded ] -> Onehot,GM,GNN-MultiHead,encoded,encoded,False,centroid,Onehot -> [ [GNN-SFT]-ENC => GM => ENC ] -> Onehot
Val,0.6584776291094023,0.04262971878051758,0,0,Unknown,15.0565927028656,0.0019309520721435547,CreditDefault,XGBClassifier,20,onehot,onehot,Onehot -> [ GNN-MultiHead-Encoded => GM => Encoded ] -> Onehot,GM,GNN-MultiHead,encoded,encoded,False,centroid,Onehot -> [ [GNN-SFT]-ENC => GM => ENC ] -> Onehot
Test,0.6398579241589474,0.04262971878051758,0,0,Unknown,15.0565927028656,0.0018925666809082031,CreditDefault,XGBClassifier,20,onehot,onehot,Onehot -> [ GNN-MultiHead-Encoded => GM => Encoded ] -> Onehot,GM,GNN-MultiHead,encoded,encoded,False,centroid,Onehot -> [ [GNN-SFT]-ENC => GM => ENC ] -> Onehot
Train,1.0,0.03847336769104004,0,0,Unknown,15.011869192123413,0.0023698806762695312,CreditDefault,XGBClassifier,20,onehot,onehot,Onehot -> [ GNN-MultiHead-Encoded => GM => Decoded ] -> Onehot,GM,GNN-MultiHead,encoded,decoded,False,centroid,Onehot -> [ [GNN-SFT]-ENC => GM => DEC ] -> Onehot
Train - Original,0.51248654467169,0.03847336769104004,0,0,Unknown,15.011869192123413,0.0042209625244140625,CreditDefault,XGBClassifier,20,onehot,onehot,Onehot -> [ GNN-MultiHead-Encoded => GM => Decoded ] -> Onehot,GM,GNN-MultiHead,encoded,decoded,False,centroid,Onehot -> [ [GNN-SFT]-ENC => GM => DEC ] -> Onehot
Val,0.5015322596920345,0.03847336769104004,0,0,Unknown,15.011869192123413,0.0023217201232910156,CreditDefault,XGBClassifier,20,onehot,onehot,Onehot -> [ GNN-MultiHead-Encoded => GM => Decoded ] -> Onehot,GM,GNN-MultiHead,encoded,decoded,False,centroid,Onehot -> [ [GNN-SFT]-ENC => GM => DEC ] -> Onehot
Test,0.5165531472624165,0.03847336769104004,0,0,Unknown,15.011869192123413,0.002275228500366211,CreditDefault,XGBClassifier,20,onehot,onehot,Onehot -> [ GNN-MultiHead-Encoded => GM => Decoded ] -> Onehot,GM,GNN-MultiHead,encoded,decoded,False,centroid,Onehot -> [ [GNN-SFT]-ENC => GM => DEC ] -> Onehot
Train,0.95,0.06453418731689453,0,0,Unknown,14.906362056732178,0.0023996829986572266,CreditDefault,XGBClassifier,20,onehot,onehot,Onehot -> [ GNN-MultiHead-Encoded => GM => Decoded-Binary ] -> Onehot,GM,GNN-MultiHead,encoded,decoded,True,centroid,Onehot -> [ [GNN-SFT]-ENC => GM => DEC-BIN ] -> Onehot
Train - Original,0.4303552206673843,0.06453418731689453,0,0,Unknown,14.906362056732178,0.004752159118652344,CreditDefault,XGBClassifier,20,onehot,onehot,Onehot -> [ GNN-MultiHead-Encoded => GM => Decoded-Binary ] -> Onehot,GM,GNN-MultiHead,encoded,decoded,True,centroid,Onehot -> [ [GNN-SFT]-ENC => GM => DEC-BIN ] -> Onehot
Val,0.4297784101229037,0.06453418731689453,0,0,Unknown,14.906362056732178,0.002433300018310547,CreditDefault,XGBClassifier,20,onehot,onehot,Onehot -> [ GNN-MultiHead-Encoded => GM => Decoded-Binary ] -> Onehot,GM,GNN-MultiHead,encoded,decoded,True,centroid,Onehot -> [ [GNN-SFT]-ENC => GM => DEC-BIN ] -> Onehot
Test,0.4054812213678836,0.06453418731689453,0,0,Unknown,14.906362056732178,0.002402782440185547,CreditDefault,XGBClassifier,20,onehot,onehot,Onehot -> [ GNN-MultiHead-Encoded => GM => Decoded-Binary ] -> Onehot,GM,GNN-MultiHead,encoded,decoded,True,centroid,Onehot -> [ [GNN-SFT]-ENC => GM => DEC-BIN ] -> Onehot
Train,1.0,0.03623056411743164,0,0,Unknown,14.790482521057129,0.001739501953125,CreditDefault,XGBClassifier,20,onehot,onehot,Onehot -> [ GNN-MultiHead-Encoded => GM => Encoded ] -> Onehot,GM,GNN-MultiHead,encoded,encoded,False,centroid,Onehot -> [ [GNN-SFT]-ENC => GM => ENC ] -> Onehot
Train - Original,0.6185145317545748,0.03623056411743164,0,0,Unknown,14.790482521057129,0.0028994083404541016,CreditDefault,XGBClassifier,20,onehot,onehot,Onehot -> [ GNN-MultiHead-Encoded => GM => Encoded ] -> Onehot,GM,GNN-MultiHead,encoded,encoded,False,centroid,Onehot -> [ [GNN-SFT]-ENC => GM => ENC ] -> Onehot
Val,0.6002568061189482,0.03623056411743164,0,0,Unknown,14.790482521057129,0.0016126632690429688,CreditDefault,XGBClassifier,20,onehot,onehot,Onehot -> [ GNN-MultiHead-Encoded => GM => Encoded ] -> Onehot,GM,GNN-MultiHead,encoded,encoded,False,centroid,Onehot -> [ [GNN-SFT]-ENC => GM => ENC ] -> Onehot
Test,0.601147302778955,0.03623056411743164,0,0,Unknown,14.790482521057129,0.0016262531280517578,CreditDefault,XGBClassifier,20,onehot,onehot,Onehot -> [ GNN-MultiHead-Encoded => GM => Encoded ] -> Onehot,GM,GNN-MultiHead,encoded,encoded,False,centroid,Onehot -> [ [GNN-SFT]-ENC => GM => ENC ] -> Onehot
Train,1.0,0.026732683181762695,0,0,Unknown,14.802951574325562,0.0019419193267822266,CreditDefault,XGBClassifier,20,onehot,onehot,Onehot -> [ GNN-MultiHead-Encoded => GM => Decoded ] -> Onehot,GM,GNN-MultiHead,encoded,decoded,False,centroid,Onehot -> [ [GNN-SFT]-ENC => GM => DEC ] -> Onehot
Train - Original,0.4871905274488697,0.026732683181762695,0,0,Unknown,14.802951574325562,0.003912448883056641,CreditDefault,XGBClassifier,20,onehot,onehot,Onehot -> [ GNN-MultiHead-Encoded => GM => Decoded ] -> Onehot,GM,GNN-MultiHead,encoded,decoded,False,centroid,Onehot -> [ [GNN-SFT]-ENC => GM => DEC ] -> Onehot
Val,0.47451766866460815,0.026732683181762695,0,0,Unknown,14.802951574325562,0.0018742084503173828,CreditDefault,XGBClassifier,20,onehot,onehot,Onehot -> [ GNN-MultiHead-Encoded => GM => Decoded ] -> Onehot,GM,GNN-MultiHead,encoded,decoded,False,centroid,Onehot -> [ [GNN-SFT]-ENC => GM => DEC ] -> Onehot
Test,0.4998637767148998,0.026732683181762695,0,0,Unknown,14.802951574325562,0.0018775463104248047,CreditDefault,XGBClassifier,20,onehot,onehot,Onehot -> [ GNN-MultiHead-Encoded => GM => Decoded ] -> Onehot,GM,GNN-MultiHead,encoded,decoded,False,centroid,Onehot -> [ [GNN-SFT]-ENC => GM => DEC ] -> Onehot
Train,1.0,0.042675018310546875,0,0,Unknown,14.906195640563965,0.0018682479858398438,CreditDefault,XGBClassifier,20,onehot,onehot,Onehot -> [ GNN-MultiHead-Encoded => GM => Decoded-Binary ] -> Onehot,GM,GNN-MultiHead,encoded,decoded,True,centroid,Onehot -> [ [GNN-SFT]-ENC => GM => DEC-BIN ] -> Onehot
Train - Original,0.45511302475780413,0.042675018310546875,0,0,Unknown,14.906195640563965,0.003885984420776367,CreditDefault,XGBClassifier,20,onehot,onehot,Onehot -> [ GNN-MultiHead-Encoded => GM => Decoded-Binary ] -> Onehot,GM,GNN-MultiHead,encoded,decoded,True,centroid,Onehot -> [ [GNN-SFT]-ENC => GM => DEC-BIN ] -> Onehot
Val,0.4329650259328772,0.042675018310546875,0,0,Unknown,14.906195640563965,0.0019252300262451172,CreditDefault,XGBClassifier,20,onehot,onehot,Onehot -> [ GNN-MultiHead-Encoded => GM => Decoded-Binary ] -> Onehot,GM,GNN-MultiHead,encoded,decoded,True,centroid,Onehot -> [ [GNN-SFT]-ENC => GM => DEC-BIN ] -> Onehot
Test,0.46960253072591873,0.042675018310546875,0,0,Unknown,14.906195640563965,0.0018897056579589844,CreditDefault,XGBClassifier,20,onehot,onehot,Onehot -> [ GNN-MultiHead-Encoded => GM => Decoded-Binary ] -> Onehot,GM,GNN-MultiHead,encoded,decoded,True,centroid,Onehot -> [ [GNN-SFT]-ENC => GM => DEC-BIN ] -> Onehot
Train,1.0,0.03653120994567871,0,0,Unknown,14.938045501708984,0.002010345458984375,CreditDefault,XGBClassifier,20,onehot,onehot,Onehot -> [ GNN-MultiHead-Encoded => GM => Encoded ] -> Onehot,GM,GNN-MultiHead,encoded,encoded,False,centroid,Onehot -> [ [GNN-SFT]-ENC => GM => ENC ] -> Onehot
Train - Original,0.6595263724434877,0.03653120994567871,0,0,Unknown,14.938045501708984,0.0029604434967041016,CreditDefault,XGBClassifier,20,onehot,onehot,Onehot -> [ GNN-MultiHead-Encoded => GM => Encoded ] -> Onehot,GM,GNN-MultiHead,encoded,encoded,False,centroid,Onehot -> [ [GNN-SFT]-ENC => GM => ENC ] -> Onehot
Val,0.6751130148735647,0.03653120994567871,0,0,Unknown,14.938045501708984,0.001699686050415039,CreditDefault,XGBClassifier,20,onehot,onehot,Onehot -> [ GNN-MultiHead-Encoded => GM => Encoded ] -> Onehot,GM,GNN-MultiHead,encoded,encoded,False,centroid,Onehot -> [ [GNN-SFT]-ENC => GM => ENC ] -> Onehot
Test,0.6598898104982744,0.03653120994567871,0,0,Unknown,14.938045501708984,0.0016770362854003906,CreditDefault,XGBClassifier,20,onehot,onehot,Onehot -> [ GNN-MultiHead-Encoded => GM => Encoded ] -> Onehot,GM,GNN-MultiHead,encoded,encoded,False,centroid,Onehot -> [ [GNN-SFT]-ENC => GM => ENC ] -> Onehot
Train,0.9833333333333334,0.06280159950256348,0,0,Unknown,15.548932075500488,0.002351999282836914,CreditDefault,XGBClassifier,30,onehot,onehot,Onehot -> [ GM => Original ] -> Onehot,GM,N/A,original,original,False,centroid,Onehot -> [ GM => ORI ] -> Onehot
Train - Original,0.5839612486544672,0.06280159950256348,0,0,Unknown,15.548932075500488,0.004103183746337891,CreditDefault,XGBClassifier,30,onehot,onehot,Onehot -> [ GM => Original ] -> Onehot,GM,N/A,original,original,False,centroid,Onehot -> [ GM => ORI ] -> Onehot
Val,0.5750297673104479,0.06280159950256348,0,0,Unknown,15.548932075500488,0.0020346641540527344,CreditDefault,XGBClassifier,30,onehot,onehot,Onehot -> [ GM => Original ] -> Onehot,GM,N/A,original,original,False,centroid,Onehot -> [ GM => ORI ] -> Onehot
Test,0.581672418316482,0.06280159950256348,0,0,Unknown,15.548932075500488,0.0019922256469726562,CreditDefault,XGBClassifier,30,onehot,onehot,Onehot -> [ GM => Original ] -> Onehot,GM,N/A,original,original,False,centroid,Onehot -> [ GM => ORI ] -> Onehot
Train,0.9666666666666667,0.0780038833618164,0,0,Unknown,15.413991451263428,0.0023365020751953125,CreditDefault,XGBClassifier,30,onehot,onehot,Onehot -> [ GM => Original ] -> Onehot,GM,N/A,original,original,False,centroid,Onehot -> [ GM => ORI ] -> Onehot
Train - Original,0.6045209903121636,0.0780038833618164,0,0,Unknown,15.413991451263428,0.00459742546081543,CreditDefault,XGBClassifier,30,onehot,onehot,Onehot -> [ GM => Original ] -> Onehot,GM,N/A,original,original,False,centroid,Onehot -> [ GM => ORI ] -> Onehot
Val,0.6062208633529091,0.0780038833618164,0,0,Unknown,15.413991451263428,0.002294778823852539,CreditDefault,XGBClassifier,30,onehot,onehot,Onehot -> [ GM => Original ] -> Onehot,GM,N/A,original,original,False,centroid,Onehot -> [ GM => ORI ] -> Onehot
Test,0.6137686424088313,0.0780038833618164,0,0,Unknown,15.413991451263428,0.0022470951080322266,CreditDefault,XGBClassifier,30,onehot,onehot,Onehot -> [ GM => Original ] -> Onehot,GM,N/A,original,original,False,centroid,Onehot -> [ GM => ORI ] -> Onehot
Train,0.9833333333333334,0.06137704849243164,0,0,Unknown,15.372357606887817,0.0020356178283691406,CreditDefault,XGBClassifier,30,onehot,onehot,Onehot -> [ GM => Original ] -> Onehot,GM,N/A,original,original,False,centroid,Onehot -> [ GM => ORI ] -> Onehot
Train - Original,0.5826695371367061,0.06137704849243164,0,0,Unknown,15.372357606887817,0.0041730403900146484,CreditDefault,XGBClassifier,30,onehot,onehot,Onehot -> [ GM => Original ] -> Onehot,GM,N/A,original,original,False,centroid,Onehot -> [ GM => ORI ] -> Onehot
Val,0.5791467377045871,0.06137704849243164,0,0,Unknown,15.372357606887817,0.002043485641479492,CreditDefault,XGBClassifier,30,onehot,onehot,Onehot -> [ GM => Original ] -> Onehot,GM,N/A,original,original,False,centroid,Onehot -> [ GM => ORI ] -> Onehot
Test,0.5810715222699845,0.06137704849243164,0,0,Unknown,15.372357606887817,0.002020120620727539,CreditDefault,XGBClassifier,30,onehot,onehot,Onehot -> [ GM => Original ] -> Onehot,GM,N/A,original,original,False,centroid,Onehot -> [ GM => ORI ] -> Onehot
Train,0.9666666666666667,0.06200981140136719,0,0,Unknown,15.498115301132202,0.0019083023071289062,CreditDefault,XGBClassifier,30,onehot,onehot,Onehot -> [ GM => Original ] -> Onehot,GM,N/A,original,original,False,centroid,Onehot -> [ GM => ORI ] -> Onehot
Train - Original,0.6068891280947255,0.06200981140136719,0,0,Unknown,15.498115301132202,0.004111051559448242,CreditDefault,XGBClassifier,30,onehot,onehot,Onehot -> [ GM => Original ] -> Onehot,GM,N/A,original,original,False,centroid,Onehot -> [ GM => ORI ] -> Onehot
Val,0.601684123428387,0.06200981140136719,0,0,Unknown,15.498115301132202,0.0019989013671875,CreditDefault,XGBClassifier,30,onehot,onehot,Onehot -> [ GM => Original ] -> Onehot,GM,N/A,original,original,False,centroid,Onehot -> [ GM => ORI ] -> Onehot
Test,0.6077581683517992,0.06200981140136719,0,0,Unknown,15.498115301132202,0.0019674301147460938,CreditDefault,XGBClassifier,30,onehot,onehot,Onehot -> [ GM => Original ] -> Onehot,GM,N/A,original,original,False,centroid,Onehot -> [ GM => ORI ] -> Onehot
Train,1.0,0.05746817588806152,0,0,Unknown,15.312260627746582,0.002045154571533203,CreditDefault,XGBClassifier,30,onehot,onehot,Onehot -> [ GM => Original ] -> Onehot,GM,N/A,original,original,False,centroid,Onehot -> [ GM => ORI ] -> Onehot
Train - Original,0.640150699677072,0.05746817588806152,0,0,Unknown,15.312260627746582,0.004245758056640625,CreditDefault,XGBClassifier,30,onehot,onehot,Onehot -> [ GM => Original ] -> Onehot,GM,N/A,original,original,False,centroid,Onehot -> [ GM => ORI ] -> Onehot
Val,0.6399103953502452,0.05746817588806152,0,0,Unknown,15.312260627746582,0.002000570297241211,CreditDefault,XGBClassifier,30,onehot,onehot,Onehot -> [ GM => Original ] -> Onehot,GM,N/A,original,original,False,centroid,Onehot -> [ GM => ORI ] -> Onehot
Test,0.6262885713709108,0.05746817588806152,0,0,Unknown,15.312260627746582,0.001986265182495117,CreditDefault,XGBClassifier,30,onehot,onehot,Onehot -> [ GM => Original ] -> Onehot,GM,N/A,original,original,False,centroid,Onehot -> [ GM => ORI ] -> Onehot
Train,1.0,0.04028129577636719,0,0,Unknown,14.922709941864014,0.0022101402282714844,CreditDefault,XGBClassifier,30,onehot,onehot,Onehot -> [ GNN-MultiHead-Encoded => GM => Decoded ] -> Onehot,GM,GNN-MultiHead,encoded,decoded,False,centroid,Onehot -> [ [GNN-SFT]-ENC => GM => DEC ] -> Onehot
Train - Original,0.49989235737351995,0.04028129577636719,0,0,Unknown,14.922709941864014,0.00402069091796875,CreditDefault,XGBClassifier,30,onehot,onehot,Onehot -> [ GNN-MultiHead-Encoded => GM => Decoded ] -> Onehot,GM,GNN-MultiHead,encoded,decoded,False,centroid,Onehot -> [ [GNN-SFT]-ENC => GM => DEC ] -> Onehot
Val,0.500501503501443,0.04028129577636719,0,0,Unknown,14.922709941864014,0.0021131038665771484,CreditDefault,XGBClassifier,30,onehot,onehot,Onehot -> [ GNN-MultiHead-Encoded => GM => Decoded ] -> Onehot,GM,GNN-MultiHead,encoded,decoded,False,centroid,Onehot -> [ [GNN-SFT]-ENC => GM => DEC ] -> Onehot
Test,0.4994995055599281,0.04028129577636719,0,0,Unknown,14.922709941864014,0.0020751953125,CreditDefault,XGBClassifier,30,onehot,onehot,Onehot -> [ GNN-MultiHead-Encoded => GM => Decoded ] -> Onehot,GM,GNN-MultiHead,encoded,decoded,False,centroid,Onehot -> [ [GNN-SFT]-ENC => GM => DEC ] -> Onehot
Train,1.0,0.07092428207397461,0,0,Unknown,14.908812761306763,0.002672910690307617,CreditDefault,XGBClassifier,30,onehot,onehot,Onehot -> [ GNN-MultiHead-Encoded => GM => Decoded-Binary ] -> Onehot,GM,GNN-MultiHead,encoded,decoded,True,centroid,Onehot -> [ [GNN-SFT]-ENC => GM => DEC-BIN ] -> Onehot
Train - Original,0.4931108719052745,0.07092428207397461,0,0,Unknown,14.908812761306763,0.004743814468383789,CreditDefault,XGBClassifier,30,onehot,onehot,Onehot -> [ GNN-MultiHead-Encoded => GM => Decoded-Binary ] -> Onehot,GM,GNN-MultiHead,encoded,decoded,True,centroid,Onehot -> [ [GNN-SFT]-ENC => GM => DEC-BIN ] -> Onehot
Val,0.47909578010534604,0.07092428207397461,0,0,Unknown,14.908812761306763,0.002298116683959961,CreditDefault,XGBClassifier,30,onehot,onehot,Onehot -> [ GNN-MultiHead-Encoded => GM => Decoded-Binary ] -> Onehot,GM,GNN-MultiHead,encoded,decoded,True,centroid,Onehot -> [ [GNN-SFT]-ENC => GM => DEC-BIN ] -> Onehot
Test,0.5058359064398297,0.07092428207397461,0,0,Unknown,14.908812761306763,0.0022754669189453125,CreditDefault,XGBClassifier,30,onehot,onehot,Onehot -> [ GNN-MultiHead-Encoded => GM => Decoded-Binary ] -> Onehot,GM,GNN-MultiHead,encoded,decoded,True,centroid,Onehot -> [ [GNN-SFT]-ENC => GM => DEC-BIN ] -> Onehot
Train,1.0,0.04360556602478027,0,0,Unknown,14.950315952301025,0.002126932144165039,CreditDefault,XGBClassifier,30,onehot,onehot,Onehot -> [ GNN-MultiHead-Encoded => GM => Encoded ] -> Onehot,GM,GNN-MultiHead,encoded,encoded,False,centroid,Onehot -> [ [GNN-SFT]-ENC => GM => ENC ] -> Onehot
Train - Original,0.6314316469321852,0.04360556602478027,0,0,Unknown,14.950315952301025,0.0034499168395996094,CreditDefault,XGBClassifier,30,onehot,onehot,Onehot -> [ GNN-MultiHead-Encoded => GM => Encoded ] -> Onehot,GM,GNN-MultiHead,encoded,encoded,False,centroid,Onehot -> [ [GNN-SFT]-ENC => GM => ENC ] -> Onehot
Val,0.6363393271578777,0.04360556602478027,0,0,Unknown,14.950315952301025,0.0019457340240478516,CreditDefault,XGBClassifier,30,onehot,onehot,Onehot -> [ GNN-MultiHead-Encoded => GM => Encoded ] -> Onehot,GM,GNN-MultiHead,encoded,encoded,False,centroid,Onehot -> [ [GNN-SFT]-ENC => GM => ENC ] -> Onehot
Test,0.6504455005953462,0.04360556602478027,0,0,Unknown,14.950315952301025,0.0018939971923828125,CreditDefault,XGBClassifier,30,onehot,onehot,Onehot -> [ GNN-MultiHead-Encoded => GM => Encoded ] -> Onehot,GM,GNN-MultiHead,encoded,encoded,False,centroid,Onehot -> [ [GNN-SFT]-ENC => GM => ENC ] -> Onehot
Train,1.0,0.04129385948181152,0,0,Unknown,15.015562534332275,0.0022275447845458984,CreditDefault,XGBClassifier,30,onehot,onehot,Onehot -> [ GNN-MultiHead-Encoded => GM => Decoded ] -> Onehot,GM,GNN-MultiHead,encoded,decoded,False,centroid,Onehot -> [ [GNN-SFT]-ENC => GM => DEC ] -> Onehot
Train - Original,0.46189451022604955,0.04129385948181152,0,0,Unknown,15.015562534332275,0.004162788391113281,CreditDefault,XGBClassifier,30,onehot,onehot,Onehot -> [ GNN-MultiHead-Encoded => GM => Decoded ] -> Onehot,GM,GNN-MultiHead,encoded,decoded,False,centroid,Onehot -> [ [GNN-SFT]-ENC => GM => DEC ] -> Onehot
Val,0.45269066214607173,0.04129385948181152,0,0,Unknown,15.015562534332275,0.0021505355834960938,CreditDefault,XGBClassifier,30,onehot,onehot,Onehot -> [ GNN-MultiHead-Encoded => GM => Decoded ] -> Onehot,GM,GNN-MultiHead,encoded,decoded,False,centroid,Onehot -> [ [GNN-SFT]-ENC => GM => DEC ] -> Onehot
Test,0.4523803757744546,0.04129385948181152,0,0,Unknown,15.015562534332275,0.0021255016326904297,CreditDefault,XGBClassifier,30,onehot,onehot,Onehot -> [ GNN-MultiHead-Encoded => GM => Decoded ] -> Onehot,GM,GNN-MultiHead,encoded,decoded,False,centroid,Onehot -> [ [GNN-SFT]-ENC => GM => DEC ] -> Onehot
Train,1.0,0.07418489456176758,0,0,Unknown,15.07056474685669,0.002268552780151367,CreditDefault,XGBClassifier,30,onehot,onehot,Onehot -> [ GNN-MultiHead-Encoded => GM => Decoded-Binary ] -> Onehot,GM,GNN-MultiHead,encoded,decoded,True,centroid,Onehot -> [ [GNN-SFT]-ENC => GM => DEC-BIN ] -> Onehot
Train - Original,0.45080731969860066,0.07418489456176758,0,0,Unknown,15.07056474685669,0.004479408264160156,CreditDefault,XGBClassifier,30,onehot,onehot,Onehot -> [ GNN-MultiHead-Encoded => GM => Decoded-Binary ] -> Onehot,GM,GNN-MultiHead,encoded,decoded,True,centroid,Onehot -> [ [GNN-SFT]-ENC => GM => DEC-BIN ] -> Onehot
Val,0.4419401222982382,0.07418489456176758,0,0,Unknown,15.07056474685669,0.0022881031036376953,CreditDefault,XGBClassifier,30,onehot,onehot,Onehot -> [ GNN-MultiHead-Encoded => GM => Decoded-Binary ] -> Onehot,GM,GNN-MultiHead,encoded,decoded,True,centroid,Onehot -> [ [GNN-SFT]-ENC => GM => DEC-BIN ] -> Onehot
Test,0.4314817057173417,0.07418489456176758,0,0,Unknown,15.07056474685669,0.0022690296173095703,CreditDefault,XGBClassifier,30,onehot,onehot,Onehot -> [ GNN-MultiHead-Encoded => GM => Decoded-Binary ] -> Onehot,GM,GNN-MultiHead,encoded,decoded,True,centroid,Onehot -> [ [GNN-SFT]-ENC => GM => DEC-BIN ] -> Onehot
Train,1.0,0.04114508628845215,0,0,Unknown,15.043297529220581,0.0022001266479492188,CreditDefault,XGBClassifier,30,onehot,onehot,Onehot -> [ GNN-MultiHead-Encoded => GM => Encoded ] -> Onehot,GM,GNN-MultiHead,encoded,encoded,False,centroid,Onehot -> [ [GNN-SFT]-ENC => GM => ENC ] -> Onehot
Train - Original,0.6680301399354144,0.04114508628845215,0,0,Unknown,15.043297529220581,0.0031027793884277344,CreditDefault,XGBClassifier,30,onehot,onehot,Onehot -> [ GNN-MultiHead-Encoded => GM => Encoded ] -> Onehot,GM,GNN-MultiHead,encoded,encoded,False,centroid,Onehot -> [ [GNN-SFT]-ENC => GM => ENC ] -> Onehot
Val,0.6594619684769227,0.04114508628845215,0,0,Unknown,15.043297529220581,0.0017523765563964844,CreditDefault,XGBClassifier,30,onehot,onehot,Onehot -> [ GNN-MultiHead-Encoded => GM => Encoded ] -> Onehot,GM,GNN-MultiHead,encoded,encoded,False,centroid,Onehot -> [ [GNN-SFT]-ENC => GM => ENC ] -> Onehot
Test,0.6428951988859962,0.04114508628845215,0,0,Unknown,15.043297529220581,0.0016994476318359375,CreditDefault,XGBClassifier,30,onehot,onehot,Onehot -> [ GNN-MultiHead-Encoded => GM => Encoded ] -> Onehot,GM,GNN-MultiHead,encoded,encoded,False,centroid,Onehot -> [ [GNN-SFT]-ENC => GM => ENC ] -> Onehot
Train,1.0,0.042131900787353516,0,0,Unknown,14.893766641616821,0.0020928382873535156,CreditDefault,XGBClassifier,30,onehot,onehot,Onehot -> [ GNN-MultiHead-Encoded => GM => Decoded ] -> Onehot,GM,GNN-MultiHead,encoded,decoded,False,centroid,Onehot -> [ [GNN-SFT]-ENC => GM => DEC ] -> Onehot
Train - Original,0.5285252960172229,0.042131900787353516,0,0,Unknown,14.893766641616821,0.004365444183349609,CreditDefault,XGBClassifier,30,onehot,onehot,Onehot -> [ GNN-MultiHead-Encoded => GM => Decoded ] -> Onehot,GM,GNN-MultiHead,encoded,decoded,False,centroid,Onehot -> [ [GNN-SFT]-ENC => GM => DEC ] -> Onehot
Val,0.5307793990030474,0.042131900787353516,0,0,Unknown,14.893766641616821,0.0021636486053466797,CreditDefault,XGBClassifier,30,onehot,onehot,Onehot -> [ GNN-MultiHead-Encoded => GM => Decoded ] -> Onehot,GM,GNN-MultiHead,encoded,decoded,False,centroid,Onehot -> [ [GNN-SFT]-ENC => GM => DEC ] -> Onehot
Test,0.5440561239934613,0.042131900787353516,0,0,Unknown,14.893766641616821,0.00214385986328125,CreditDefault,XGBClassifier,30,onehot,onehot,Onehot -> [ GNN-MultiHead-Encoded => GM => Decoded ] -> Onehot,GM,GNN-MultiHead,encoded,decoded,False,centroid,Onehot -> [ [GNN-SFT]-ENC => GM => DEC ] -> Onehot
Train,1.0,0.07133007049560547,0,0,Unknown,14.944674491882324,0.0023572444915771484,CreditDefault,XGBClassifier,30,onehot,onehot,Onehot -> [ GNN-MultiHead-Encoded => GM => Decoded-Binary ] -> Onehot,GM,GNN-MultiHead,encoded,decoded,True,centroid,Onehot -> [ [GNN-SFT]-ENC => GM => DEC-BIN ] -> Onehot
Train - Original,0.5757804090419807,0.07133007049560547,0,0,Unknown,14.944674491882324,0.004559755325317383,CreditDefault,XGBClassifier,30,onehot,onehot,Onehot -> [ GNN-MultiHead-Encoded => GM => Decoded-Binary ] -> Onehot,GM,GNN-MultiHead,encoded,decoded,True,centroid,Onehot -> [ [GNN-SFT]-ENC => GM => DEC-BIN ] -> Onehot
Val,0.5786018445641864,0.07133007049560547,0,0,Unknown,14.944674491882324,0.0022869110107421875,CreditDefault,XGBClassifier,30,onehot,onehot,Onehot -> [ GNN-MultiHead-Encoded => GM => Decoded-Binary ] -> Onehot,GM,GNN-MultiHead,encoded,decoded,True,centroid,Onehot -> [ [GNN-SFT]-ENC => GM => DEC-BIN ] -> Onehot
Test,0.5755988779237553,0.07133007049560547,0,0,Unknown,14.944674491882324,0.002241849899291992,CreditDefault,XGBClassifier,30,onehot,onehot,Onehot -> [ GNN-MultiHead-Encoded => GM => Decoded-Binary ] -> Onehot,GM,GNN-MultiHead,encoded,decoded,True,centroid,Onehot -> [ [GNN-SFT]-ENC => GM => DEC-BIN ] -> Onehot
Train,1.0,0.04522442817687988,0,0,Unknown,15.017569780349731,0.0020918846130371094,CreditDefault,XGBClassifier,30,onehot,onehot,Onehot -> [ GNN-MultiHead-Encoded => GM => Encoded ] -> Onehot,GM,GNN-MultiHead,encoded,encoded,False,centroid,Onehot -> [ [GNN-SFT]-ENC => GM => ENC ] -> Onehot
Train - Original,0.643702906350915,0.04522442817687988,0,0,Unknown,15.017569780349731,0.003411531448364258,CreditDefault,XGBClassifier,30,onehot,onehot,Onehot -> [ GNN-MultiHead-Encoded => GM => Encoded ] -> Onehot,GM,GNN-MultiHead,encoded,encoded,False,centroid,Onehot -> [ [GNN-SFT]-ENC => GM => ENC ] -> Onehot
Val,0.6443704466105629,0.04522442817687988,0,0,Unknown,15.017569780349731,0.0019307136535644531,CreditDefault,XGBClassifier,30,onehot,onehot,Onehot -> [ GNN-MultiHead-Encoded => GM => Encoded ] -> Onehot,GM,GNN-MultiHead,encoded,encoded,False,centroid,Onehot -> [ [GNN-SFT]-ENC => GM => ENC ] -> Onehot
Test,0.6298626667473917,0.04522442817687988,0,0,Unknown,15.017569780349731,0.0018889904022216797,CreditDefault,XGBClassifier,30,onehot,onehot,Onehot -> [ GNN-MultiHead-Encoded => GM => Encoded ] -> Onehot,GM,GNN-MultiHead,encoded,encoded,False,centroid,Onehot -> [ [GNN-SFT]-ENC => GM => ENC ] -> Onehot
Train,1.0,0.04752039909362793,0,0,Unknown,15.03506851196289,0.002406597137451172,CreditDefault,XGBClassifier,30,onehot,onehot,Onehot -> [ GNN-MultiHead-Encoded => GM => Decoded ] -> Onehot,GM,GNN-MultiHead,encoded,decoded,False,centroid,Onehot -> [ [GNN-SFT]-ENC => GM => DEC ] -> Onehot
Train - Original,0.5827771797631862,0.04752039909362793,0,0,Unknown,15.03506851196289,0.0045223236083984375,CreditDefault,XGBClassifier,30,onehot,onehot,Onehot -> [ GNN-MultiHead-Encoded => GM => Decoded ] -> Onehot,GM,GNN-MultiHead,encoded,decoded,False,centroid,Onehot -> [ [GNN-SFT]-ENC => GM => DEC ] -> Onehot
Val,0.5892010252063531,0.04752039909362793,0,0,Unknown,15.03506851196289,0.002217531204223633,CreditDefault,XGBClassifier,30,onehot,onehot,Onehot -> [ GNN-MultiHead-Encoded => GM => Decoded ] -> Onehot,GM,GNN-MultiHead,encoded,decoded,False,centroid,Onehot -> [ [GNN-SFT]-ENC => GM => DEC ] -> Onehot
Test,0.6011644568222639,0.04752039909362793,0,0,Unknown,15.03506851196289,0.0021827220916748047,CreditDefault,XGBClassifier,30,onehot,onehot,Onehot -> [ GNN-MultiHead-Encoded => GM => Decoded ] -> Onehot,GM,GNN-MultiHead,encoded,decoded,False,centroid,Onehot -> [ [GNN-SFT]-ENC => GM => DEC ] -> Onehot
Train,0.9666666666666667,0.07961440086364746,0,0,Unknown,15.05739712715149,0.002731800079345703,CreditDefault,XGBClassifier,30,onehot,onehot,Onehot -> [ GNN-MultiHead-Encoded => GM => Decoded-Binary ] -> Onehot,GM,GNN-MultiHead,encoded,decoded,True,centroid,Onehot -> [ [GNN-SFT]-ENC => GM => DEC-BIN ] -> Onehot
Train - Original,0.5040904198062433,0.07961440086364746,0,0,Unknown,15.05739712715149,0.005821943283081055,CreditDefault,XGBClassifier,30,onehot,onehot,Onehot -> [ GNN-MultiHead-Encoded => GM => Decoded-Binary ] -> Onehot,GM,GNN-MultiHead,encoded,decoded,True,centroid,Onehot -> [ [GNN-SFT]-ENC => GM => DEC-BIN ] -> Onehot
Val,0.5121627212367056,0.07961440086364746,0,0,Unknown,15.05739712715149,0.002307415008544922,CreditDefault,XGBClassifier,30,onehot,onehot,Onehot -> [ GNN-MultiHead-Encoded => GM => Decoded-Binary ] -> Onehot,GM,GNN-MultiHead,encoded,decoded,True,centroid,Onehot -> [ [GNN-SFT]-ENC => GM => DEC-BIN ] -> Onehot
Test,0.49838701539827657,0.07961440086364746,0,0,Unknown,15.05739712715149,0.0022139549255371094,CreditDefault,XGBClassifier,30,onehot,onehot,Onehot -> [ GNN-MultiHead-Encoded => GM => Decoded-Binary ] -> Onehot,GM,GNN-MultiHead,encoded,decoded,True,centroid,Onehot -> [ [GNN-SFT]-ENC => GM => DEC-BIN ] -> Onehot
Train,1.0,0.04870033264160156,0,0,Unknown,15.003416299819946,0.0024025440216064453,CreditDefault,XGBClassifier,30,onehot,onehot,Onehot -> [ GNN-MultiHead-Encoded => GM => Encoded ] -> Onehot,GM,GNN-MultiHead,encoded,encoded,False,centroid,Onehot -> [ [GNN-SFT]-ENC => GM => ENC ] -> Onehot
Train - Original,0.6634015069967707,0.04870033264160156,0,0,Unknown,15.003416299819946,0.003502368927001953,CreditDefault,XGBClassifier,30,onehot,onehot,Onehot -> [ GNN-MultiHead-Encoded => GM => Encoded ] -> Onehot,GM,GNN-MultiHead,encoded,encoded,False,centroid,Onehot -> [ [GNN-SFT]-ENC => GM => ENC ] -> Onehot
Val,0.6268031926701783,0.04870033264160156,0,0,Unknown,15.003416299819946,0.001971721649169922,CreditDefault,XGBClassifier,30,onehot,onehot,Onehot -> [ GNN-MultiHead-Encoded => GM => Encoded ] -> Onehot,GM,GNN-MultiHead,encoded,encoded,False,centroid,Onehot -> [ [GNN-SFT]-ENC => GM => ENC ] -> Onehot
Test,0.6182927690662146,0.04870033264160156,0,0,Unknown,15.003416299819946,0.0019307136535644531,CreditDefault,XGBClassifier,30,onehot,onehot,Onehot -> [ GNN-MultiHead-Encoded => GM => Encoded ] -> Onehot,GM,GNN-MultiHead,encoded,encoded,False,centroid,Onehot -> [ [GNN-SFT]-ENC => GM => ENC ] -> Onehot
Train,1.0,0.03973555564880371,0,0,Unknown,15.083590030670166,0.002386808395385742,CreditDefault,XGBClassifier,30,onehot,onehot,Onehot -> [ GNN-MultiHead-Encoded => GM => Decoded ] -> Onehot,GM,GNN-MultiHead,encoded,decoded,False,centroid,Onehot -> [ [GNN-SFT]-ENC => GM => DEC ] -> Onehot
Train - Original,0.43745963401506993,0.03973555564880371,0,0,Unknown,15.083590030670166,0.0043506622314453125,CreditDefault,XGBClassifier,30,onehot,onehot,Onehot -> [ GNN-MultiHead-Encoded => GM => Decoded ] -> Onehot,GM,GNN-MultiHead,encoded,decoded,False,centroid,Onehot -> [ [GNN-SFT]-ENC => GM => DEC ] -> Onehot
Val,0.43837561300478295,0.03973555564880371,0,0,Unknown,15.083590030670166,0.0021555423736572266,CreditDefault,XGBClassifier,30,onehot,onehot,Onehot -> [ GNN-MultiHead-Encoded => GM => Decoded ] -> Onehot,GM,GNN-MultiHead,encoded,decoded,False,centroid,Onehot -> [ [GNN-SFT]-ENC => GM => DEC ] -> Onehot
Test,0.4415748420818954,0.03973555564880371,0,0,Unknown,15.083590030670166,0.002137899398803711,CreditDefault,XGBClassifier,30,onehot,onehot,Onehot -> [ GNN-MultiHead-Encoded => GM => Decoded ] -> Onehot,GM,GNN-MultiHead,encoded,decoded,False,centroid,Onehot -> [ [GNN-SFT]-ENC => GM => DEC ] -> Onehot
Train,1.0,0.0675504207611084,0,0,Unknown,15.103945016860962,0.0024385452270507812,CreditDefault,XGBClassifier,30,onehot,onehot,Onehot -> [ GNN-MultiHead-Encoded => GM => Decoded-Binary ] -> Onehot,GM,GNN-MultiHead,encoded,decoded,True,centroid,Onehot -> [ [GNN-SFT]-ENC => GM => DEC-BIN ] -> Onehot
Train - Original,0.384930032292788,0.0675504207611084,0,0,Unknown,15.103945016860962,0.0045087337493896484,CreditDefault,XGBClassifier,30,onehot,onehot,Onehot -> [ GNN-MultiHead-Encoded => GM => Decoded-Binary ] -> Onehot,GM,GNN-MultiHead,encoded,decoded,True,centroid,Onehot -> [ [GNN-SFT]-ENC => GM => DEC-BIN ] -> Onehot
Val,0.3861839317067264,0.0675504207611084,0,0,Unknown,15.103945016860962,0.0022935867309570312,CreditDefault,XGBClassifier,30,onehot,onehot,Onehot -> [ GNN-MultiHead-Encoded => GM => Decoded-Binary ] -> Onehot,GM,GNN-MultiHead,encoded,decoded,True,centroid,Onehot -> [ [GNN-SFT]-ENC => GM => DEC-BIN ] -> Onehot
Test,0.40487225283041717,0.0675504207611084,0,0,Unknown,15.103945016860962,0.002230405807495117,CreditDefault,XGBClassifier,30,onehot,onehot,Onehot -> [ GNN-MultiHead-Encoded => GM => Decoded-Binary ] -> Onehot,GM,GNN-MultiHead,encoded,decoded,True,centroid,Onehot -> [ [GNN-SFT]-ENC => GM => DEC-BIN ] -> Onehot
Train,1.0,0.04885149002075195,0,0,Unknown,15.057902812957764,0.0023565292358398438,CreditDefault,XGBClassifier,30,onehot,onehot,Onehot -> [ GNN-MultiHead-Encoded => GM => Encoded ] -> Onehot,GM,GNN-MultiHead,encoded,encoded,False,centroid,Onehot -> [ [GNN-SFT]-ENC => GM => ENC ] -> Onehot
Train - Original,0.671259418729817,0.04885149002075195,0,0,Unknown,15.057902812957764,0.003443479537963867,CreditDefault,XGBClassifier,30,onehot,onehot,Onehot -> [ GNN-MultiHead-Encoded => GM => Encoded ] -> Onehot,GM,GNN-MultiHead,encoded,encoded,False,centroid,Onehot -> [ [GNN-SFT]-ENC => GM => ENC ] -> Onehot
Val,0.6811022986418034,0.04885149002075195,0,0,Unknown,15.057902812957764,0.0019443035125732422,CreditDefault,XGBClassifier,30,onehot,onehot,Onehot -> [ GNN-MultiHead-Encoded => GM => Encoded ] -> Onehot,GM,GNN-MultiHead,encoded,encoded,False,centroid,Onehot -> [ [GNN-SFT]-ENC => GM => ENC ] -> Onehot
Test,0.6659507376238623,0.04885149002075195,0,0,Unknown,15.057902812957764,0.0019011497497558594,CreditDefault,XGBClassifier,30,onehot,onehot,Onehot -> [ GNN-MultiHead-Encoded => GM => Encoded ] -> Onehot,GM,GNN-MultiHead,encoded,encoded,False,centroid,Onehot -> [ [GNN-SFT]-ENC => GM => ENC ] -> Onehot
Train,1.0,0.09327340126037598,0,0,Unknown,15.55718469619751,0.0024771690368652344,CreditDefault,XGBClassifier,40,onehot,onehot,Onehot -> [ GM => Original ] -> Onehot,GM,N/A,original,original,False,centroid,Onehot -> [ GM => ORI ] -> Onehot
Train - Original,0.5973089343379978,0.09327340126037598,0,0,Unknown,15.55718469619751,0.004908561706542969,CreditDefault,XGBClassifier,40,onehot,onehot,Onehot -> [ GM => Original ] -> Onehot,GM,N/A,original,original,False,centroid,Onehot -> [ GM => ORI ] -> Onehot
Val,0.6092117212568868,0.09327340126037598,0,0,Unknown,15.55718469619751,0.0023343563079833984,CreditDefault,XGBClassifier,40,onehot,onehot,Onehot -> [ GM => Original ] -> Onehot,GM,N/A,original,original,False,centroid,Onehot -> [ GM => ORI ] -> Onehot
Test,0.5941978971161026,0.09327340126037598,0,0,Unknown,15.55718469619751,0.0023009777069091797,CreditDefault,XGBClassifier,40,onehot,onehot,Onehot -> [ GM => Original ] -> Onehot,GM,N/A,original,original,False,centroid,Onehot -> [ GM => ORI ] -> Onehot
Train,0.975,0.08603215217590332,0,0,Unknown,15.608417272567749,0.0020732879638671875,CreditDefault,XGBClassifier,40,onehot,onehot,Onehot -> [ GM => Original ] -> Onehot,GM,N/A,original,original,False,centroid,Onehot -> [ GM => ORI ] -> Onehot
Train - Original,0.6196986006458558,0.08603215217590332,0,0,Unknown,15.608417272567749,0.005129098892211914,CreditDefault,XGBClassifier,40,onehot,onehot,Onehot -> [ GM => Original ] -> Onehot,GM,N/A,original,original,False,centroid,Onehot -> [ GM => ORI ] -> Onehot
Val,0.6343146455167403,0.08603215217590332,0,0,Unknown,15.608417272567749,0.002079010009765625,CreditDefault,XGBClassifier,40,onehot,onehot,Onehot -> [ GM => Original ] -> Onehot,GM,N/A,original,original,False,centroid,Onehot -> [ GM => ORI ] -> Onehot
Test,0.6348882969062178,0.08603215217590332,0,0,Unknown,15.608417272567749,0.002032756805419922,CreditDefault,XGBClassifier,40,onehot,onehot,Onehot -> [ GM => Original ] -> Onehot,GM,N/A,original,original,False,centroid,Onehot -> [ GM => ORI ] -> Onehot
Train,0.975,0.08896780014038086,0,0,Unknown,15.496027946472168,0.0026590824127197266,CreditDefault,XGBClassifier,40,onehot,onehot,Onehot -> [ GM => Original ] -> Onehot,GM,N/A,original,original,False,centroid,Onehot -> [ GM => ORI ] -> Onehot
Train - Original,0.6205597416576965,0.08896780014038086,0,0,Unknown,15.496027946472168,0.0047149658203125,CreditDefault,XGBClassifier,40,onehot,onehot,Onehot -> [ GM => Original ] -> Onehot,GM,N/A,original,original,False,centroid,Onehot -> [ GM => ORI ] -> Onehot
Val,0.6233118403261286,0.08896780014038086,0,0,Unknown,15.496027946472168,0.0023818016052246094,CreditDefault,XGBClassifier,40,onehot,onehot,Onehot -> [ GM => Original ] -> Onehot,GM,N/A,original,original,False,centroid,Onehot -> [ GM => ORI ] -> Onehot
Test,0.6222891566265061,0.08896780014038086,0,0,Unknown,15.496027946472168,0.0022852420806884766,CreditDefault,XGBClassifier,40,onehot,onehot,Onehot -> [ GM => Original ] -> Onehot,GM,N/A,original,original,False,centroid,Onehot -> [ GM => ORI ] -> Onehot
Train,0.9624999999999999,0.08331418037414551,0,0,Unknown,15.659783601760864,0.0023698806762695312,CreditDefault,XGBClassifier,40,onehot,onehot,Onehot -> [ GM => Original ] -> Onehot,GM,N/A,original,original,False,centroid,Onehot -> [ GM => ORI ] -> Onehot
Train - Original,0.6148546824542518,0.08331418037414551,0,0,Unknown,15.659783601760864,0.004611015319824219,CreditDefault,XGBClassifier,40,onehot,onehot,Onehot -> [ GM => Original ] -> Onehot,GM,N/A,original,original,False,centroid,Onehot -> [ GM => ORI ] -> Onehot
Val,0.6127474723012654,0.08331418037414551,0,0,Unknown,15.659783601760864,0.0022902488708496094,CreditDefault,XGBClassifier,40,onehot,onehot,Onehot -> [ GM => Original ] -> Onehot,GM,N/A,original,original,False,centroid,Onehot -> [ GM => ORI ] -> Onehot
Test,0.6072475832980162,0.08331418037414551,0,0,Unknown,15.659783601760864,0.002266407012939453,CreditDefault,XGBClassifier,40,onehot,onehot,Onehot -> [ GM => Original ] -> Onehot,GM,N/A,original,original,False,centroid,Onehot -> [ GM => ORI ] -> Onehot
Train,1.0,0.0863344669342041,0,0,Unknown,15.56130051612854,0.002465486526489258,CreditDefault,XGBClassifier,40,onehot,onehot,Onehot -> [ GM => Original ] -> Onehot,GM,N/A,original,original,False,centroid,Onehot -> [ GM => ORI ] -> Onehot
Train - Original,0.6294940796555436,0.0863344669342041,0,0,Unknown,15.56130051612854,0.00470733642578125,CreditDefault,XGBClassifier,40,onehot,onehot,Onehot -> [ GM => Original ] -> Onehot,GM,N/A,original,original,False,centroid,Onehot -> [ GM => ORI ] -> Onehot
Val,0.6142615688886198,0.0863344669342041,0,0,Unknown,15.56130051612854,0.002275705337524414,CreditDefault,XGBClassifier,40,onehot,onehot,Onehot -> [ GM => Original ] -> Onehot,GM,N/A,original,original,False,centroid,Onehot -> [ GM => ORI ] -> Onehot
Test,0.6288268652499445,0.0863344669342041,0,0,Unknown,15.56130051612854,0.0022287368774414062,CreditDefault,XGBClassifier,40,onehot,onehot,Onehot -> [ GM => Original ] -> Onehot,GM,N/A,original,original,False,centroid,Onehot -> [ GM => ORI ] -> Onehot
Train,1.0,0.04827547073364258,0,0,Unknown,15.181794881820679,0.002682209014892578,CreditDefault,XGBClassifier,40,onehot,onehot,Onehot -> [ GNN-MultiHead-Encoded => GM => Decoded ] -> Onehot,GM,GNN-MultiHead,encoded,decoded,False,centroid,Onehot -> [ [GNN-SFT]-ENC => GM => DEC ] -> Onehot
Train - Original,0.39655543595263726,0.04827547073364258,0,0,Unknown,15.181794881820679,0.00442051887512207,CreditDefault,XGBClassifier,40,onehot,onehot,Onehot -> [ GNN-MultiHead-Encoded => GM => Decoded ] -> Onehot,GM,GNN-MultiHead,encoded,decoded,False,centroid,Onehot -> [ [GNN-SFT]-ENC => GM => DEC ] -> Onehot
Val,0.41067990555185563,0.04827547073364258,0,0,Unknown,15.181794881820679,0.002226591110229492,CreditDefault,XGBClassifier,40,onehot,onehot,Onehot -> [ GNN-MultiHead-Encoded => GM => Decoded ] -> Onehot,GM,GNN-MultiHead,encoded,decoded,False,centroid,Onehot -> [ [GNN-SFT]-ENC => GM => DEC ] -> Onehot
Test,0.38841042562208633,0.04827547073364258,0,0,Unknown,15.181794881820679,0.0021648406982421875,CreditDefault,XGBClassifier,40,onehot,onehot,Onehot -> [ GNN-MultiHead-Encoded => GM => Decoded ] -> Onehot,GM,GNN-MultiHead,encoded,decoded,False,centroid,Onehot -> [ [GNN-SFT]-ENC => GM => DEC ] -> Onehot
Train,1.0,0.08619213104248047,0,0,Unknown,15.012049436569214,0.0023784637451171875,CreditDefault,XGBClassifier,40,onehot,onehot,Onehot -> [ GNN-MultiHead-Encoded => GM => Decoded-Binary ] -> Onehot,GM,GNN-MultiHead,encoded,decoded,True,centroid,Onehot -> [ [GNN-SFT]-ENC => GM => DEC-BIN ] -> Onehot
Train - Original,0.5063509149623251,0.08619213104248047,0,0,Unknown,15.012049436569214,0.004675149917602539,CreditDefault,XGBClassifier,40,onehot,onehot,Onehot -> [ GNN-MultiHead-Encoded => GM => Decoded-Binary ] -> Onehot,GM,GNN-MultiHead,encoded,decoded,True,centroid,Onehot -> [ [GNN-SFT]-ENC => GM => DEC-BIN ] -> Onehot
Val,0.5037249500514621,0.08619213104248047,0,0,Unknown,15.012049436569214,0.0023233890533447266,CreditDefault,XGBClassifier,40,onehot,onehot,Onehot -> [ GNN-MultiHead-Encoded => GM => Decoded-Binary ] -> Onehot,GM,GNN-MultiHead,encoded,decoded,True,centroid,Onehot -> [ [GNN-SFT]-ENC => GM => DEC-BIN ] -> Onehot
Test,0.5319216564751468,0.08619213104248047,0,0,Unknown,15.012049436569214,0.002289295196533203,CreditDefault,XGBClassifier,40,onehot,onehot,Onehot -> [ GNN-MultiHead-Encoded => GM => Decoded-Binary ] -> Onehot,GM,GNN-MultiHead,encoded,decoded,True,centroid,Onehot -> [ [GNN-SFT]-ENC => GM => DEC-BIN ] -> Onehot
Train,1.0,0.04738879203796387,0,0,Unknown,15.121005773544312,0.0019426345825195312,CreditDefault,XGBClassifier,40,onehot,onehot,Onehot -> [ GNN-MultiHead-Encoded => GM => Encoded ] -> Onehot,GM,GNN-MultiHead,encoded,encoded,False,centroid,Onehot -> [ [GNN-SFT]-ENC => GM => ENC ] -> Onehot
Train - Original,0.622497308934338,0.04738879203796387,0,0,Unknown,15.121005773544312,0.003275156021118164,CreditDefault,XGBClassifier,40,onehot,onehot,Onehot -> [ GNN-MultiHead-Encoded => GM => Encoded ] -> Onehot,GM,GNN-MultiHead,encoded,encoded,False,centroid,Onehot -> [ [GNN-SFT]-ENC => GM => ENC ] -> Onehot
Val,0.6398735646101996,0.04738879203796387,0,0,Unknown,15.121005773544312,0.0018265247344970703,CreditDefault,XGBClassifier,40,onehot,onehot,Onehot -> [ GNN-MultiHead-Encoded => GM => Encoded ] -> Onehot,GM,GNN-MultiHead,encoded,encoded,False,centroid,Onehot -> [ [GNN-SFT]-ENC => GM => ENC ] -> Onehot
Test,0.6408841395733689,0.04738879203796387,0,0,Unknown,15.121005773544312,0.0017924308776855469,CreditDefault,XGBClassifier,40,onehot,onehot,Onehot -> [ GNN-MultiHead-Encoded => GM => Encoded ] -> Onehot,GM,GNN-MultiHead,encoded,encoded,False,centroid,Onehot -> [ [GNN-SFT]-ENC => GM => ENC ] -> Onehot
Train,1.0,0.05565357208251953,0,0,Unknown,15.047640562057495,0.002477407455444336,CreditDefault,XGBClassifier,40,onehot,onehot,Onehot -> [ GNN-MultiHead-Encoded => GM => Decoded ] -> Onehot,GM,GNN-MultiHead,encoded,decoded,False,centroid,Onehot -> [ [GNN-SFT]-ENC => GM => DEC ] -> Onehot
Train - Original,0.4516684607104413,0.05565357208251953,0,0,Unknown,15.047640562057495,0.004412174224853516,CreditDefault,XGBClassifier,40,onehot,onehot,Onehot -> [ GNN-MultiHead-Encoded => GM => Decoded ] -> Onehot,GM,GNN-MultiHead,encoded,decoded,False,centroid,Onehot -> [ [GNN-SFT]-ENC => GM => DEC ] -> Onehot
Val,0.44817359891828623,0.05565357208251953,0,0,Unknown,15.047640562057495,0.0022292137145996094,CreditDefault,XGBClassifier,40,onehot,onehot,Onehot -> [ GNN-MultiHead-Encoded => GM => Decoded ] -> Onehot,GM,GNN-MultiHead,encoded,decoded,False,centroid,Onehot -> [ [GNN-SFT]-ENC => GM => DEC ] -> Onehot
Test,0.4383110330770318,0.05565357208251953,0,0,Unknown,15.047640562057495,0.0021800994873046875,CreditDefault,XGBClassifier,40,onehot,onehot,Onehot -> [ GNN-MultiHead-Encoded => GM => Decoded ] -> Onehot,GM,GNN-MultiHead,encoded,decoded,False,centroid,Onehot -> [ [GNN-SFT]-ENC => GM => DEC ] -> Onehot
Train,0.9875,0.08420729637145996,0,0,Unknown,15.161659002304077,0.0020761489868164062,CreditDefault,XGBClassifier,40,onehot,onehot,Onehot -> [ GNN-MultiHead-Encoded => GM => Decoded-Binary ] -> Onehot,GM,GNN-MultiHead,encoded,decoded,True,centroid,Onehot -> [ [GNN-SFT]-ENC => GM => DEC-BIN ] -> Onehot
Train - Original,0.4242195909580194,0.08420729637145996,0,0,Unknown,15.161659002304077,0.004227399826049805,CreditDefault,XGBClassifier,40,onehot,onehot,Onehot -> [ GNN-MultiHead-Encoded => GM => Decoded-Binary ] -> Onehot,GM,GNN-MultiHead,encoded,decoded,True,centroid,Onehot -> [ [GNN-SFT]-ENC => GM => DEC-BIN ] -> Onehot
Val,0.4298949567112672,0.08420729637145996,0,0,Unknown,15.161659002304077,0.002075672149658203,CreditDefault,XGBClassifier,40,onehot,onehot,Onehot -> [ GNN-MultiHead-Encoded => GM => Decoded-Binary ] -> Onehot,GM,GNN-MultiHead,encoded,decoded,True,centroid,Onehot -> [ [GNN-SFT]-ENC => GM => DEC-BIN ] -> Onehot
Test,0.41440737825674556,0.08420729637145996,0,0,Unknown,15.161659002304077,0.002045869827270508,CreditDefault,XGBClassifier,40,onehot,onehot,Onehot -> [ GNN-MultiHead-Encoded => GM => Decoded-Binary ] -> Onehot,GM,GNN-MultiHead,encoded,decoded,True,centroid,Onehot -> [ [GNN-SFT]-ENC => GM => DEC-BIN ] -> Onehot
Train,1.0,0.05610990524291992,0,0,Unknown,15.146628379821777,0.002117156982421875,CreditDefault,XGBClassifier,40,onehot,onehot,Onehot -> [ GNN-MultiHead-Encoded => GM => Encoded ] -> Onehot,GM,GNN-MultiHead,encoded,encoded,False,centroid,Onehot -> [ [GNN-SFT]-ENC => GM => ENC ] -> Onehot
Train - Original,0.6629709364908504,0.05610990524291992,0,0,Unknown,15.146628379821777,0.0036301612854003906,CreditDefault,XGBClassifier,40,onehot,onehot,Onehot -> [ GNN-MultiHead-Encoded => GM => Encoded ] -> Onehot,GM,GNN-MultiHead,encoded,encoded,False,centroid,Onehot -> [ [GNN-SFT]-ENC => GM => ENC ] -> Onehot
Val,0.6498980848015177,0.05610990524291992,0,0,Unknown,15.146628379821777,0.002016782760620117,CreditDefault,XGBClassifier,40,onehot,onehot,Onehot -> [ GNN-MultiHead-Encoded => GM => Encoded ] -> Onehot,GM,GNN-MultiHead,encoded,encoded,False,centroid,Onehot -> [ [GNN-SFT]-ENC => GM => ENC ] -> Onehot
Test,0.657479667413372,0.05610990524291992,0,0,Unknown,15.146628379821777,0.0019526481628417969,CreditDefault,XGBClassifier,40,onehot,onehot,Onehot -> [ GNN-MultiHead-Encoded => GM => Encoded ] -> Onehot,GM,GNN-MultiHead,encoded,encoded,False,centroid,Onehot -> [ [GNN-SFT]-ENC => GM => ENC ] -> Onehot
Train,1.0,0.0676736831665039,0,0,Unknown,15.12252163887024,0.0023338794708251953,CreditDefault,XGBClassifier,40,onehot,onehot,Onehot -> [ GNN-MultiHead-Encoded => GM => Decoded ] -> Onehot,GM,GNN-MultiHead,encoded,decoded,False,centroid,Onehot -> [ [GNN-SFT]-ENC => GM => DEC ] -> Onehot
Train - Original,0.5601722282023681,0.0676736831665039,0,0,Unknown,15.12252163887024,0.004711151123046875,CreditDefault,XGBClassifier,40,onehot,onehot,Onehot -> [ GNN-MultiHead-Encoded => GM => Decoded ] -> Onehot,GM,GNN-MultiHead,encoded,decoded,False,centroid,Onehot -> [ [GNN-SFT]-ENC => GM => DEC ] -> Onehot
Val,0.5646984924623115,0.0676736831665039,0,0,Unknown,15.12252163887024,0.0022361278533935547,CreditDefault,XGBClassifier,40,onehot,onehot,Onehot -> [ GNN-MultiHead-Encoded => GM => Decoded ] -> Onehot,GM,GNN-MultiHead,encoded,decoded,False,centroid,Onehot -> [ [GNN-SFT]-ENC => GM => DEC ] -> Onehot
Test,0.5638766119755404,0.0676736831665039,0,0,Unknown,15.12252163887024,0.0021600723266601562,CreditDefault,XGBClassifier,40,onehot,onehot,Onehot -> [ GNN-MultiHead-Encoded => GM => Decoded ] -> Onehot,GM,GNN-MultiHead,encoded,decoded,False,centroid,Onehot -> [ [GNN-SFT]-ENC => GM => DEC ] -> Onehot
Train,0.9875,0.0869441032409668,0,0,Unknown,14.998231649398804,0.0023860931396484375,CreditDefault,XGBClassifier,40,onehot,onehot,Onehot -> [ GNN-MultiHead-Encoded => GM => Decoded-Binary ] -> Onehot,GM,GNN-MultiHead,encoded,decoded,True,centroid,Onehot -> [ [GNN-SFT]-ENC => GM => DEC-BIN ] -> Onehot
Train - Original,0.5706135629709366,0.0869441032409668,0,0,Unknown,14.998231649398804,0.004243135452270508,CreditDefault,XGBClassifier,40,onehot,onehot,Onehot -> [ GNN-MultiHead-Encoded => GM => Decoded-Binary ] -> Onehot,GM,GNN-MultiHead,encoded,decoded,True,centroid,Onehot -> [ [GNN-SFT]-ENC => GM => DEC-BIN ] -> Onehot
Val,0.5816971403200742,0.0869441032409668,0,0,Unknown,14.998231649398804,0.002340078353881836,CreditDefault,XGBClassifier,40,onehot,onehot,Onehot -> [ GNN-MultiHead-Encoded => GM => Decoded-Binary ] -> Onehot,GM,GNN-MultiHead,encoded,decoded,True,centroid,Onehot -> [ [GNN-SFT]-ENC => GM => DEC-BIN ] -> Onehot
Test,0.58255030170935,0.0869441032409668,0,0,Unknown,14.998231649398804,0.0020661354064941406,CreditDefault,XGBClassifier,40,onehot,onehot,Onehot -> [ GNN-MultiHead-Encoded => GM => Decoded-Binary ] -> Onehot,GM,GNN-MultiHead,encoded,decoded,True,centroid,Onehot -> [ [GNN-SFT]-ENC => GM => DEC-BIN ] -> Onehot
Train,1.0,0.04497098922729492,0,0,Unknown,15.226845026016235,0.0018773078918457031,CreditDefault,XGBClassifier,40,onehot,onehot,Onehot -> [ GNN-MultiHead-Encoded => GM => Encoded ] -> Onehot,GM,GNN-MultiHead,encoded,encoded,False,centroid,Onehot -> [ [GNN-SFT]-ENC => GM => ENC ] -> Onehot
Train - Original,0.6164693218514532,0.04497098922729492,0,0,Unknown,15.226845026016235,0.003068685531616211,CreditDefault,XGBClassifier,40,onehot,onehot,Onehot -> [ GNN-MultiHead-Encoded => GM => Encoded ] -> Onehot,GM,GNN-MultiHead,encoded,encoded,False,centroid,Onehot -> [ [GNN-SFT]-ENC => GM => ENC ] -> Onehot
Val,0.6725439446227119,0.04497098922729492,0,0,Unknown,15.226845026016235,0.001748800277709961,CreditDefault,XGBClassifier,40,onehot,onehot,Onehot -> [ GNN-MultiHead-Encoded => GM => Encoded ] -> Onehot,GM,GNN-MultiHead,encoded,encoded,False,centroid,Onehot -> [ [GNN-SFT]-ENC => GM => ENC ] -> Onehot
Test,0.6468910819156022,0.04497098922729492,0,0,Unknown,15.226845026016235,0.0017063617706298828,CreditDefault,XGBClassifier,40,onehot,onehot,Onehot -> [ GNN-MultiHead-Encoded => GM => Encoded ] -> Onehot,GM,GNN-MultiHead,encoded,encoded,False,centroid,Onehot -> [ [GNN-SFT]-ENC => GM => ENC ] -> Onehot
Train,1.0,0.05705618858337402,0,0,Unknown,15.165437698364258,0.0024001598358154297,CreditDefault,XGBClassifier,40,onehot,onehot,Onehot -> [ GNN-MultiHead-Encoded => GM => Decoded ] -> Onehot,GM,GNN-MultiHead,encoded,decoded,False,centroid,Onehot -> [ [GNN-SFT]-ENC => GM => DEC ] -> Onehot
Train - Original,0.5827771797631862,0.05705618858337402,0,0,Unknown,15.165437698364258,0.004121065139770508,CreditDefault,XGBClassifier,40,onehot,onehot,Onehot -> [ GNN-MultiHead-Encoded => GM => Decoded ] -> Onehot,GM,GNN-MultiHead,encoded,decoded,False,centroid,Onehot -> [ [GNN-SFT]-ENC => GM => DEC ] -> Onehot
Val,0.5892010252063531,0.05705618858337402,0,0,Unknown,15.165437698364258,0.0020143985748291016,CreditDefault,XGBClassifier,40,onehot,onehot,Onehot -> [ GNN-MultiHead-Encoded => GM => Decoded ] -> Onehot,GM,GNN-MultiHead,encoded,decoded,False,centroid,Onehot -> [ [GNN-SFT]-ENC => GM => DEC ] -> Onehot
Test,0.6011644568222639,0.05705618858337402,0,0,Unknown,15.165437698364258,0.0019884109497070312,CreditDefault,XGBClassifier,40,onehot,onehot,Onehot -> [ GNN-MultiHead-Encoded => GM => Decoded ] -> Onehot,GM,GNN-MultiHead,encoded,decoded,False,centroid,Onehot -> [ [GNN-SFT]-ENC => GM => DEC ] -> Onehot
Train,0.9624999999999999,0.0814356803894043,0,0,Unknown,15.094881772994995,0.0020797252655029297,CreditDefault,XGBClassifier,40,onehot,onehot,Onehot -> [ GNN-MultiHead-Encoded => GM => Decoded-Binary ] -> Onehot,GM,GNN-MultiHead,encoded,decoded,True,centroid,Onehot -> [ [GNN-SFT]-ENC => GM => DEC-BIN ] -> Onehot
Train - Original,0.4794402583423035,0.0814356803894043,0,0,Unknown,15.094881772994995,0.004463672637939453,CreditDefault,XGBClassifier,40,onehot,onehot,Onehot -> [ GNN-MultiHead-Encoded => GM => Decoded-Binary ] -> Onehot,GM,GNN-MultiHead,encoded,decoded,True,centroid,Onehot -> [ [GNN-SFT]-ENC => GM => DEC-BIN ] -> Onehot
Val,0.5061815099594358,0.0814356803894043,0,0,Unknown,15.094881772994995,0.0021619796752929688,CreditDefault,XGBClassifier,40,onehot,onehot,Onehot -> [ GNN-MultiHead-Encoded => GM => Decoded-Binary ] -> Onehot,GM,GNN-MultiHead,encoded,decoded,True,centroid,Onehot -> [ [GNN-SFT]-ENC => GM => DEC-BIN ] -> Onehot
Test,0.46970343686302996,0.0814356803894043,0,0,Unknown,15.094881772994995,0.002177000045776367,CreditDefault,XGBClassifier,40,onehot,onehot,Onehot -> [ GNN-MultiHead-Encoded => GM => Decoded-Binary ] -> Onehot,GM,GNN-MultiHead,encoded,decoded,True,centroid,Onehot -> [ [GNN-SFT]-ENC => GM => DEC-BIN ] -> Onehot
Train,1.0,0.051755666732788086,0,0,Unknown,15.15718936920166,0.0017740726470947266,CreditDefault,XGBClassifier,40,onehot,onehot,Onehot -> [ GNN-MultiHead-Encoded => GM => Encoded ] -> Onehot,GM,GNN-MultiHead,encoded,encoded,False,centroid,Onehot -> [ [GNN-SFT]-ENC => GM => ENC ] -> Onehot
Train - Original,0.6551130247578041,0.051755666732788086,0,0,Unknown,15.15718936920166,0.0031003952026367188,CreditDefault,XGBClassifier,40,onehot,onehot,Onehot -> [ GNN-MultiHead-Encoded => GM => Encoded ] -> Onehot,GM,GNN-MultiHead,encoded,encoded,False,centroid,Onehot -> [ [GNN-SFT]-ENC => GM => ENC ] -> Onehot
Val,0.6222876430344493,0.051755666732788086,0,0,Unknown,15.15718936920166,0.0017862319946289062,CreditDefault,XGBClassifier,40,onehot,onehot,Onehot -> [ GNN-MultiHead-Encoded => GM => Encoded ] -> Onehot,GM,GNN-MultiHead,encoded,encoded,False,centroid,Onehot -> [ [GNN-SFT]-ENC => GM => ENC ] -> Onehot
Test,0.6418932009444814,0.051755666732788086,0,0,Unknown,15.15718936920166,0.0017399787902832031,CreditDefault,XGBClassifier,40,onehot,onehot,Onehot -> [ GNN-MultiHead-Encoded => GM => Encoded ] -> Onehot,GM,GNN-MultiHead,encoded,encoded,False,centroid,Onehot -> [ [GNN-SFT]-ENC => GM => ENC ] -> Onehot
Train,1.0,0.04952740669250488,0,0,Unknown,15.092118978500366,0.0019037723541259766,CreditDefault,XGBClassifier,40,onehot,onehot,Onehot -> [ GNN-MultiHead-Encoded => GM => Decoded ] -> Onehot,GM,GNN-MultiHead,encoded,decoded,False,centroid,Onehot -> [ [GNN-SFT]-ENC => GM => DEC ] -> Onehot
Train - Original,0.48191603875134553,0.04952740669250488,0,0,Unknown,15.092118978500366,0.003664255142211914,CreditDefault,XGBClassifier,40,onehot,onehot,Onehot -> [ GNN-MultiHead-Encoded => GM => Decoded ] -> Onehot,GM,GNN-MultiHead,encoded,decoded,False,centroid,Onehot -> [ [GNN-SFT]-ENC => GM => DEC ] -> Onehot
Val,0.48594528869245823,0.04952740669250488,0,0,Unknown,15.092118978500366,0.0019159317016601562,CreditDefault,XGBClassifier,40,onehot,onehot,Onehot -> [ GNN-MultiHead-Encoded => GM => Decoded ] -> Onehot,GM,GNN-MultiHead,encoded,decoded,False,centroid,Onehot -> [ [GNN-SFT]-ENC => GM => DEC ] -> Onehot
Test,0.4864301426812779,0.04952740669250488,0,0,Unknown,15.092118978500366,0.0018916130065917969,CreditDefault,XGBClassifier,40,onehot,onehot,Onehot -> [ GNN-MultiHead-Encoded => GM => Decoded ] -> Onehot,GM,GNN-MultiHead,encoded,decoded,False,centroid,Onehot -> [ [GNN-SFT]-ENC => GM => DEC ] -> Onehot
Train,0.9875,0.08616137504577637,0,0,Unknown,15.137740850448608,0.0027475357055664062,CreditDefault,XGBClassifier,40,onehot,onehot,Onehot -> [ GNN-MultiHead-Encoded => GM => Decoded-Binary ] -> Onehot,GM,GNN-MultiHead,encoded,decoded,True,centroid,Onehot -> [ [GNN-SFT]-ENC => GM => DEC-BIN ] -> Onehot
Train - Original,0.44607104413347687,0.08616137504577637,0,0,Unknown,15.137740850448608,0.004822969436645508,CreditDefault,XGBClassifier,40,onehot,onehot,Onehot -> [ GNN-MultiHead-Encoded => GM => Decoded-Binary ] -> Onehot,GM,GNN-MultiHead,encoded,decoded,True,centroid,Onehot -> [ [GNN-SFT]-ENC => GM => DEC-BIN ] -> Onehot
Val,0.45008778833928675,0.08616137504577637,0,0,Unknown,15.137740850448608,0.0023932456970214844,CreditDefault,XGBClassifier,40,onehot,onehot,Onehot -> [ GNN-MultiHead-Encoded => GM => Decoded-Binary ] -> Onehot,GM,GNN-MultiHead,encoded,decoded,True,centroid,Onehot -> [ [GNN-SFT]-ENC => GM => DEC-BIN ] -> Onehot
Test,0.45447720530362656,0.08616137504577637,0,0,Unknown,15.137740850448608,0.002351999282836914,CreditDefault,XGBClassifier,40,onehot,onehot,Onehot -> [ GNN-MultiHead-Encoded => GM => Decoded-Binary ] -> Onehot,GM,GNN-MultiHead,encoded,decoded,True,centroid,Onehot -> [ [GNN-SFT]-ENC => GM => DEC-BIN ] -> Onehot
Train,1.0,0.058431148529052734,0,0,Unknown,14.992866277694702,0.002260446548461914,CreditDefault,XGBClassifier,40,onehot,onehot,Onehot -> [ GNN-MultiHead-Encoded => GM => Encoded ] -> Onehot,GM,GNN-MultiHead,encoded,encoded,False,centroid,Onehot -> [ [GNN-SFT]-ENC => GM => ENC ] -> Onehot
Train - Original,0.6634015069967707,0.058431148529052734,0,0,Unknown,14.992866277694702,0.0037081241607666016,CreditDefault,XGBClassifier,40,onehot,onehot,Onehot -> [ GNN-MultiHead-Encoded => GM => Encoded ] -> Onehot,GM,GNN-MultiHead,encoded,encoded,False,centroid,Onehot -> [ [GNN-SFT]-ENC => GM => ENC ] -> Onehot
Val,0.6881258703154325,0.058431148529052734,0,0,Unknown,14.992866277694702,0.0020856857299804688,CreditDefault,XGBClassifier,40,onehot,onehot,Onehot -> [ GNN-MultiHead-Encoded => GM => Encoded ] -> Onehot,GM,GNN-MultiHead,encoded,encoded,False,centroid,Onehot -> [ [GNN-SFT]-ENC => GM => ENC ] -> Onehot
Test,0.6780181025609977,0.058431148529052734,0,0,Unknown,14.992866277694702,0.001995086669921875,CreditDefault,XGBClassifier,40,onehot,onehot,Onehot -> [ GNN-MultiHead-Encoded => GM => Encoded ] -> Onehot,GM,GNN-MultiHead,encoded,encoded,False,centroid,Onehot -> [ [GNN-SFT]-ENC => GM => ENC ] -> Onehot
Train,0.98,0.12930583953857422,0,0,Unknown,15.900853157043457,0.002193927764892578,CreditDefault,XGBClassifier,50,onehot,onehot,Onehot -> [ GM => Original ] -> Onehot,GM,N/A,original,original,False,centroid,Onehot -> [ GM => ORI ] -> Onehot
Train - Original,0.608826695371367,0.12930583953857422,0,0,Unknown,15.900853157043457,0.004518747329711914,CreditDefault,XGBClassifier,50,onehot,onehot,Onehot -> [ GM => Original ] -> Onehot,GM,N/A,original,original,False,centroid,Onehot -> [ GM => ORI ] -> Onehot
Val,0.6087132449395571,0.12930583953857422,0,0,Unknown,15.900853157043457,0.002140522003173828,CreditDefault,XGBClassifier,50,onehot,onehot,Onehot -> [ GM => Original ] -> Onehot,GM,N/A,original,original,False,centroid,Onehot -> [ GM => ORI ] -> Onehot
Test,0.596719541482513,0.12930583953857422,0,0,Unknown,15.900853157043457,0.002126455307006836,CreditDefault,XGBClassifier,50,onehot,onehot,Onehot -> [ GM => Original ] -> Onehot,GM,N/A,original,original,False,centroid,Onehot -> [ GM => ORI ] -> Onehot
Train,0.97,0.1254429817199707,0,0,Unknown,15.775535106658936,0.002062559127807617,CreditDefault,XGBClassifier,50,onehot,onehot,Onehot -> [ GM => Original ] -> Onehot,GM,N/A,original,original,False,centroid,Onehot -> [ GM => ORI ] -> Onehot
Train - Original,0.6304628632938644,0.1254429817199707,0,0,Unknown,15.775535106658936,0.004479885101318359,CreditDefault,XGBClassifier,50,onehot,onehot,Onehot -> [ GM => Original ] -> Onehot,GM,N/A,original,original,False,centroid,Onehot -> [ GM => ORI ] -> Onehot
Val,0.6307985711690984,0.1254429817199707,0,0,Unknown,15.775535106658936,0.0021080970764160156,CreditDefault,XGBClassifier,50,onehot,onehot,Onehot -> [ GM => Original ] -> Onehot,GM,N/A,original,original,False,centroid,Onehot -> [ GM => ORI ] -> Onehot
Test,0.6303671974329479,0.1254429817199707,0,0,Unknown,15.775535106658936,0.0022614002227783203,CreditDefault,XGBClassifier,50,onehot,onehot,Onehot -> [ GM => Original ] -> Onehot,GM,N/A,original,original,False,centroid,Onehot -> [ GM => ORI ] -> Onehot
Train,0.97,0.11407732963562012,0,0,Unknown,15.72039532661438,0.0024514198303222656,CreditDefault,XGBClassifier,50,onehot,onehot,Onehot -> [ GM => Original ] -> Onehot,GM,N/A,original,original,False,centroid,Onehot -> [ GM => ORI ] -> Onehot
Train - Original,0.6096878363832077,0.11407732963562012,0,0,Unknown,15.72039532661438,0.004897117614746094,CreditDefault,XGBClassifier,50,onehot,onehot,Onehot -> [ GM => Original ] -> Onehot,GM,N/A,original,original,False,centroid,Onehot -> [ GM => ORI ] -> Onehot
Val,0.6223058061391293,0.11407732963562012,0,0,Unknown,15.72039532661438,0.002424001693725586,CreditDefault,XGBClassifier,50,onehot,onehot,Onehot -> [ GM => Original ] -> Onehot,GM,N/A,original,original,False,centroid,Onehot -> [ GM => ORI ] -> Onehot
Test,0.6057112873604973,0.11407732963562012,0,0,Unknown,15.72039532661438,0.002385377883911133,CreditDefault,XGBClassifier,50,onehot,onehot,Onehot -> [ GM => Original ] -> Onehot,GM,N/A,original,original,False,centroid,Onehot -> [ GM => ORI ] -> Onehot
Train,0.97,0.10587954521179199,0,0,Unknown,15.859717607498169,0.0024323463439941406,CreditDefault,XGBClassifier,50,onehot,onehot,Onehot -> [ GM => Original ] -> Onehot,GM,N/A,original,original,False,centroid,Onehot -> [ GM => ORI ] -> Onehot
Train - Original,0.6148546824542519,0.10587954521179199,0,0,Unknown,15.859717607498169,0.00663447380065918,CreditDefault,XGBClassifier,50,onehot,onehot,Onehot -> [ GM => Original ] -> Onehot,GM,N/A,original,original,False,centroid,Onehot -> [ GM => ORI ] -> Onehot
Val,0.6092253435853969,0.10587954521179199,0,0,Unknown,15.859717607498169,0.0022056102752685547,CreditDefault,XGBClassifier,50,onehot,onehot,Onehot -> [ GM => Original ] -> Onehot,GM,N/A,original,original,False,centroid,Onehot -> [ GM => ORI ] -> Onehot
Test,0.6132802567052128,0.10587954521179199,0,0,Unknown,15.859717607498169,0.0021975040435791016,CreditDefault,XGBClassifier,50,onehot,onehot,Onehot -> [ GM => Original ] -> Onehot,GM,N/A,original,original,False,centroid,Onehot -> [ GM => ORI ] -> Onehot
Train,1.0,0.10419964790344238,0,0,Unknown,15.864750862121582,0.002696514129638672,CreditDefault,XGBClassifier,50,onehot,onehot,Onehot -> [ GM => Original ] -> Onehot,GM,N/A,original,original,False,centroid,Onehot -> [ GM => ORI ] -> Onehot
Train - Original,0.6418729817007535,0.10419964790344238,0,0,Unknown,15.864750862121582,0.005921125411987305,CreditDefault,XGBClassifier,50,onehot,onehot,Onehot -> [ GM => Original ] -> Onehot,GM,N/A,original,original,False,centroid,Onehot -> [ GM => ORI ] -> Onehot
Val,0.6333489737845857,0.10419964790344238,0,0,Unknown,15.864750862121582,0.0023059844970703125,CreditDefault,XGBClassifier,50,onehot,onehot,Onehot -> [ GM => Original ] -> Onehot,GM,N/A,original,original,False,centroid,Onehot -> [ GM => ORI ] -> Onehot
Test,0.6353559968517285,0.10419964790344238,0,0,Unknown,15.864750862121582,0.002321004867553711,CreditDefault,XGBClassifier,50,onehot,onehot,Onehot -> [ GM => Original ] -> Onehot,GM,N/A,original,original,False,centroid,Onehot -> [ GM => ORI ] -> Onehot
Train,1.0,0.07303667068481445,0,0,Unknown,15.145453691482544,0.0023822784423828125,CreditDefault,XGBClassifier,50,onehot,onehot,Onehot -> [ GNN-MultiHead-Encoded => GM => Decoded ] -> Onehot,GM,GNN-MultiHead,encoded,decoded,False,centroid,Onehot -> [ [GNN-SFT]-ENC => GM => DEC ] -> Onehot
Train - Original,0.5005382131324004,0.07303667068481445,0,0,Unknown,15.145453691482544,0.003782510757446289,CreditDefault,XGBClassifier,50,onehot,onehot,Onehot -> [ GNN-MultiHead-Encoded => GM => Decoded ] -> Onehot,GM,GNN-MultiHead,encoded,decoded,False,centroid,Onehot -> [ [GNN-SFT]-ENC => GM => DEC ] -> Onehot
Val,0.4994974874371859,0.07303667068481445,0,0,Unknown,15.145453691482544,0.0022995471954345703,CreditDefault,XGBClassifier,50,onehot,onehot,Onehot -> [ GNN-MultiHead-Encoded => GM => Decoded ] -> Onehot,GM,GNN-MultiHead,encoded,decoded,False,centroid,Onehot -> [ [GNN-SFT]-ENC => GM => DEC ] -> Onehot
Test,0.5000005045306856,0.07303667068481445,0,0,Unknown,15.145453691482544,0.001971721649169922,CreditDefault,XGBClassifier,50,onehot,onehot,Onehot -> [ GNN-MultiHead-Encoded => GM => Decoded ] -> Onehot,GM,GNN-MultiHead,encoded,decoded,False,centroid,Onehot -> [ [GNN-SFT]-ENC => GM => DEC ] -> Onehot
Train,0.99,0.11228680610656738,0,0,Unknown,15.283349514007568,0.0027701854705810547,CreditDefault,XGBClassifier,50,onehot,onehot,Onehot -> [ GNN-MultiHead-Encoded => GM => Decoded-Binary ] -> Onehot,GM,GNN-MultiHead,encoded,decoded,True,centroid,Onehot -> [ [GNN-SFT]-ENC => GM => DEC-BIN ] -> Onehot
Train - Original,0.48191603875134553,0.11228680610656738,0,0,Unknown,15.283349514007568,0.004708766937255859,CreditDefault,XGBClassifier,50,onehot,onehot,Onehot -> [ GNN-MultiHead-Encoded => GM => Decoded-Binary ] -> Onehot,GM,GNN-MultiHead,encoded,decoded,True,centroid,Onehot -> [ [GNN-SFT]-ENC => GM => DEC-BIN ] -> Onehot
Val,0.4821946075760327,0.11228680610656738,0,0,Unknown,15.283349514007568,0.0021779537200927734,CreditDefault,XGBClassifier,50,onehot,onehot,Onehot -> [ GNN-MultiHead-Encoded => GM => Decoded-Binary ] -> Onehot,GM,GNN-MultiHead,encoded,decoded,True,centroid,Onehot -> [ [GNN-SFT]-ENC => GM => DEC-BIN ] -> Onehot
Test,0.489160158220823,0.11228680610656738,0,0,Unknown,15.283349514007568,0.0021178722381591797,CreditDefault,XGBClassifier,50,onehot,onehot,Onehot -> [ GNN-MultiHead-Encoded => GM => Decoded-Binary ] -> Onehot,GM,GNN-MultiHead,encoded,decoded,True,centroid,Onehot -> [ [GNN-SFT]-ENC => GM => DEC-BIN ] -> Onehot
Train,1.0,0.05617403984069824,0,0,Unknown,15.302088975906372,0.002015352249145508,CreditDefault,XGBClassifier,50,onehot,onehot,Onehot -> [ GNN-MultiHead-Encoded => GM => Encoded ] -> Onehot,GM,GNN-MultiHead,encoded,encoded,False,centroid,Onehot -> [ [GNN-SFT]-ENC => GM => ENC ] -> Onehot
Train - Original,0.6297093649085037,0.05617403984069824,0,0,Unknown,15.302088975906372,0.0032989978790283203,CreditDefault,XGBClassifier,50,onehot,onehot,Onehot -> [ GNN-MultiHead-Encoded => GM => Encoded ] -> Onehot,GM,GNN-MultiHead,encoded,encoded,False,centroid,Onehot -> [ [GNN-SFT]-ENC => GM => ENC ] -> Onehot
Val,0.6484394865895744,0.05617403984069824,0,0,Unknown,15.302088975906372,0.0018780231475830078,CreditDefault,XGBClassifier,50,onehot,onehot,Onehot -> [ GNN-MultiHead-Encoded => GM => Encoded ] -> Onehot,GM,GNN-MultiHead,encoded,encoded,False,centroid,Onehot -> [ [GNN-SFT]-ENC => GM => ENC ] -> Onehot
Test,0.6358448870860325,0.05617403984069824,0,0,Unknown,15.302088975906372,0.0018329620361328125,CreditDefault,XGBClassifier,50,onehot,onehot,Onehot -> [ GNN-MultiHead-Encoded => GM => Encoded ] -> Onehot,GM,GNN-MultiHead,encoded,encoded,False,centroid,Onehot -> [ [GNN-SFT]-ENC => GM => ENC ] -> Onehot
Train,1.0,0.07368803024291992,0,0,Unknown,15.261754989624023,0.0018680095672607422,CreditDefault,XGBClassifier,50,onehot,onehot,Onehot -> [ GNN-MultiHead-Encoded => GM => Decoded ] -> Onehot,GM,GNN-MultiHead,encoded,decoded,False,centroid,Onehot -> [ [GNN-SFT]-ENC => GM => DEC ] -> Onehot
Train - Original,0.4060279870828848,0.07368803024291992,0,0,Unknown,15.261754989624023,0.00395655632019043,CreditDefault,XGBClassifier,50,onehot,onehot,Onehot -> [ GNN-MultiHead-Encoded => GM => Decoded ] -> Onehot,GM,GNN-MultiHead,encoded,decoded,False,centroid,Onehot -> [ [GNN-SFT]-ENC => GM => DEC ] -> Onehot
Val,0.40529404048354223,0.07368803024291992,0,0,Unknown,15.261754989624023,0.003813505172729492,CreditDefault,XGBClassifier,50,onehot,onehot,Onehot -> [ GNN-MultiHead-Encoded => GM => Decoded ] -> Onehot,GM,GNN-MultiHead,encoded,decoded,False,centroid,Onehot -> [ [GNN-SFT]-ENC => GM => DEC ] -> Onehot
Test,0.399332505903009,0.07368803024291992,0,0,Unknown,15.261754989624023,0.0019216537475585938,CreditDefault,XGBClassifier,50,onehot,onehot,Onehot -> [ GNN-MultiHead-Encoded => GM => Decoded ] -> Onehot,GM,GNN-MultiHead,encoded,decoded,False,centroid,Onehot -> [ [GNN-SFT]-ENC => GM => DEC ] -> Onehot
Train,0.99,0.12350630760192871,0,0,Unknown,15.350970029830933,0.0035152435302734375,CreditDefault,XGBClassifier,50,onehot,onehot,Onehot -> [ GNN-MultiHead-Encoded => GM => Decoded-Binary ] -> Onehot,GM,GNN-MultiHead,encoded,decoded,True,centroid,Onehot -> [ [GNN-SFT]-ENC => GM => DEC-BIN ] -> Onehot
Train - Original,0.42798708288482235,0.12350630760192871,0,0,Unknown,15.350970029830933,0.0051686763763427734,CreditDefault,XGBClassifier,50,onehot,onehot,Onehot -> [ GNN-MultiHead-Encoded => GM => Decoded-Binary ] -> Onehot,GM,GNN-MultiHead,encoded,decoded,True,centroid,Onehot -> [ [GNN-SFT]-ENC => GM => DEC-BIN ] -> Onehot
Val,0.4304287501765858,0.12350630760192871,0,0,Unknown,15.350970029830933,0.0024712085723876953,CreditDefault,XGBClassifier,50,onehot,onehot,Onehot -> [ GNN-MultiHead-Encoded => GM => Decoded-Binary ] -> Onehot,GM,GNN-MultiHead,encoded,decoded,True,centroid,Onehot -> [ [GNN-SFT]-ENC => GM => DEC-BIN ] -> Onehot
Test,0.4229117474924825,0.12350630760192871,0,0,Unknown,15.350970029830933,0.002408742904663086,CreditDefault,XGBClassifier,50,onehot,onehot,Onehot -> [ GNN-MultiHead-Encoded => GM => Decoded-Binary ] -> Onehot,GM,GNN-MultiHead,encoded,decoded,True,centroid,Onehot -> [ [GNN-SFT]-ENC => GM => DEC-BIN ] -> Onehot
Train,1.0,0.054560184478759766,0,0,Unknown,15.284727811813354,0.0018596649169921875,CreditDefault,XGBClassifier,50,onehot,onehot,Onehot -> [ GNN-MultiHead-Encoded => GM => Encoded ] -> Onehot,GM,GNN-MultiHead,encoded,encoded,False,centroid,Onehot -> [ [GNN-SFT]-ENC => GM => ENC ] -> Onehot
Train - Original,0.6715823466092572,0.054560184478759766,0,0,Unknown,15.284727811813354,0.0031642913818359375,CreditDefault,XGBClassifier,50,onehot,onehot,Onehot -> [ GNN-MultiHead-Encoded => GM => Encoded ] -> Onehot,GM,GNN-MultiHead,encoded,encoded,False,centroid,Onehot -> [ [GNN-SFT]-ENC => GM => ENC ] -> Onehot
Val,0.6534141591491595,0.054560184478759766,0,0,Unknown,15.284727811813354,0.0017650127410888672,CreditDefault,XGBClassifier,50,onehot,onehot,Onehot -> [ GNN-MultiHead-Encoded => GM => Encoded ] -> Onehot,GM,GNN-MultiHead,encoded,encoded,False,centroid,Onehot -> [ [GNN-SFT]-ENC => GM => ENC ] -> Onehot
Test,0.6650158422635265,0.054560184478759766,0,0,Unknown,15.284727811813354,0.0017075538635253906,CreditDefault,XGBClassifier,50,onehot,onehot,Onehot -> [ GNN-MultiHead-Encoded => GM => Encoded ] -> Onehot,GM,GNN-MultiHead,encoded,encoded,False,centroid,Onehot -> [ [GNN-SFT]-ENC => GM => ENC ] -> Onehot
Train,1.0,0.059297800064086914,0,0,Unknown,15.22272253036499,0.002727508544921875,CreditDefault,XGBClassifier,50,onehot,onehot,Onehot -> [ GNN-MultiHead-Encoded => GM => Decoded ] -> Onehot,GM,GNN-MultiHead,encoded,decoded,False,centroid,Onehot -> [ [GNN-SFT]-ENC => GM => DEC ] -> Onehot
Train - Original,0.5018299246501614,0.059297800064086914,0,0,Unknown,15.22272253036499,0.0044269561767578125,CreditDefault,XGBClassifier,50,onehot,onehot,Onehot -> [ GNN-MultiHead-Encoded => GM => Decoded ] -> Onehot,GM,GNN-MultiHead,encoded,decoded,False,centroid,Onehot -> [ [GNN-SFT]-ENC => GM => DEC ] -> Onehot
Val,0.5065104639664184,0.059297800064086914,0,0,Unknown,15.22272253036499,0.0021915435791015625,CreditDefault,XGBClassifier,50,onehot,onehot,Onehot -> [ GNN-MultiHead-Encoded => GM => Decoded ] -> Onehot,GM,GNN-MultiHead,encoded,decoded,False,centroid,Onehot -> [ [GNN-SFT]-ENC => GM => DEC ] -> Onehot
Test,0.501021170107566,0.059297800064086914,0,0,Unknown,15.22272253036499,0.0021402835845947266,CreditDefault,XGBClassifier,50,onehot,onehot,Onehot -> [ GNN-MultiHead-Encoded => GM => Decoded ] -> Onehot,GM,GNN-MultiHead,encoded,decoded,False,centroid,Onehot -> [ [GNN-SFT]-ENC => GM => DEC ] -> Onehot
Train,0.97,0.09765434265136719,0,0,Unknown,15.204086303710938,0.0020551681518554688,CreditDefault,XGBClassifier,50,onehot,onehot,Onehot -> [ GNN-MultiHead-Encoded => GM => Decoded-Binary ] -> Onehot,GM,GNN-MultiHead,encoded,decoded,True,centroid,Onehot -> [ [GNN-SFT]-ENC => GM => DEC-BIN ] -> Onehot
Train - Original,0.5417653390742734,0.09765434265136719,0,0,Unknown,15.204086303710938,0.004300355911254883,CreditDefault,XGBClassifier,50,onehot,onehot,Onehot -> [ GNN-MultiHead-Encoded => GM => Decoded-Binary ] -> Onehot,GM,GNN-MultiHead,encoded,decoded,True,centroid,Onehot -> [ [GNN-SFT]-ENC => GM => DEC-BIN ] -> Onehot
Val,0.5404593247361305,0.09765434265136719,0,0,Unknown,15.204086303710938,0.0020809173583984375,CreditDefault,XGBClassifier,50,onehot,onehot,Onehot -> [ GNN-MultiHead-Encoded => GM => Decoded-Binary ] -> Onehot,GM,GNN-MultiHead,encoded,decoded,True,centroid,Onehot -> [ [GNN-SFT]-ENC => GM => DEC-BIN ] -> Onehot
Test,0.5574766402292587,0.09765434265136719,0,0,Unknown,15.204086303710938,0.002068758010864258,CreditDefault,XGBClassifier,50,onehot,onehot,Onehot -> [ GNN-MultiHead-Encoded => GM => Decoded-Binary ] -> Onehot,GM,GNN-MultiHead,encoded,decoded,True,centroid,Onehot -> [ [GNN-SFT]-ENC => GM => DEC-BIN ] -> Onehot
Train,1.0,0.06071734428405762,0,0,Unknown,15.138664484024048,0.002116680145263672,CreditDefault,XGBClassifier,50,onehot,onehot,Onehot -> [ GNN-MultiHead-Encoded => GM => Encoded ] -> Onehot,GM,GNN-MultiHead,encoded,encoded,False,centroid,Onehot -> [ [GNN-SFT]-ENC => GM => ENC ] -> Onehot
Train - Original,0.6231431646932185,0.06071734428405762,0,0,Unknown,15.138664484024048,0.003632783889770508,CreditDefault,XGBClassifier,50,onehot,onehot,Onehot -> [ GNN-MultiHead-Encoded => GM => Encoded ] -> Onehot,GM,GNN-MultiHead,encoded,encoded,False,centroid,Onehot -> [ [GNN-SFT]-ENC => GM => ENC ] -> Onehot
Val,0.6785604730479708,0.06071734428405762,0,0,Unknown,15.138664484024048,0.0019643306732177734,CreditDefault,XGBClassifier,50,onehot,onehot,Onehot -> [ GNN-MultiHead-Encoded => GM => Encoded ] -> Onehot,GM,GNN-MultiHead,encoded,encoded,False,centroid,Onehot -> [ [GNN-SFT]-ENC => GM => ENC ] -> Onehot
Test,0.674521200379407,0.06071734428405762,0,0,Unknown,15.138664484024048,0.0019276142120361328,CreditDefault,XGBClassifier,50,onehot,onehot,Onehot -> [ GNN-MultiHead-Encoded => GM => Encoded ] -> Onehot,GM,GNN-MultiHead,encoded,encoded,False,centroid,Onehot -> [ [GNN-SFT]-ENC => GM => ENC ] -> Onehot
Train,1.0,0.08154082298278809,0,0,Unknown,15.22127628326416,0.0023610591888427734,CreditDefault,XGBClassifier,50,onehot,onehot,Onehot -> [ GNN-MultiHead-Encoded => GM => Decoded ] -> Onehot,GM,GNN-MultiHead,encoded,decoded,False,centroid,Onehot -> [ [GNN-SFT]-ENC => GM => DEC ] -> Onehot
Train - Original,0.5807319698600646,0.08154082298278809,0,0,Unknown,15.22127628326416,0.004416942596435547,CreditDefault,XGBClassifier,50,onehot,onehot,Onehot -> [ GNN-MultiHead-Encoded => GM => Decoded ] -> Onehot,GM,GNN-MultiHead,encoded,decoded,False,centroid,Onehot -> [ [GNN-SFT]-ENC => GM => DEC ] -> Onehot
Val,0.5826749207886823,0.08154082298278809,0,0,Unknown,15.22127628326416,0.0022573471069335938,CreditDefault,XGBClassifier,50,onehot,onehot,Onehot -> [ GNN-MultiHead-Encoded => GM => Decoded ] -> Onehot,GM,GNN-MultiHead,encoded,decoded,False,centroid,Onehot -> [ [GNN-SFT]-ENC => GM => DEC ] -> Onehot
Test,0.5986513894775081,0.08154082298278809,0,0,Unknown,15.22127628326416,0.0022459030151367188,CreditDefault,XGBClassifier,50,onehot,onehot,Onehot -> [ GNN-MultiHead-Encoded => GM => Decoded ] -> Onehot,GM,GNN-MultiHead,encoded,decoded,False,centroid,Onehot -> [ [GNN-SFT]-ENC => GM => DEC ] -> Onehot
Train,0.97,0.10953593254089355,0,0,Unknown,15.195671796798706,0.0027511119842529297,CreditDefault,XGBClassifier,50,onehot,onehot,Onehot -> [ GNN-MultiHead-Encoded => GM => Decoded-Binary ] -> Onehot,GM,GNN-MultiHead,encoded,decoded,True,centroid,Onehot -> [ [GNN-SFT]-ENC => GM => DEC-BIN ] -> Onehot
Train - Original,0.4504843918191604,0.10953593254089355,0,0,Unknown,15.195671796798706,0.004792213439941406,CreditDefault,XGBClassifier,50,onehot,onehot,Onehot -> [ GNN-MultiHead-Encoded => GM => Decoded-Binary ] -> Onehot,GM,GNN-MultiHead,encoded,decoded,True,centroid,Onehot -> [ [GNN-SFT]-ENC => GM => DEC-BIN ] -> Onehot
Val,0.4639644003148271,0.10953593254089355,0,0,Unknown,15.195671796798706,0.002326488494873047,CreditDefault,XGBClassifier,50,onehot,onehot,Onehot -> [ GNN-MultiHead-Encoded => GM => Decoded-Binary ] -> Onehot,GM,GNN-MultiHead,encoded,decoded,True,centroid,Onehot -> [ [GNN-SFT]-ENC => GM => DEC-BIN ] -> Onehot
Test,0.43155183548263404,0.10953593254089355,0,0,Unknown,15.195671796798706,0.002277374267578125,CreditDefault,XGBClassifier,50,onehot,onehot,Onehot -> [ GNN-MultiHead-Encoded => GM => Decoded-Binary ] -> Onehot,GM,GNN-MultiHead,encoded,decoded,True,centroid,Onehot -> [ [GNN-SFT]-ENC => GM => DEC-BIN ] -> Onehot
Train,1.0,0.05739879608154297,0,0,Unknown,15.25013542175293,0.0018150806427001953,CreditDefault,XGBClassifier,50,onehot,onehot,Onehot -> [ GNN-MultiHead-Encoded => GM => Encoded ] -> Onehot,GM,GNN-MultiHead,encoded,encoded,False,centroid,Onehot -> [ [GNN-SFT]-ENC => GM => ENC ] -> Onehot
Train - Original,0.6629709364908504,0.05739879608154297,0,0,Unknown,15.25013542175293,0.003187417984008789,CreditDefault,XGBClassifier,50,onehot,onehot,Onehot -> [ GNN-MultiHead-Encoded => GM => Encoded ] -> Onehot,GM,GNN-MultiHead,encoded,encoded,False,centroid,Onehot -> [ [GNN-SFT]-ENC => GM => ENC ] -> Onehot
Val,0.6278087223264919,0.05739879608154297,0,0,Unknown,15.25013542175293,0.0017783641815185547,CreditDefault,XGBClassifier,50,onehot,onehot,Onehot -> [ GNN-MultiHead-Encoded => GM => Encoded ] -> Onehot,GM,GNN-MultiHead,encoded,encoded,False,centroid,Onehot -> [ [GNN-SFT]-ENC => GM => ENC ] -> Onehot
Test,0.6549549958628483,0.05739879608154297,0,0,Unknown,15.25013542175293,0.001708984375,CreditDefault,XGBClassifier,50,onehot,onehot,Onehot -> [ GNN-MultiHead-Encoded => GM => Encoded ] -> Onehot,GM,GNN-MultiHead,encoded,encoded,False,centroid,Onehot -> [ [GNN-SFT]-ENC => GM => ENC ] -> Onehot
Train,1.0,0.07068753242492676,0,0,Unknown,15.24205732345581,0.0025658607482910156,CreditDefault,XGBClassifier,50,onehot,onehot,Onehot -> [ GNN-MultiHead-Encoded => GM => Decoded ] -> Onehot,GM,GNN-MultiHead,encoded,decoded,False,centroid,Onehot -> [ [GNN-SFT]-ENC => GM => DEC ] -> Onehot
Train - Original,0.4503767491926803,0.07068753242492676,0,0,Unknown,15.24205732345581,0.004484415054321289,CreditDefault,XGBClassifier,50,onehot,onehot,Onehot -> [ GNN-MultiHead-Encoded => GM => Decoded ] -> Onehot,GM,GNN-MultiHead,encoded,decoded,False,centroid,Onehot -> [ [GNN-SFT]-ENC => GM => DEC ] -> Onehot
Val,0.4486503804161369,0.07068753242492676,0,0,Unknown,15.24205732345581,0.002235889434814453,CreditDefault,XGBClassifier,50,onehot,onehot,Onehot -> [ GNN-MultiHead-Encoded => GM => Decoded ] -> Onehot,GM,GNN-MultiHead,encoded,decoded,False,centroid,Onehot -> [ [GNN-SFT]-ENC => GM => DEC ] -> Onehot
Test,0.4262870577788541,0.07068753242492676,0,0,Unknown,15.24205732345581,0.0021774768829345703,CreditDefault,XGBClassifier,50,onehot,onehot,Onehot -> [ GNN-MultiHead-Encoded => GM => Decoded ] -> Onehot,GM,GNN-MultiHead,encoded,decoded,False,centroid,Onehot -> [ [GNN-SFT]-ENC => GM => DEC ] -> Onehot
Train,0.99,0.09649205207824707,0,0,Unknown,15.293511390686035,0.0028145313262939453,CreditDefault,XGBClassifier,50,onehot,onehot,Onehot -> [ GNN-MultiHead-Encoded => GM => Decoded-Binary ] -> Onehot,GM,GNN-MultiHead,encoded,decoded,True,centroid,Onehot -> [ [GNN-SFT]-ENC => GM => DEC-BIN ] -> Onehot
Train - Original,0.4347685683530678,0.09649205207824707,0,0,Unknown,15.293511390686035,0.005731105804443359,CreditDefault,XGBClassifier,50,onehot,onehot,Onehot -> [ GNN-MultiHead-Encoded => GM => Decoded-Binary ] -> Onehot,GM,GNN-MultiHead,encoded,decoded,True,centroid,Onehot -> [ [GNN-SFT]-ENC => GM => DEC-BIN ] -> Onehot
Val,0.4390249439970939,0.09649205207824707,0,0,Unknown,15.293511390686035,0.0030927658081054688,CreditDefault,XGBClassifier,50,onehot,onehot,Onehot -> [ GNN-MultiHead-Encoded => GM => Decoded-Binary ] -> Onehot,GM,GNN-MultiHead,encoded,decoded,True,centroid,Onehot -> [ [GNN-SFT]-ENC => GM => DEC-BIN ] -> Onehot
Test,0.43239238360477084,0.09649205207824707,0,0,Unknown,15.293511390686035,0.0023391246795654297,CreditDefault,XGBClassifier,50,onehot,onehot,Onehot -> [ GNN-MultiHead-Encoded => GM => Decoded-Binary ] -> Onehot,GM,GNN-MultiHead,encoded,decoded,True,centroid,Onehot -> [ [GNN-SFT]-ENC => GM => DEC-BIN ] -> Onehot
Train,1.0,0.06137347221374512,0,0,Unknown,15.139164686203003,0.0025491714477539062,CreditDefault,XGBClassifier,50,onehot,onehot,Onehot -> [ GNN-MultiHead-Encoded => GM => Encoded ] -> Onehot,GM,GNN-MultiHead,encoded,encoded,False,centroid,Onehot -> [ [GNN-SFT]-ENC => GM => ENC ] -> Onehot
Train - Original,0.6494079655543595,0.06137347221374512,0,0,Unknown,15.139164686203003,0.0036334991455078125,CreditDefault,XGBClassifier,50,onehot,onehot,Onehot -> [ GNN-MultiHead-Encoded => GM => Encoded ] -> Onehot,GM,GNN-MultiHead,encoded,encoded,False,centroid,Onehot -> [ [GNN-SFT]-ENC => GM => ENC ] -> Onehot
Val,0.6780604831385845,0.06137347221374512,0,0,Unknown,15.139164686203003,0.002024412155151367,CreditDefault,XGBClassifier,50,onehot,onehot,Onehot -> [ GNN-MultiHead-Encoded => GM => Encoded ] -> Onehot,GM,GNN-MultiHead,encoded,encoded,False,centroid,Onehot -> [ [GNN-SFT]-ENC => GM => ENC ] -> Onehot
Test,0.6654820286169805,0.06137347221374512,0,0,Unknown,15.139164686203003,0.0019419193267822266,CreditDefault,XGBClassifier,50,onehot,onehot,Onehot -> [ GNN-MultiHead-Encoded => GM => Encoded ] -> Onehot,GM,GNN-MultiHead,encoded,encoded,False,centroid,Onehot -> [ [GNN-SFT]-ENC => GM => ENC ] -> Onehot
Train,0.975,0.10663342475891113,0,0,Unknown,15.8479323387146,0.002221345901489258,CreditDefault,XGBClassifier,60,onehot,onehot,Onehot -> [ GM => Original ] -> Onehot,GM,N/A,original,original,False,centroid,Onehot -> [ GM => ORI ] -> Onehot
Train - Original,0.6067814854682454,0.10663342475891113,0,0,Unknown,15.8479323387146,0.004911899566650391,CreditDefault,XGBClassifier,60,onehot,onehot,Onehot -> [ GM => Original ] -> Onehot,GM,N/A,original,original,False,centroid,Onehot -> [ GM => ORI ] -> Onehot
Val,0.602692680268814,0.10663342475891113,0,0,Unknown,15.8479323387146,0.0021889209747314453,CreditDefault,XGBClassifier,60,onehot,onehot,Onehot -> [ GM => Original ] -> Onehot,GM,N/A,original,original,False,centroid,Onehot -> [ GM => ORI ] -> Onehot
Test,0.5937014389215152,0.10663342475891113,0,0,Unknown,15.8479323387146,0.0021402835845947266,CreditDefault,XGBClassifier,60,onehot,onehot,Onehot -> [ GM => Original ] -> Onehot,GM,N/A,original,original,False,centroid,Onehot -> [ GM => ORI ] -> Onehot
Train,0.975,0.12935686111450195,0,0,Unknown,15.930903673171997,0.00276947021484375,CreditDefault,XGBClassifier,60,onehot,onehot,Onehot -> [ GM => Original ] -> Onehot,GM,N/A,original,original,False,centroid,Onehot -> [ GM => ORI ] -> Onehot
Train - Original,0.6373519913885899,0.12935686111450195,0,0,Unknown,15.930903673171997,0.004990100860595703,CreditDefault,XGBClassifier,60,onehot,onehot,Onehot -> [ GM => Original ] -> Onehot,GM,N/A,original,original,False,centroid,Onehot -> [ GM => ORI ] -> Onehot
Val,0.6428593772073217,0.12935686111450195,0,0,Unknown,15.930903673171997,0.0024161338806152344,CreditDefault,XGBClassifier,60,onehot,onehot,Onehot -> [ GM => Original ] -> Onehot,GM,N/A,original,original,False,centroid,Onehot -> [ GM => ORI ] -> Onehot
Test,0.6278526164961353,0.12935686111450195,0,0,Unknown,15.930903673171997,0.002387523651123047,CreditDefault,XGBClassifier,60,onehot,onehot,Onehot -> [ GM => Original ] -> Onehot,GM,N/A,original,original,False,centroid,Onehot -> [ GM => ORI ] -> Onehot
Train,0.9583333333333333,0.11385631561279297,0,0,Unknown,15.86755633354187,0.0023567676544189453,CreditDefault,XGBClassifier,60,onehot,onehot,Onehot -> [ GM => Original ] -> Onehot,GM,N/A,original,original,False,centroid,Onehot -> [ GM => ORI ] -> Onehot
Train - Original,0.6166846071044133,0.11385631561279297,0,0,Unknown,15.86755633354187,0.004687309265136719,CreditDefault,XGBClassifier,60,onehot,onehot,Onehot -> [ GM => Original ] -> Onehot,GM,N/A,original,original,False,centroid,Onehot -> [ GM => ORI ] -> Onehot
Val,0.6258314665697968,0.11385631561279297,0,0,Unknown,15.86755633354187,0.002189159393310547,CreditDefault,XGBClassifier,60,onehot,onehot,Onehot -> [ GM => Original ] -> Onehot,GM,N/A,original,original,False,centroid,Onehot -> [ GM => ORI ] -> Onehot
Test,0.6087213174305262,0.11385631561279297,0,0,Unknown,15.86755633354187,0.002174854278564453,CreditDefault,XGBClassifier,60,onehot,onehot,Onehot -> [ GM => Original ] -> Onehot,GM,N/A,original,original,False,centroid,Onehot -> [ GM => ORI ] -> Onehot
Train,0.975,0.10881567001342773,0,0,Unknown,15.829267740249634,0.0021936893463134766,CreditDefault,XGBClassifier,60,onehot,onehot,Onehot -> [ GM => Original ] -> Onehot,GM,N/A,original,original,False,centroid,Onehot -> [ GM => ORI ] -> Onehot
Train - Original,0.6133476856835307,0.10881567001342773,0,0,Unknown,15.829267740249634,0.0047147274017333984,CreditDefault,XGBClassifier,60,onehot,onehot,Onehot -> [ GM => Original ] -> Onehot,GM,N/A,original,original,False,centroid,Onehot -> [ GM => ORI ] -> Onehot
Val,0.6157322758370164,0.10881567001342773,0,0,Unknown,15.829267740249634,0.0021910667419433594,CreditDefault,XGBClassifier,60,onehot,onehot,Onehot -> [ GM => Original ] -> Onehot,GM,N/A,original,original,False,centroid,Onehot -> [ GM => ORI ] -> Onehot
Test,0.6138019414340781,0.10881567001342773,0,0,Unknown,15.829267740249634,0.0021567344665527344,CreditDefault,XGBClassifier,60,onehot,onehot,Onehot -> [ GM => Original ] -> Onehot,GM,N/A,original,original,False,centroid,Onehot -> [ GM => ORI ] -> Onehot
Train,0.9833333333333333,0.1206512451171875,0,0,Unknown,15.829797983169556,0.0034148693084716797,CreditDefault,XGBClassifier,60,onehot,onehot,Onehot -> [ GM => Original ] -> Onehot,GM,N/A,original,original,False,centroid,Onehot -> [ GM => ORI ] -> Onehot
Train - Original,0.6454251883745963,0.1206512451171875,0,0,Unknown,15.829797983169556,0.005048513412475586,CreditDefault,XGBClassifier,60,onehot,onehot,Onehot -> [ GM => Original ] -> Onehot,GM,N/A,original,original,False,centroid,Onehot -> [ GM => ORI ] -> Onehot
Val,0.6353559968517285,0.1206512451171875,0,0,Unknown,15.829797983169556,0.002416849136352539,CreditDefault,XGBClassifier,60,onehot,onehot,Onehot -> [ GM => Original ] -> Onehot,GM,N/A,original,original,False,centroid,Onehot -> [ GM => ORI ] -> Onehot
Test,0.6449002038303969,0.1206512451171875,0,0,Unknown,15.829797983169556,0.002373218536376953,CreditDefault,XGBClassifier,60,onehot,onehot,Onehot -> [ GM => Original ] -> Onehot,GM,N/A,original,original,False,centroid,Onehot -> [ GM => ORI ] -> Onehot
Train,1.0,0.07771635055541992,0,0,Unknown,15.161339044570923,0.002312898635864258,CreditDefault,XGBClassifier,60,onehot,onehot,Onehot -> [ GNN-MultiHead-Encoded => GM => Decoded ] -> Onehot,GM,GNN-MultiHead,encoded,decoded,False,centroid,Onehot -> [ [GNN-SFT]-ENC => GM => DEC ] -> Onehot
Train - Original,0.48073196986006456,0.07771635055541992,0,0,Unknown,15.161339044570923,0.004179716110229492,CreditDefault,XGBClassifier,60,onehot,onehot,Onehot -> [ GNN-MultiHead-Encoded => GM => Decoded ] -> Onehot,GM,GNN-MultiHead,encoded,decoded,False,centroid,Onehot -> [ [GNN-SFT]-ENC => GM => DEC ] -> Onehot
Val,0.4828000443987003,0.07771635055541992,0,0,Unknown,15.161339044570923,0.002170562744140625,CreditDefault,XGBClassifier,60,onehot,onehot,Onehot -> [ GNN-MultiHead-Encoded => GM => Decoded ] -> Onehot,GM,GNN-MultiHead,encoded,decoded,False,centroid,Onehot -> [ [GNN-SFT]-ENC => GM => DEC ] -> Onehot
Test,0.4619493047567153,0.07771635055541992,0,0,Unknown,15.161339044570923,0.0021643638610839844,CreditDefault,XGBClassifier,60,onehot,onehot,Onehot -> [ GNN-MultiHead-Encoded => GM => Decoded ] -> Onehot,GM,GNN-MultiHead,encoded,decoded,False,centroid,Onehot -> [ [GNN-SFT]-ENC => GM => DEC ] -> Onehot
Train,0.9833333333333333,0.10457420349121094,0,0,Unknown,15.237699747085571,0.0021343231201171875,CreditDefault,XGBClassifier,60,onehot,onehot,Onehot -> [ GNN-MultiHead-Encoded => GM => Decoded-Binary ] -> Onehot,GM,GNN-MultiHead,encoded,decoded,True,centroid,Onehot -> [ [GNN-SFT]-ENC => GM => DEC-BIN ] -> Onehot
Train - Original,0.5040904198062433,0.10457420349121094,0,0,Unknown,15.237699747085571,0.0046007633209228516,CreditDefault,XGBClassifier,60,onehot,onehot,Onehot -> [ GNN-MultiHead-Encoded => GM => Decoded-Binary ] -> Onehot,GM,GNN-MultiHead,encoded,decoded,True,centroid,Onehot -> [ [GNN-SFT]-ENC => GM => DEC-BIN ] -> Onehot
Val,0.5138902343040503,0.10457420349121094,0,0,Unknown,15.237699747085571,0.0022978782653808594,CreditDefault,XGBClassifier,60,onehot,onehot,Onehot -> [ GNN-MultiHead-Encoded => GM => Decoded-Binary ] -> Onehot,GM,GNN-MultiHead,encoded,decoded,True,centroid,Onehot -> [ [GNN-SFT]-ENC => GM => DEC-BIN ] -> Onehot
Test,0.504181045791205,0.10457420349121094,0,0,Unknown,15.237699747085571,0.0022835731506347656,CreditDefault,XGBClassifier,60,onehot,onehot,Onehot -> [ GNN-MultiHead-Encoded => GM => Decoded-Binary ] -> Onehot,GM,GNN-MultiHead,encoded,decoded,True,centroid,Onehot -> [ [GNN-SFT]-ENC => GM => DEC-BIN ] -> Onehot
Train,1.0,0.06461381912231445,0,0,Unknown,15.234575033187866,0.0019893646240234375,CreditDefault,XGBClassifier,60,onehot,onehot,Onehot -> [ GNN-MultiHead-Encoded => GM => Encoded ] -> Onehot,GM,GNN-MultiHead,encoded,encoded,False,centroid,Onehot -> [ [GNN-SFT]-ENC => GM => ENC ] -> Onehot
Train - Original,0.6318622174381054,0.06461381912231445,0,0,Unknown,15.234575033187866,0.0035233497619628906,CreditDefault,XGBClassifier,60,onehot,onehot,Onehot -> [ GNN-MultiHead-Encoded => GM => Encoded ] -> Onehot,GM,GNN-MultiHead,encoded,encoded,False,centroid,Onehot -> [ [GNN-SFT]-ENC => GM => ENC ] -> Onehot
Val,0.6383629997376441,0.06461381912231445,0,0,Unknown,15.234575033187866,0.001967191696166992,CreditDefault,XGBClassifier,60,onehot,onehot,Onehot -> [ GNN-MultiHead-Encoded => GM => Encoded ] -> Onehot,GM,GNN-MultiHead,encoded,encoded,False,centroid,Onehot -> [ [GNN-SFT]-ENC => GM => ENC ] -> Onehot
Test,0.6408967528405077,0.06461381912231445,0,0,Unknown,15.234575033187866,0.0019383430480957031,CreditDefault,XGBClassifier,60,onehot,onehot,Onehot -> [ GNN-MultiHead-Encoded => GM => Encoded ] -> Onehot,GM,GNN-MultiHead,encoded,encoded,False,centroid,Onehot -> [ [GNN-SFT]-ENC => GM => ENC ] -> Onehot
Train,1.0,0.0757606029510498,0,0,Unknown,15.254141092300415,0.0021278858184814453,CreditDefault,XGBClassifier,60,onehot,onehot,Onehot -> [ GNN-MultiHead-Encoded => GM => Decoded ] -> Onehot,GM,GNN-MultiHead,encoded,decoded,False,centroid,Onehot -> [ [GNN-SFT]-ENC => GM => DEC ] -> Onehot
Train - Original,0.43541442411194836,0.0757606029510498,0,0,Unknown,15.254141092300415,0.003980398178100586,CreditDefault,XGBClassifier,60,onehot,onehot,Onehot -> [ GNN-MultiHead-Encoded => GM => Decoded ] -> Onehot,GM,GNN-MultiHead,encoded,decoded,False,centroid,Onehot -> [ [GNN-SFT]-ENC => GM => DEC ] -> Onehot
Val,0.44661913987608726,0.0757606029510498,0,0,Unknown,15.254141092300415,0.0020215511322021484,CreditDefault,XGBClassifier,60,onehot,onehot,Onehot -> [ GNN-MultiHead-Encoded => GM => Decoded ] -> Onehot,GM,GNN-MultiHead,encoded,decoded,False,centroid,Onehot -> [ [GNN-SFT]-ENC => GM => DEC ] -> Onehot
Test,0.43033490746907227,0.0757606029510498,0,0,Unknown,15.254141092300415,0.0020208358764648438,CreditDefault,XGBClassifier,60,onehot,onehot,Onehot -> [ GNN-MultiHead-Encoded => GM => Decoded ] -> Onehot,GM,GNN-MultiHead,encoded,decoded,False,centroid,Onehot -> [ [GNN-SFT]-ENC => GM => DEC ] -> Onehot
Train,0.9833333333333334,0.10134649276733398,0,0,Unknown,15.214607954025269,0.0020029544830322266,CreditDefault,XGBClassifier,60,onehot,onehot,Onehot -> [ GNN-MultiHead-Encoded => GM => Decoded-Binary ] -> Onehot,GM,GNN-MultiHead,encoded,decoded,True,centroid,Onehot -> [ [GNN-SFT]-ENC => GM => DEC-BIN ] -> Onehot
Train - Original,0.42648008611410115,0.10134649276733398,0,0,Unknown,15.214607954025269,0.004385948181152344,CreditDefault,XGBClassifier,60,onehot,onehot,Onehot -> [ GNN-MultiHead-Encoded => GM => Decoded-Binary ] -> Onehot,GM,GNN-MultiHead,encoded,decoded,True,centroid,Onehot -> [ [GNN-SFT]-ENC => GM => DEC-BIN ] -> Onehot
Val,0.4314413432624972,0.10134649276733398,0,0,Unknown,15.214607954025269,0.002103090286254883,CreditDefault,XGBClassifier,60,onehot,onehot,Onehot -> [ GNN-MultiHead-Encoded => GM => Decoded-Binary ] -> Onehot,GM,GNN-MultiHead,encoded,decoded,True,centroid,Onehot -> [ [GNN-SFT]-ENC => GM => DEC-BIN ] -> Onehot
Test,0.42088857944340174,0.10134649276733398,0,0,Unknown,15.214607954025269,0.0021076202392578125,CreditDefault,XGBClassifier,60,onehot,onehot,Onehot -> [ GNN-MultiHead-Encoded => GM => Decoded-Binary ] -> Onehot,GM,GNN-MultiHead,encoded,decoded,True,centroid,Onehot -> [ [GNN-SFT]-ENC => GM => DEC-BIN ] -> Onehot
Train,1.0,0.06284809112548828,0,0,Unknown,15.136718511581421,0.002070903778076172,CreditDefault,XGBClassifier,60,onehot,onehot,Onehot -> [ GNN-MultiHead-Encoded => GM => Encoded ] -> Onehot,GM,GNN-MultiHead,encoded,encoded,False,centroid,Onehot -> [ [GNN-SFT]-ENC => GM => ENC ] -> Onehot
Train - Original,0.6635091496232508,0.06284809112548828,0,0,Unknown,15.136718511581421,0.003621816635131836,CreditDefault,XGBClassifier,60,onehot,onehot,Onehot -> [ GNN-MultiHead-Encoded => GM => Encoded ] -> Onehot,GM,GNN-MultiHead,encoded,encoded,False,centroid,Onehot -> [ [GNN-SFT]-ENC => GM => ENC ] -> Onehot
Val,0.67804282456459,0.06284809112548828,0,0,Unknown,15.136718511581421,0.001999378204345703,CreditDefault,XGBClassifier,60,onehot,onehot,Onehot -> [ GNN-MultiHead-Encoded => GM => Encoded ] -> Onehot,GM,GNN-MultiHead,encoded,encoded,False,centroid,Onehot -> [ [GNN-SFT]-ENC => GM => ENC ] -> Onehot
Test,0.6690213113761578,0.06284809112548828,0,0,Unknown,15.136718511581421,0.0019445419311523438,CreditDefault,XGBClassifier,60,onehot,onehot,Onehot -> [ GNN-MultiHead-Encoded => GM => Encoded ] -> Onehot,GM,GNN-MultiHead,encoded,encoded,False,centroid,Onehot -> [ [GNN-SFT]-ENC => GM => ENC ] -> Onehot
Train,1.0,0.10193681716918945,0,0,Unknown,15.200232744216919,0.0025289058685302734,CreditDefault,XGBClassifier,60,onehot,onehot,Onehot -> [ GNN-MultiHead-Encoded => GM => Decoded ] -> Onehot,GM,GNN-MultiHead,encoded,decoded,False,centroid,Onehot -> [ [GNN-SFT]-ENC => GM => DEC ] -> Onehot
Train - Original,0.45220667384284174,0.10193681716918945,0,0,Unknown,15.200232744216919,0.0043108463287353516,CreditDefault,XGBClassifier,60,onehot,onehot,Onehot -> [ GNN-MultiHead-Encoded => GM => Decoded ] -> Onehot,GM,GNN-MultiHead,encoded,decoded,False,centroid,Onehot -> [ [GNN-SFT]-ENC => GM => DEC ] -> Onehot
Val,0.45969859336844865,0.10193681716918945,0,0,Unknown,15.200232744216919,0.002177000045776367,CreditDefault,XGBClassifier,60,onehot,onehot,Onehot -> [ GNN-MultiHead-Encoded => GM => Decoded ] -> Onehot,GM,GNN-MultiHead,encoded,decoded,False,centroid,Onehot -> [ [GNN-SFT]-ENC => GM => DEC ] -> Onehot
Test,0.4453724445520777,0.10193681716918945,0,0,Unknown,15.200232744216919,0.0021543502807617188,CreditDefault,XGBClassifier,60,onehot,onehot,Onehot -> [ GNN-MultiHead-Encoded => GM => Decoded ] -> Onehot,GM,GNN-MultiHead,encoded,decoded,False,centroid,Onehot -> [ [GNN-SFT]-ENC => GM => DEC ] -> Onehot
Train,0.9666666666666667,0.10316753387451172,0,0,Unknown,15.130950689315796,0.0024526119232177734,CreditDefault,XGBClassifier,60,onehot,onehot,Onehot -> [ GNN-MultiHead-Encoded => GM => Decoded-Binary ] -> Onehot,GM,GNN-MultiHead,encoded,decoded,True,centroid,Onehot -> [ [GNN-SFT]-ENC => GM => DEC-BIN ] -> Onehot
Train - Original,0.48493003229278797,0.10316753387451172,0,0,Unknown,15.130950689315796,0.004967927932739258,CreditDefault,XGBClassifier,60,onehot,onehot,Onehot -> [ GNN-MultiHead-Encoded => GM => Decoded-Binary ] -> Onehot,GM,GNN-MultiHead,encoded,decoded,True,centroid,Onehot -> [ [GNN-SFT]-ENC => GM => DEC-BIN ] -> Onehot
Val,0.49167120744283666,0.10316753387451172,0,0,Unknown,15.130950689315796,0.0025255680084228516,CreditDefault,XGBClassifier,60,onehot,onehot,Onehot -> [ GNN-MultiHead-Encoded => GM => Decoded-Binary ] -> Onehot,GM,GNN-MultiHead,encoded,decoded,True,centroid,Onehot -> [ [GNN-SFT]-ENC => GM => DEC-BIN ] -> Onehot
Test,0.4927685616839216,0.10316753387451172,0,0,Unknown,15.130950689315796,0.0025005340576171875,CreditDefault,XGBClassifier,60,onehot,onehot,Onehot -> [ GNN-MultiHead-Encoded => GM => Decoded-Binary ] -> Onehot,GM,GNN-MultiHead,encoded,decoded,True,centroid,Onehot -> [ [GNN-SFT]-ENC => GM => DEC-BIN ] -> Onehot
Train,1.0,0.06293129920959473,0,0,Unknown,15.233757019042969,0.001976490020751953,CreditDefault,XGBClassifier,60,onehot,onehot,Onehot -> [ GNN-MultiHead-Encoded => GM => Encoded ] -> Onehot,GM,GNN-MultiHead,encoded,encoded,False,centroid,Onehot -> [ [GNN-SFT]-ENC => GM => ENC ] -> Onehot
Train - Original,0.6205597416576965,0.06293129920959473,0,0,Unknown,15.233757019042969,0.003490924835205078,CreditDefault,XGBClassifier,60,onehot,onehot,Onehot -> [ GNN-MultiHead-Encoded => GM => Encoded ] -> Onehot,GM,GNN-MultiHead,encoded,encoded,False,centroid,Onehot -> [ [GNN-SFT]-ENC => GM => ENC ] -> Onehot
Val,0.6594851768884584,0.06293129920959473,0,0,Unknown,15.233757019042969,0.0019714832305908203,CreditDefault,XGBClassifier,60,onehot,onehot,Onehot -> [ GNN-MultiHead-Encoded => GM => Encoded ] -> Onehot,GM,GNN-MultiHead,encoded,encoded,False,centroid,Onehot -> [ [GNN-SFT]-ENC => GM => ENC ] -> Onehot
Test,0.6649694254404552,0.06293129920959473,0,0,Unknown,15.233757019042969,0.0019497871398925781,CreditDefault,XGBClassifier,60,onehot,onehot,Onehot -> [ GNN-MultiHead-Encoded => GM => Encoded ] -> Onehot,GM,GNN-MultiHead,encoded,encoded,False,centroid,Onehot -> [ [GNN-SFT]-ENC => GM => ENC ] -> Onehot
Train,1.0,0.10877490043640137,0,0,Unknown,15.213487386703491,0.0025844573974609375,CreditDefault,XGBClassifier,60,onehot,onehot,Onehot -> [ GNN-MultiHead-Encoded => GM => Decoded ] -> Onehot,GM,GNN-MultiHead,encoded,decoded,False,centroid,Onehot -> [ [GNN-SFT]-ENC => GM => DEC ] -> Onehot
Train - Original,0.5953713670613563,0.10877490043640137,0,0,Unknown,15.213487386703491,0.004792928695678711,CreditDefault,XGBClassifier,60,onehot,onehot,Onehot -> [ GNN-MultiHead-Encoded => GM => Decoded ] -> Onehot,GM,GNN-MultiHead,encoded,decoded,False,centroid,Onehot -> [ [GNN-SFT]-ENC => GM => DEC ] -> Onehot
Val,0.5977270892615689,0.10877490043640137,0,0,Unknown,15.213487386703491,0.0023813247680664062,CreditDefault,XGBClassifier,60,onehot,onehot,Onehot -> [ GNN-MultiHead-Encoded => GM => Decoded ] -> Onehot,GM,GNN-MultiHead,encoded,decoded,False,centroid,Onehot -> [ [GNN-SFT]-ENC => GM => DEC ] -> Onehot
Test,0.6127277956045287,0.10877490043640137,0,0,Unknown,15.213487386703491,0.0023348331451416016,CreditDefault,XGBClassifier,60,onehot,onehot,Onehot -> [ GNN-MultiHead-Encoded => GM => Decoded ] -> Onehot,GM,GNN-MultiHead,encoded,decoded,False,centroid,Onehot -> [ [GNN-SFT]-ENC => GM => DEC ] -> Onehot
Train,0.975,0.09999251365661621,0,0,Unknown,15.140207290649414,0.0020940303802490234,CreditDefault,XGBClassifier,60,onehot,onehot,Onehot -> [ GNN-MultiHead-Encoded => GM => Decoded-Binary ] -> Onehot,GM,GNN-MultiHead,encoded,decoded,True,centroid,Onehot -> [ [GNN-SFT]-ENC => GM => DEC-BIN ] -> Onehot
Train - Original,0.47093649085037675,0.09999251365661621,0,0,Unknown,15.140207290649414,0.004335165023803711,CreditDefault,XGBClassifier,60,onehot,onehot,Onehot -> [ GNN-MultiHead-Encoded => GM => Decoded-Binary ] -> Onehot,GM,GNN-MultiHead,encoded,decoded,True,centroid,Onehot -> [ [GNN-SFT]-ENC => GM => DEC-BIN ] -> Onehot
Val,0.4866057193598515,0.09999251365661621,0,0,Unknown,15.140207290649414,0.002107381820678711,CreditDefault,XGBClassifier,60,onehot,onehot,Onehot -> [ GNN-MultiHead-Encoded => GM => Decoded-Binary ] -> Onehot,GM,GNN-MultiHead,encoded,decoded,True,centroid,Onehot -> [ [GNN-SFT]-ENC => GM => DEC-BIN ] -> Onehot
Test,0.4591405824302234,0.09999251365661621,0,0,Unknown,15.140207290649414,0.002103090286254883,CreditDefault,XGBClassifier,60,onehot,onehot,Onehot -> [ GNN-MultiHead-Encoded => GM => Decoded-Binary ] -> Onehot,GM,GNN-MultiHead,encoded,decoded,True,centroid,Onehot -> [ [GNN-SFT]-ENC => GM => DEC-BIN ] -> Onehot
Train,1.0,0.06454658508300781,0,0,Unknown,15.129040956497192,0.0020639896392822266,CreditDefault,XGBClassifier,60,onehot,onehot,Onehot -> [ GNN-MultiHead-Encoded => GM => Encoded ] -> Onehot,GM,GNN-MultiHead,encoded,encoded,False,centroid,Onehot -> [ [GNN-SFT]-ENC => GM => ENC ] -> Onehot
Train - Original,0.6610333692142087,0.06454658508300781,0,0,Unknown,15.129040956497192,0.003518819808959961,CreditDefault,XGBClassifier,60,onehot,onehot,Onehot -> [ GNN-MultiHead-Encoded => GM => Encoded ] -> Onehot,GM,GNN-MultiHead,encoded,encoded,False,centroid,Onehot -> [ [GNN-SFT]-ENC => GM => ENC ] -> Onehot
Val,0.6373519202437892,0.06454658508300781,0,0,Unknown,15.129040956497192,0.0019855499267578125,CreditDefault,XGBClassifier,60,onehot,onehot,Onehot -> [ GNN-MultiHead-Encoded => GM => Encoded ] -> Onehot,GM,GNN-MultiHead,encoded,encoded,False,centroid,Onehot -> [ [GNN-SFT]-ENC => GM => ENC ] -> Onehot
Test,0.6348701338015379,0.06454658508300781,0,0,Unknown,15.129040956497192,0.0019466876983642578,CreditDefault,XGBClassifier,60,onehot,onehot,Onehot -> [ GNN-MultiHead-Encoded => GM => Encoded ] -> Onehot,GM,GNN-MultiHead,encoded,encoded,False,centroid,Onehot -> [ [GNN-SFT]-ENC => GM => ENC ] -> Onehot
Train,0.9916666666666667,0.08653664588928223,0,0,Unknown,15.076236248016357,0.0024237632751464844,CreditDefault,XGBClassifier,60,onehot,onehot,Onehot -> [ GNN-MultiHead-Encoded => GM => Decoded ] -> Onehot,GM,GNN-MultiHead,encoded,decoded,False,centroid,Onehot -> [ [GNN-SFT]-ENC => GM => DEC ] -> Onehot
Train - Original,0.5296017222820237,0.08653664588928223,0,0,Unknown,15.076236248016357,0.004508495330810547,CreditDefault,XGBClassifier,60,onehot,onehot,Onehot -> [ GNN-MultiHead-Encoded => GM => Decoded ] -> Onehot,GM,GNN-MultiHead,encoded,decoded,False,centroid,Onehot -> [ [GNN-SFT]-ENC => GM => DEC ] -> Onehot
Val,0.5303702246170612,0.08653664588928223,0,0,Unknown,15.076236248016357,0.0022628307342529297,CreditDefault,XGBClassifier,60,onehot,onehot,Onehot -> [ GNN-MultiHead-Encoded => GM => Decoded ] -> Onehot,GM,GNN-MultiHead,encoded,decoded,False,centroid,Onehot -> [ [GNN-SFT]-ENC => GM => DEC ] -> Onehot
Test,0.5349210914007789,0.08653664588928223,0,0,Unknown,15.076236248016357,0.0022077560424804688,CreditDefault,XGBClassifier,60,onehot,onehot,Onehot -> [ GNN-MultiHead-Encoded => GM => Decoded ] -> Onehot,GM,GNN-MultiHead,encoded,decoded,False,centroid,Onehot -> [ [GNN-SFT]-ENC => GM => DEC ] -> Onehot
Train,0.975,0.1082000732421875,0,0,Unknown,15.238188028335571,0.00313568115234375,CreditDefault,XGBClassifier,60,onehot,onehot,Onehot -> [ GNN-MultiHead-Encoded => GM => Decoded-Binary ] -> Onehot,GM,GNN-MultiHead,encoded,decoded,True,centroid,Onehot -> [ [GNN-SFT]-ENC => GM => DEC-BIN ] -> Onehot
Train - Original,0.42938643702906354,0.1082000732421875,0,0,Unknown,15.238188028335571,0.00490880012512207,CreditDefault,XGBClassifier,60,onehot,onehot,Onehot -> [ GNN-MultiHead-Encoded => GM => Decoded-Binary ] -> Onehot,GM,GNN-MultiHead,encoded,decoded,True,centroid,Onehot -> [ [GNN-SFT]-ENC => GM => DEC-BIN ] -> Onehot
Val,0.43098423846138323,0.1082000732421875,0,0,Unknown,15.238188028335571,0.00274658203125,CreditDefault,XGBClassifier,60,onehot,onehot,Onehot -> [ GNN-MultiHead-Encoded => GM => Decoded-Binary ] -> Onehot,GM,GNN-MultiHead,encoded,decoded,True,centroid,Onehot -> [ [GNN-SFT]-ENC => GM => DEC-BIN ] -> Onehot
Test,0.4228633125466691,0.1082000732421875,0,0,Unknown,15.238188028335571,0.002834320068359375,CreditDefault,XGBClassifier,60,onehot,onehot,Onehot -> [ GNN-MultiHead-Encoded => GM => Decoded-Binary ] -> Onehot,GM,GNN-MultiHead,encoded,decoded,True,centroid,Onehot -> [ [GNN-SFT]-ENC => GM => DEC-BIN ] -> Onehot
Train,0.9916666666666667,0.06511735916137695,0,0,Unknown,15.236062049865723,0.002471446990966797,CreditDefault,XGBClassifier,60,onehot,onehot,Onehot -> [ GNN-MultiHead-Encoded => GM => Encoded ] -> Onehot,GM,GNN-MultiHead,encoded,encoded,False,centroid,Onehot -> [ [GNN-SFT]-ENC => GM => ENC ] -> Onehot
Train - Original,0.6360602798708288,0.06511735916137695,0,0,Unknown,15.236062049865723,0.0036051273345947266,CreditDefault,XGBClassifier,60,onehot,onehot,Onehot -> [ GNN-MultiHead-Encoded => GM => Encoded ] -> Onehot,GM,GNN-MultiHead,encoded,encoded,False,centroid,Onehot -> [ [GNN-SFT]-ENC => GM => ENC ] -> Onehot
Val,0.671020261952332,0.06511735916137695,0,0,Unknown,15.236062049865723,0.0020024776458740234,CreditDefault,XGBClassifier,60,onehot,onehot,Onehot -> [ GNN-MultiHead-Encoded => GM => Encoded ] -> Onehot,GM,GNN-MultiHead,encoded,encoded,False,centroid,Onehot -> [ [GNN-SFT]-ENC => GM => ENC ] -> Onehot
Test,0.6609720288187928,0.06511735916137695,0,0,Unknown,15.236062049865723,0.0019714832305908203,CreditDefault,XGBClassifier,60,onehot,onehot,Onehot -> [ GNN-MultiHead-Encoded => GM => Encoded ] -> Onehot,GM,GNN-MultiHead,encoded,encoded,False,centroid,Onehot -> [ [GNN-SFT]-ENC => GM => ENC ] -> Onehot
Train,0.9785714285714286,0.12827610969543457,0,0,Unknown,15.999350547790527,0.002573251724243164,CreditDefault,XGBClassifier,70,onehot,onehot,Onehot -> [ GM => Original ] -> Onehot,GM,N/A,original,original,False,centroid,Onehot -> [ GM => ORI ] -> Onehot
Train - Original,0.627448869752422,0.12827610969543457,0,0,Unknown,15.999350547790527,0.0050313472747802734,CreditDefault,XGBClassifier,70,onehot,onehot,Onehot -> [ GM => Original ] -> Onehot,GM,N/A,original,original,False,centroid,Onehot -> [ GM => ORI ] -> Onehot
Val,0.6187771185243487,0.12827610969543457,0,0,Unknown,15.999350547790527,0.002438068389892578,CreditDefault,XGBClassifier,70,onehot,onehot,Onehot -> [ GM => Original ] -> Onehot,GM,N/A,original,original,False,centroid,Onehot -> [ GM => ORI ] -> Onehot
Test,0.6188008314665698,0.12827610969543457,0,0,Unknown,15.999350547790527,0.0023932456970214844,CreditDefault,XGBClassifier,70,onehot,onehot,Onehot -> [ GM => Original ] -> Onehot,GM,N/A,original,original,False,centroid,Onehot -> [ GM => ORI ] -> Onehot
Train,0.9714285714285715,0.12541937828063965,0,0,Unknown,16.002676248550415,0.0027666091918945312,CreditDefault,XGBClassifier,70,onehot,onehot,Onehot -> [ GM => Original ] -> Onehot,GM,N/A,original,original,False,centroid,Onehot -> [ GM => ORI ] -> Onehot
Train - Original,0.6504843918191604,0.12541937828063965,0,0,Unknown,16.002676248550415,0.006207704544067383,CreditDefault,XGBClassifier,70,onehot,onehot,Onehot -> [ GM => Original ] -> Onehot,GM,N/A,original,original,False,centroid,Onehot -> [ GM => ORI ] -> Onehot
Val,0.6524161974531291,0.12541937828063965,0,0,Unknown,16.002676248550415,0.002547025680541992,CreditDefault,XGBClassifier,70,onehot,onehot,Onehot -> [ GM => Original ] -> Onehot,GM,N/A,original,original,False,centroid,Onehot -> [ GM => ORI ] -> Onehot
Test,0.6378857137091078,0.12541937828063965,0,0,Unknown,16.002676248550415,0.003256082534790039,CreditDefault,XGBClassifier,70,onehot,onehot,Onehot -> [ GM => Original ] -> Onehot,GM,N/A,original,original,False,centroid,Onehot -> [ GM => ORI ] -> Onehot
Train,0.9571428571428571,0.12800383567810059,0,0,Unknown,16.001708507537842,0.0027132034301757812,CreditDefault,XGBClassifier,70,onehot,onehot,Onehot -> [ GM => Original ] -> Onehot,GM,N/A,original,original,False,centroid,Onehot -> [ GM => ORI ] -> Onehot
Train - Original,0.6120559741657696,0.12800383567810059,0,0,Unknown,16.001708507537842,0.0050241947174072266,CreditDefault,XGBClassifier,70,onehot,onehot,Onehot -> [ GM => Original ] -> Onehot,GM,N/A,original,original,False,centroid,Onehot -> [ GM => ORI ] -> Onehot
Val,0.5966872515186374,0.12800383567810059,0,0,Unknown,16.001708507537842,0.0024194717407226562,CreditDefault,XGBClassifier,70,onehot,onehot,Onehot -> [ GM => Original ] -> Onehot,GM,N/A,original,original,False,centroid,Onehot -> [ GM => ORI ] -> Onehot
Test,0.6027204294565196,0.12800383567810059,0,0,Unknown,16.001708507537842,0.0023992061614990234,CreditDefault,XGBClassifier,70,onehot,onehot,Onehot -> [ GM => Original ] -> Onehot,GM,N/A,original,original,False,centroid,Onehot -> [ GM => ORI ] -> Onehot
Train,0.9714285714285714,0.13355255126953125,0,0,Unknown,16.021422386169434,0.0026280879974365234,CreditDefault,XGBClassifier,70,onehot,onehot,Onehot -> [ GM => Original ] -> Onehot,GM,N/A,original,original,False,centroid,Onehot -> [ GM => ORI ] -> Onehot
Train - Original,0.6046286329386437,0.13355255126953125,0,0,Unknown,16.021422386169434,0.005090236663818359,CreditDefault,XGBClassifier,70,onehot,onehot,Onehot -> [ GM => Original ] -> Onehot,GM,N/A,original,original,False,centroid,Onehot -> [ GM => ORI ] -> Onehot
Val,0.6197831527113479,0.13355255126953125,0,0,Unknown,16.021422386169434,0.002483844757080078,CreditDefault,XGBClassifier,70,onehot,onehot,Onehot -> [ GM => Original ] -> Onehot,GM,N/A,original,original,False,centroid,Onehot -> [ GM => ORI ] -> Onehot
Test,0.6062359992734758,0.13355255126953125,0,0,Unknown,16.021422386169434,0.0024569034576416016,CreditDefault,XGBClassifier,70,onehot,onehot,Onehot -> [ GM => Original ] -> Onehot,GM,N/A,original,original,False,centroid,Onehot -> [ GM => ORI ] -> Onehot
Train,0.9857142857142858,0.12108874320983887,0,0,Unknown,16.025553703308105,0.002888202667236328,CreditDefault,XGBClassifier,70,onehot,onehot,Onehot -> [ GM => Original ] -> Onehot,GM,N/A,original,original,False,centroid,Onehot -> [ GM => ORI ] -> Onehot
Train - Original,0.656189451022605,0.12108874320983887,0,0,Unknown,16.025553703308105,0.005073070526123047,CreditDefault,XGBClassifier,70,onehot,onehot,Onehot -> [ GM => Original ] -> Onehot,GM,N/A,original,original,False,centroid,Onehot -> [ GM => ORI ] -> Onehot
Val,0.6484339367520333,0.12108874320983887,0,0,Unknown,16.025553703308105,0.0024755001068115234,CreditDefault,XGBClassifier,70,onehot,onehot,Onehot -> [ GM => Original ] -> Onehot,GM,N/A,original,original,False,centroid,Onehot -> [ GM => ORI ] -> Onehot
Test,0.6539242396722569,0.12108874320983887,0,0,Unknown,16.025553703308105,0.002525806427001953,CreditDefault,XGBClassifier,70,onehot,onehot,Onehot -> [ GM => Original ] -> Onehot,GM,N/A,original,original,False,centroid,Onehot -> [ GM => ORI ] -> Onehot
Train,1.0,0.09593987464904785,0,0,Unknown,15.440688371658325,0.0028448104858398438,CreditDefault,XGBClassifier,70,onehot,onehot,Onehot -> [ GNN-MultiHead-Encoded => GM => Decoded ] -> Onehot,GM,GNN-MultiHead,encoded,decoded,False,centroid,Onehot -> [ [GNN-SFT]-ENC => GM => DEC ] -> Onehot
Train - Original,0.5066738428417653,0.09593987464904785,0,0,Unknown,15.440688371658325,0.004416227340698242,CreditDefault,XGBClassifier,70,onehot,onehot,Onehot -> [ GNN-MultiHead-Encoded => GM => Decoded ] -> Onehot,GM,GNN-MultiHead,encoded,decoded,False,centroid,Onehot -> [ [GNN-SFT]-ENC => GM => DEC ] -> Onehot
Val,0.5090310992714576,0.09593987464904785,0,0,Unknown,15.440688371658325,0.002228975296020508,CreditDefault,XGBClassifier,70,onehot,onehot,Onehot -> [ GNN-MultiHead-Encoded => GM => Decoded ] -> Onehot,GM,GNN-MultiHead,encoded,decoded,False,centroid,Onehot -> [ [GNN-SFT]-ENC => GM => DEC ] -> Onehot
Test,0.5045306855562955,0.09593987464904785,0,0,Unknown,15.440688371658325,0.0022118091583251953,CreditDefault,XGBClassifier,70,onehot,onehot,Onehot -> [ GNN-MultiHead-Encoded => GM => Decoded ] -> Onehot,GM,GNN-MultiHead,encoded,decoded,False,centroid,Onehot -> [ [GNN-SFT]-ENC => GM => DEC ] -> Onehot
Train,0.9857142857142858,0.12308192253112793,0,0,Unknown,15.386675834655762,0.0027141571044921875,CreditDefault,XGBClassifier,70,onehot,onehot,Onehot -> [ GNN-MultiHead-Encoded => GM => Decoded-Binary ] -> Onehot,GM,GNN-MultiHead,encoded,decoded,True,centroid,Onehot -> [ [GNN-SFT]-ENC => GM => DEC-BIN ] -> Onehot
Train - Original,0.5186221743810548,0.12308192253112793,0,0,Unknown,15.386675834655762,0.004043102264404297,CreditDefault,XGBClassifier,70,onehot,onehot,Onehot -> [ GNN-MultiHead-Encoded => GM => Decoded-Binary ] -> Onehot,GM,GNN-MultiHead,encoded,decoded,True,centroid,Onehot -> [ [GNN-SFT]-ENC => GM => DEC-BIN ] -> Onehot
Val,0.5264959334826744,0.12308192253112793,0,0,Unknown,15.386675834655762,0.0019669532775878906,CreditDefault,XGBClassifier,70,onehot,onehot,Onehot -> [ GNN-MultiHead-Encoded => GM => Decoded-Binary ] -> Onehot,GM,GNN-MultiHead,encoded,decoded,True,centroid,Onehot -> [ [GNN-SFT]-ENC => GM => DEC-BIN ] -> Onehot
Test,0.5247280579604852,0.12308192253112793,0,0,Unknown,15.386675834655762,0.0018761157989501953,CreditDefault,XGBClassifier,70,onehot,onehot,Onehot -> [ GNN-MultiHead-Encoded => GM => Decoded-Binary ] -> Onehot,GM,GNN-MultiHead,encoded,decoded,True,centroid,Onehot -> [ [GNN-SFT]-ENC => GM => DEC-BIN ] -> Onehot
Train,1.0,0.0713508129119873,0,0,Unknown,15.410387754440308,0.002354860305786133,CreditDefault,XGBClassifier,70,onehot,onehot,Onehot -> [ GNN-MultiHead-Encoded => GM => Encoded ] -> Onehot,GM,GNN-MultiHead,encoded,encoded,False,centroid,Onehot -> [ [GNN-SFT]-ENC => GM => ENC ] -> Onehot
Train - Original,0.6485468245425188,0.0713508129119873,0,0,Unknown,15.410387754440308,0.0029840469360351562,CreditDefault,XGBClassifier,70,onehot,onehot,Onehot -> [ GNN-MultiHead-Encoded => GM => Encoded ] -> Onehot,GM,GNN-MultiHead,encoded,encoded,False,centroid,Onehot -> [ [GNN-SFT]-ENC => GM => ENC ] -> Onehot
Val,0.6670072248794172,0.0713508129119873,0,0,Unknown,15.410387754440308,0.0016052722930908203,CreditDefault,XGBClassifier,70,onehot,onehot,Onehot -> [ GNN-MultiHead-Encoded => GM => Encoded ] -> Onehot,GM,GNN-MultiHead,encoded,encoded,False,centroid,Onehot -> [ [GNN-SFT]-ENC => GM => ENC ] -> Onehot
Test,0.6584559342899236,0.0713508129119873,0,0,Unknown,15.410387754440308,0.00159454345703125,CreditDefault,XGBClassifier,70,onehot,onehot,Onehot -> [ GNN-MultiHead-Encoded => GM => Encoded ] -> Onehot,GM,GNN-MultiHead,encoded,encoded,False,centroid,Onehot -> [ [GNN-SFT]-ENC => GM => ENC ] -> Onehot
Train,1.0,0.09856224060058594,0,0,Unknown,15.45636248588562,0.0028390884399414062,CreditDefault,XGBClassifier,70,onehot,onehot,Onehot -> [ GNN-MultiHead-Encoded => GM => Decoded ] -> Onehot,GM,GNN-MultiHead,encoded,decoded,False,centroid,Onehot -> [ [GNN-SFT]-ENC => GM => DEC ] -> Onehot
Train - Original,0.4991388589881593,0.09856224060058594,0,0,Unknown,15.45636248588562,0.0043299198150634766,CreditDefault,XGBClassifier,70,onehot,onehot,Onehot -> [ GNN-MultiHead-Encoded => GM => Decoded ] -> Onehot,GM,GNN-MultiHead,encoded,decoded,False,centroid,Onehot -> [ [GNN-SFT]-ENC => GM => DEC ] -> Onehot
Val,0.4984924623115578,0.09856224060058594,0,0,Unknown,15.45636248588562,0.002156496047973633,CreditDefault,XGBClassifier,70,onehot,onehot,Onehot -> [ GNN-MultiHead-Encoded => GM => Decoded ] -> Onehot,GM,GNN-MultiHead,encoded,decoded,False,centroid,Onehot -> [ [GNN-SFT]-ENC => GM => DEC ] -> Onehot
Test,0.5005030170934996,0.09856224060058594,0,0,Unknown,15.45636248588562,0.0021953582763671875,CreditDefault,XGBClassifier,70,onehot,onehot,Onehot -> [ GNN-MultiHead-Encoded => GM => Decoded ] -> Onehot,GM,GNN-MultiHead,encoded,decoded,False,centroid,Onehot -> [ [GNN-SFT]-ENC => GM => DEC ] -> Onehot
Train,0.9928571428571429,0.10962200164794922,0,0,Unknown,15.402214050292969,0.0022802352905273438,CreditDefault,XGBClassifier,70,onehot,onehot,Onehot -> [ GNN-MultiHead-Encoded => GM => Decoded-Binary ] -> Onehot,GM,GNN-MultiHead,encoded,decoded,True,centroid,Onehot -> [ [GNN-SFT]-ENC => GM => DEC-BIN ] -> Onehot
Train - Original,0.4171151776103337,0.10962200164794922,0,0,Unknown,15.402214050292969,0.004682302474975586,CreditDefault,XGBClassifier,70,onehot,onehot,Onehot -> [ GNN-MultiHead-Encoded => GM => Decoded-Binary ] -> Onehot,GM,GNN-MultiHead,encoded,decoded,True,centroid,Onehot -> [ [GNN-SFT]-ENC => GM => DEC-BIN ] -> Onehot
Val,0.42342485519969325,0.10962200164794922,0,0,Unknown,15.402214050292969,0.0021085739135742188,CreditDefault,XGBClassifier,70,onehot,onehot,Onehot -> [ GNN-MultiHead-Encoded => GM => Decoded-Binary ] -> Onehot,GM,GNN-MultiHead,encoded,decoded,True,centroid,Onehot -> [ [GNN-SFT]-ENC => GM => DEC-BIN ] -> Onehot
Test,0.4073126677564529,0.10962200164794922,0,0,Unknown,15.402214050292969,0.0025517940521240234,CreditDefault,XGBClassifier,70,onehot,onehot,Onehot -> [ GNN-MultiHead-Encoded => GM => Decoded-Binary ] -> Onehot,GM,GNN-MultiHead,encoded,decoded,True,centroid,Onehot -> [ [GNN-SFT]-ENC => GM => DEC-BIN ] -> Onehot
Train,1.0,0.06941413879394531,0,0,Unknown,15.474544763565063,0.0024785995483398438,CreditDefault,XGBClassifier,70,onehot,onehot,Onehot -> [ GNN-MultiHead-Encoded => GM => Encoded ] -> Onehot,GM,GNN-MultiHead,encoded,encoded,False,centroid,Onehot -> [ [GNN-SFT]-ENC => GM => ENC ] -> Onehot
Train - Original,0.677502691065662,0.06941413879394531,0,0,Unknown,15.474544763565063,0.0037102699279785156,CreditDefault,XGBClassifier,70,onehot,onehot,Onehot -> [ GNN-MultiHead-Encoded => GM => Encoded ] -> Onehot,GM,GNN-MultiHead,encoded,encoded,False,centroid,Onehot -> [ [GNN-SFT]-ENC => GM => ENC ] -> Onehot
Val,0.6669966297350205,0.06941413879394531,0,0,Unknown,15.474544763565063,0.0020399093627929688,CreditDefault,XGBClassifier,70,onehot,onehot,Onehot -> [ GNN-MultiHead-Encoded => GM => Encoded ] -> Onehot,GM,GNN-MultiHead,encoded,encoded,False,centroid,Onehot -> [ [GNN-SFT]-ENC => GM => ENC ] -> Onehot
Test,0.6599755807148191,0.06941413879394531,0,0,Unknown,15.474544763565063,0.0019822120666503906,CreditDefault,XGBClassifier,70,onehot,onehot,Onehot -> [ GNN-MultiHead-Encoded => GM => Encoded ] -> Onehot,GM,GNN-MultiHead,encoded,encoded,False,centroid,Onehot -> [ [GNN-SFT]-ENC => GM => ENC ] -> Onehot
Train,1.0,0.1023867130279541,0,0,Unknown,15.419986486434937,0.0024306774139404297,CreditDefault,XGBClassifier,70,onehot,onehot,Onehot -> [ GNN-MultiHead-Encoded => GM => Decoded ] -> Onehot,GM,GNN-MultiHead,encoded,decoded,False,centroid,Onehot -> [ [GNN-SFT]-ENC => GM => DEC ] -> Onehot
Train - Original,0.42648008611410115,0.1023867130279541,0,0,Unknown,15.419986486434937,0.004469394683837891,CreditDefault,XGBClassifier,70,onehot,onehot,Onehot -> [ GNN-MultiHead-Encoded => GM => Decoded ] -> Onehot,GM,GNN-MultiHead,encoded,decoded,False,centroid,Onehot -> [ [GNN-SFT]-ENC => GM => DEC ] -> Onehot
Val,0.43698159472059095,0.1023867130279541,0,0,Unknown,15.419986486434937,0.0022144317626953125,CreditDefault,XGBClassifier,70,onehot,onehot,Onehot -> [ GNN-MultiHead-Encoded => GM => Decoded ] -> Onehot,GM,GNN-MultiHead,encoded,decoded,False,centroid,Onehot -> [ [GNN-SFT]-ENC => GM => DEC ] -> Onehot
Test,0.427401566063248,0.1023867130279541,0,0,Unknown,15.419986486434937,0.002627134323120117,CreditDefault,XGBClassifier,70,onehot,onehot,Onehot -> [ GNN-MultiHead-Encoded => GM => Decoded ] -> Onehot,GM,GNN-MultiHead,encoded,decoded,False,centroid,Onehot -> [ [GNN-SFT]-ENC => GM => DEC ] -> Onehot
Train,0.9714285714285715,0.12121963500976562,0,0,Unknown,15.34338927268982,0.0030896663665771484,CreditDefault,XGBClassifier,70,onehot,onehot,Onehot -> [ GNN-MultiHead-Encoded => GM => Decoded-Binary ] -> Onehot,GM,GNN-MultiHead,encoded,decoded,True,centroid,Onehot -> [ [GNN-SFT]-ENC => GM => DEC-BIN ] -> Onehot
Train - Original,0.4658772874058127,0.12121963500976562,0,0,Unknown,15.34338927268982,0.0049593448638916016,CreditDefault,XGBClassifier,70,onehot,onehot,Onehot -> [ GNN-MultiHead-Encoded => GM => Decoded-Binary ] -> Onehot,GM,GNN-MultiHead,encoded,decoded,True,centroid,Onehot -> [ [GNN-SFT]-ENC => GM => DEC-BIN ] -> Onehot
Val,0.4740529959032108,0.12121963500976562,0,0,Unknown,15.34338927268982,0.002402067184448242,CreditDefault,XGBClassifier,70,onehot,onehot,Onehot -> [ GNN-MultiHead-Encoded => GM => Decoded-Binary ] -> Onehot,GM,GNN-MultiHead,encoded,decoded,True,centroid,Onehot -> [ [GNN-SFT]-ENC => GM => DEC-BIN ] -> Onehot
Test,0.47923856228935846,0.12121963500976562,0,0,Unknown,15.34338927268982,0.0023658275604248047,CreditDefault,XGBClassifier,70,onehot,onehot,Onehot -> [ GNN-MultiHead-Encoded => GM => Decoded-Binary ] -> Onehot,GM,GNN-MultiHead,encoded,decoded,True,centroid,Onehot -> [ [GNN-SFT]-ENC => GM => DEC-BIN ] -> Onehot
Train,1.0,0.06972932815551758,0,0,Unknown,15.463159799575806,0.0022454261779785156,CreditDefault,XGBClassifier,70,onehot,onehot,Onehot -> [ GNN-MultiHead-Encoded => GM => Encoded ] -> Onehot,GM,GNN-MultiHead,encoded,encoded,False,centroid,Onehot -> [ [GNN-SFT]-ENC => GM => ENC ] -> Onehot
Train - Original,0.6186221743810549,0.06972932815551758,0,0,Unknown,15.463159799575806,0.0036411285400390625,CreditDefault,XGBClassifier,70,onehot,onehot,Onehot -> [ GNN-MultiHead-Encoded => GM => Encoded ] -> Onehot,GM,GNN-MultiHead,encoded,encoded,False,centroid,Onehot -> [ [GNN-SFT]-ENC => GM => ENC ] -> Onehot
Val,0.6695253375310286,0.06972932815551758,0,0,Unknown,15.463159799575806,0.0020182132720947266,CreditDefault,XGBClassifier,70,onehot,onehot,Onehot -> [ GNN-MultiHead-Encoded => GM => Encoded ] -> Onehot,GM,GNN-MultiHead,encoded,encoded,False,centroid,Onehot -> [ [GNN-SFT]-ENC => GM => ENC ] -> Onehot
Test,0.6735116344776089,0.06972932815551758,0,0,Unknown,15.463159799575806,0.0019638538360595703,CreditDefault,XGBClassifier,70,onehot,onehot,Onehot -> [ GNN-MultiHead-Encoded => GM => Encoded ] -> Onehot,GM,GNN-MultiHead,encoded,encoded,False,centroid,Onehot -> [ [GNN-SFT]-ENC => GM => ENC ] -> Onehot
Train,1.0,0.40346503257751465,0,0,Unknown,15.555128812789917,0.0025224685668945312,CreditDefault,XGBClassifier,70,onehot,onehot,Onehot -> [ GNN-MultiHead-Encoded => GM => Decoded ] -> Onehot,GM,GNN-MultiHead,encoded,decoded,False,centroid,Onehot -> [ [GNN-SFT]-ENC => GM => DEC ] -> Onehot
Train - Original,0.5010764262648009,0.40346503257751465,0,0,Unknown,15.555128812789917,0.0040285587310791016,CreditDefault,XGBClassifier,70,onehot,onehot,Onehot -> [ GNN-MultiHead-Encoded => GM => Decoded ] -> Onehot,GM,GNN-MultiHead,encoded,decoded,False,centroid,Onehot -> [ [GNN-SFT]-ENC => GM => DEC ] -> Onehot
Val,0.5005004944400718,0.40346503257751465,0,0,Unknown,15.555128812789917,0.002088785171508789,CreditDefault,XGBClassifier,70,onehot,onehot,Onehot -> [ GNN-MultiHead-Encoded => GM => Decoded ] -> Onehot,GM,GNN-MultiHead,encoded,decoded,False,centroid,Onehot -> [ [GNN-SFT]-ENC => GM => DEC ] -> Onehot
Test,0.5015090512804988,0.40346503257751465,0,0,Unknown,15.555128812789917,0.0020835399627685547,CreditDefault,XGBClassifier,70,onehot,onehot,Onehot -> [ GNN-MultiHead-Encoded => GM => Decoded ] -> Onehot,GM,GNN-MultiHead,encoded,decoded,False,centroid,Onehot -> [ [GNN-SFT]-ENC => GM => DEC ] -> Onehot
Train,0.9785714285714286,0.24292206764221191,0,0,Unknown,15.448870658874512,0.0025594234466552734,CreditDefault,XGBClassifier,70,onehot,onehot,Onehot -> [ GNN-MultiHead-Encoded => GM => Decoded-Binary ] -> Onehot,GM,GNN-MultiHead,encoded,decoded,True,centroid,Onehot -> [ [GNN-SFT]-ENC => GM => DEC-BIN ] -> Onehot
Train - Original,0.4644779332615716,0.24292206764221191,0,0,Unknown,15.448870658874512,0.004988670349121094,CreditDefault,XGBClassifier,70,onehot,onehot,Onehot -> [ GNN-MultiHead-Encoded => GM => Decoded-Binary ] -> Onehot,GM,GNN-MultiHead,encoded,decoded,True,centroid,Onehot -> [ [GNN-SFT]-ENC => GM => DEC-BIN ] -> Onehot
Val,0.47510998768945134,0.24292206764221191,0,0,Unknown,15.448870658874512,0.002390146255493164,CreditDefault,XGBClassifier,70,onehot,onehot,Onehot -> [ GNN-MultiHead-Encoded => GM => Decoded-Binary ] -> Onehot,GM,GNN-MultiHead,encoded,decoded,True,centroid,Onehot -> [ [GNN-SFT]-ENC => GM => DEC-BIN ] -> Onehot
Test,0.46462129926742146,0.24292206764221191,0,0,Unknown,15.448870658874512,0.002301454544067383,CreditDefault,XGBClassifier,70,onehot,onehot,Onehot -> [ GNN-MultiHead-Encoded => GM => Decoded-Binary ] -> Onehot,GM,GNN-MultiHead,encoded,decoded,True,centroid,Onehot -> [ [GNN-SFT]-ENC => GM => DEC-BIN ] -> Onehot
Train,1.0,0.07123136520385742,0,0,Unknown,15.427223443984985,0.0030586719512939453,CreditDefault,XGBClassifier,70,onehot,onehot,Onehot -> [ GNN-MultiHead-Encoded => GM => Encoded ] -> Onehot,GM,GNN-MultiHead,encoded,encoded,False,centroid,Onehot -> [ [GNN-SFT]-ENC => GM => ENC ] -> Onehot
Train - Original,0.6705059203444564,0.07123136520385742,0,0,Unknown,15.427223443984985,0.0036940574645996094,CreditDefault,XGBClassifier,70,onehot,onehot,Onehot -> [ GNN-MultiHead-Encoded => GM => Encoded ] -> Onehot,GM,GNN-MultiHead,encoded,encoded,False,centroid,Onehot -> [ [GNN-SFT]-ENC => GM => ENC ] -> Onehot
Val,0.6378731004419689,0.07123136520385742,0,0,Unknown,15.427223443984985,0.0020155906677246094,CreditDefault,XGBClassifier,70,onehot,onehot,Onehot -> [ GNN-MultiHead-Encoded => GM => Encoded ] -> Onehot,GM,GNN-MultiHead,encoded,encoded,False,centroid,Onehot -> [ [GNN-SFT]-ENC => GM => ENC ] -> Onehot
Test,0.6484157736473533,0.07123136520385742,0,0,Unknown,15.427223443984985,0.0019268989562988281,CreditDefault,XGBClassifier,70,onehot,onehot,Onehot -> [ GNN-MultiHead-Encoded => GM => Encoded ] -> Onehot,GM,GNN-MultiHead,encoded,encoded,False,centroid,Onehot -> [ [GNN-SFT]-ENC => GM => ENC ] -> Onehot
Train,0.9928571428571429,0.10523056983947754,0,0,Unknown,15.368748664855957,0.0024344921112060547,CreditDefault,XGBClassifier,70,onehot,onehot,Onehot -> [ GNN-MultiHead-Encoded => GM => Decoded ] -> Onehot,GM,GNN-MultiHead,encoded,decoded,False,centroid,Onehot -> [ [GNN-SFT]-ENC => GM => DEC ] -> Onehot
Train - Original,0.46706135629709367,0.10523056983947754,0,0,Unknown,15.368748664855957,0.004206180572509766,CreditDefault,XGBClassifier,70,onehot,onehot,Onehot -> [ GNN-MultiHead-Encoded => GM => Decoded ] -> Onehot,GM,GNN-MultiHead,encoded,decoded,False,centroid,Onehot -> [ [GNN-SFT]-ENC => GM => DEC ] -> Onehot
Val,0.4710979596779076,0.10523056983947754,0,0,Unknown,15.368748664855957,0.001987457275390625,CreditDefault,XGBClassifier,70,onehot,onehot,Onehot -> [ GNN-MultiHead-Encoded => GM => Decoded ] -> Onehot,GM,GNN-MultiHead,encoded,decoded,False,centroid,Onehot -> [ [GNN-SFT]-ENC => GM => DEC ] -> Onehot
Test,0.4620946095941555,0.10523056983947754,0,0,Unknown,15.368748664855957,0.001955747604370117,CreditDefault,XGBClassifier,70,onehot,onehot,Onehot -> [ GNN-MultiHead-Encoded => GM => Decoded ] -> Onehot,GM,GNN-MultiHead,encoded,decoded,False,centroid,Onehot -> [ [GNN-SFT]-ENC => GM => DEC ] -> Onehot
Train,0.9785714285714286,0.12467336654663086,0,0,Unknown,15.42079758644104,0.0025453567504882812,CreditDefault,XGBClassifier,70,onehot,onehot,Onehot -> [ GNN-MultiHead-Encoded => GM => Decoded-Binary ] -> Onehot,GM,GNN-MultiHead,encoded,decoded,True,centroid,Onehot -> [ [GNN-SFT]-ENC => GM => DEC-BIN ] -> Onehot
Train - Original,0.443810548977395,0.12467336654663086,0,0,Unknown,15.42079758644104,0.004932880401611328,CreditDefault,XGBClassifier,70,onehot,onehot,Onehot -> [ GNN-MultiHead-Encoded => GM => Decoded-Binary ] -> Onehot,GM,GNN-MultiHead,encoded,decoded,True,centroid,Onehot -> [ [GNN-SFT]-ENC => GM => DEC-BIN ] -> Onehot
Val,0.44206928215374064,0.12467336654663086,0,0,Unknown,15.42079758644104,0.002473115921020508,CreditDefault,XGBClassifier,70,onehot,onehot,Onehot -> [ GNN-MultiHead-Encoded => GM => Decoded-Binary ] -> Onehot,GM,GNN-MultiHead,encoded,decoded,True,centroid,Onehot -> [ [GNN-SFT]-ENC => GM => DEC-BIN ] -> Onehot
Test,0.44391233274807773,0.12467336654663086,0,0,Unknown,15.42079758644104,0.002505064010620117,CreditDefault,XGBClassifier,70,onehot,onehot,Onehot -> [ GNN-MultiHead-Encoded => GM => Decoded-Binary ] -> Onehot,GM,GNN-MultiHead,encoded,decoded,True,centroid,Onehot -> [ [GNN-SFT]-ENC => GM => DEC-BIN ] -> Onehot
Train,0.9928571428571429,0.07664084434509277,0,0,Unknown,15.539065837860107,0.002341032028198242,CreditDefault,XGBClassifier,70,onehot,onehot,Onehot -> [ GNN-MultiHead-Encoded => GM => Encoded ] -> Onehot,GM,GNN-MultiHead,encoded,encoded,False,centroid,Onehot -> [ [GNN-SFT]-ENC => GM => ENC ] -> Onehot
Train - Original,0.6532831001076427,0.07664084434509277,0,0,Unknown,15.539065837860107,0.0037164688110351562,CreditDefault,XGBClassifier,70,onehot,onehot,Onehot -> [ GNN-MultiHead-Encoded => GM => Encoded ] -> Onehot,GM,GNN-MultiHead,encoded,encoded,False,centroid,Onehot -> [ [GNN-SFT]-ENC => GM => ENC ] -> Onehot
Val,0.6876334483663297,0.07664084434509277,0,0,Unknown,15.539065837860107,0.002165079116821289,CreditDefault,XGBClassifier,70,onehot,onehot,Onehot -> [ GNN-MultiHead-Encoded => GM => Encoded ] -> Onehot,GM,GNN-MultiHead,encoded,encoded,False,centroid,Onehot -> [ [GNN-SFT]-ENC => GM => ENC ] -> Onehot
Test,0.6750025226534278,0.07664084434509277,0,0,Unknown,15.539065837860107,0.002099752426147461,CreditDefault,XGBClassifier,70,onehot,onehot,Onehot -> [ GNN-MultiHead-Encoded => GM => Encoded ] -> Onehot,GM,GNN-MultiHead,encoded,encoded,False,centroid,Onehot -> [ [GNN-SFT]-ENC => GM => ENC ] -> Onehot
Train,0.98125,0.15821361541748047,0,0,Unknown,16.028920888900757,0.00305938720703125,CreditDefault,XGBClassifier,80,onehot,onehot,Onehot -> [ GM => Original ] -> Onehot,GM,N/A,original,original,False,centroid,Onehot -> [ GM => ORI ] -> Onehot
Train - Original,0.6230355220667385,0.15821361541748047,0,0,Unknown,16.028920888900757,0.005201578140258789,CreditDefault,XGBClassifier,80,onehot,onehot,Onehot -> [ GM => Original ] -> Onehot,GM,N/A,original,original,False,centroid,Onehot -> [ GM => ORI ] -> Onehot
Val,0.621302294605558,0.15821361541748047,0,0,Unknown,16.028920888900757,0.002473115921020508,CreditDefault,XGBClassifier,80,onehot,onehot,Onehot -> [ GM => Original ] -> Onehot,GM,N/A,original,original,False,centroid,Onehot -> [ GM => ORI ] -> Onehot
Test,0.6157655748622631,0.15821361541748047,0,0,Unknown,16.028920888900757,0.002449512481689453,CreditDefault,XGBClassifier,80,onehot,onehot,Onehot -> [ GM => Original ] -> Onehot,GM,N/A,original,original,False,centroid,Onehot -> [ GM => ORI ] -> Onehot
Train,0.98125,0.14062786102294922,0,0,Unknown,15.96145248413086,0.002694845199584961,CreditDefault,XGBClassifier,80,onehot,onehot,Onehot -> [ GM => Original ] -> Onehot,GM,N/A,original,original,False,centroid,Onehot -> [ GM => ORI ] -> Onehot
Train - Original,0.6444564047362755,0.14062786102294922,0,0,Unknown,15.96145248413086,0.005018949508666992,CreditDefault,XGBClassifier,80,onehot,onehot,Onehot -> [ GM => Original ] -> Onehot,GM,N/A,original,original,False,centroid,Onehot -> [ GM => ORI ] -> Onehot
Val,0.6574478819801821,0.14062786102294922,0,0,Unknown,15.96145248413086,0.002491474151611328,CreditDefault,XGBClassifier,80,onehot,onehot,Onehot -> [ GM => Original ] -> Onehot,GM,N/A,original,original,False,centroid,Onehot -> [ GM => ORI ] -> Onehot
Test,0.6469213537567355,0.14062786102294922,0,0,Unknown,15.96145248413086,0.00244140625,CreditDefault,XGBClassifier,80,onehot,onehot,Onehot -> [ GM => Original ] -> Onehot,GM,N/A,original,original,False,centroid,Onehot -> [ GM => ORI ] -> Onehot
Train,0.96875,0.1498425006866455,0,0,Unknown,16.01662302017212,0.0031023025512695312,CreditDefault,XGBClassifier,80,onehot,onehot,Onehot -> [ GM => Original ] -> Onehot,GM,N/A,original,original,False,centroid,Onehot -> [ GM => ORI ] -> Onehot
Train - Original,0.6265877287405812,0.1498425006866455,0,0,Unknown,16.01662302017212,0.006646871566772461,CreditDefault,XGBClassifier,80,onehot,onehot,Onehot -> [ GM => Original ] -> Onehot,GM,N/A,original,original,False,centroid,Onehot -> [ GM => ORI ] -> Onehot
Val,0.615289297895098,0.1498425006866455,0,0,Unknown,16.01662302017212,0.0028319358825683594,CreditDefault,XGBClassifier,80,onehot,onehot,Onehot -> [ GM => Original ] -> Onehot,GM,N/A,original,original,False,centroid,Onehot -> [ GM => ORI ] -> Onehot
Test,0.6112318621218542,0.1498425006866455,0,0,Unknown,16.01662302017212,0.003397703170776367,CreditDefault,XGBClassifier,80,onehot,onehot,Onehot -> [ GM => Original ] -> Onehot,GM,N/A,original,original,False,centroid,Onehot -> [ GM => ORI ] -> Onehot
Train,0.96875,0.15141749382019043,0,0,Unknown,16.068403720855713,0.0030498504638671875,CreditDefault,XGBClassifier,80,onehot,onehot,Onehot -> [ GM => Original ] -> Onehot,GM,N/A,original,original,False,centroid,Onehot -> [ GM => ORI ] -> Onehot
Train - Original,0.5908503767491927,0.15141749382019043,0,0,Unknown,16.068403720855713,0.005280971527099609,CreditDefault,XGBClassifier,80,onehot,onehot,Onehot -> [ GM => Original ] -> Onehot,GM,N/A,original,original,False,centroid,Onehot -> [ GM => ORI ] -> Onehot
Val,0.6011861516417428,0.15141749382019043,0,0,Unknown,16.068403720855713,0.002460956573486328,CreditDefault,XGBClassifier,80,onehot,onehot,Onehot -> [ GM => Original ] -> Onehot,GM,N/A,original,original,False,centroid,Onehot -> [ GM => ORI ] -> Onehot
Test,0.5806386349417771,0.15141749382019043,0,0,Unknown,16.068403720855713,0.0025060176849365234,CreditDefault,XGBClassifier,80,onehot,onehot,Onehot -> [ GM => Original ] -> Onehot,GM,N/A,original,original,False,centroid,Onehot -> [ GM => ORI ] -> Onehot
Train,0.98125,0.14574360847473145,0,0,Unknown,15.951558589935303,0.0028891563415527344,CreditDefault,XGBClassifier,80,onehot,onehot,Onehot -> [ GM => Original ] -> Onehot,GM,N/A,original,original,False,centroid,Onehot -> [ GM => ORI ] -> Onehot
Train - Original,0.6596340150699678,0.14574360847473145,0,0,Unknown,15.951558589935303,0.005104780197143555,CreditDefault,XGBClassifier,80,onehot,onehot,Onehot -> [ GM => Original ] -> Onehot,GM,N/A,original,original,False,centroid,Onehot -> [ GM => ORI ] -> Onehot
Val,0.6509308591148513,0.14574360847473145,0,0,Unknown,15.951558589935303,0.0024521350860595703,CreditDefault,XGBClassifier,80,onehot,onehot,Onehot -> [ GM => Original ] -> Onehot,GM,N/A,original,original,False,centroid,Onehot -> [ GM => ORI ] -> Onehot
Test,0.6649820387075942,0.14574360847473145,0,0,Unknown,15.951558589935303,0.002781391143798828,CreditDefault,XGBClassifier,80,onehot,onehot,Onehot -> [ GM => Original ] -> Onehot,GM,N/A,original,original,False,centroid,Onehot -> [ GM => ORI ] -> Onehot
Train,1.0,0.1408991813659668,0,0,Unknown,15.365168809890747,0.002541065216064453,CreditDefault,XGBClassifier,80,onehot,onehot,Onehot -> [ GNN-MultiHead-Encoded => GM => Decoded ] -> Onehot,GM,GNN-MultiHead,encoded,decoded,False,centroid,Onehot -> [ [GNN-SFT]-ENC => GM => DEC ] -> Onehot
Train - Original,0.531324004305705,0.1408991813659668,0,0,Unknown,15.365168809890747,0.004490852355957031,CreditDefault,XGBClassifier,80,onehot,onehot,Onehot -> [ GNN-MultiHead-Encoded => GM => Decoded ] -> Onehot,GM,GNN-MultiHead,encoded,decoded,False,centroid,Onehot -> [ [GNN-SFT]-ENC => GM => DEC ] -> Onehot
Val,0.5212705091723678,0.1408991813659668,0,0,Unknown,15.365168809890747,0.002267599105834961,CreditDefault,XGBClassifier,80,onehot,onehot,Onehot -> [ GNN-MultiHead-Encoded => GM => Decoded ] -> Onehot,GM,GNN-MultiHead,encoded,decoded,False,centroid,Onehot -> [ [GNN-SFT]-ENC => GM => DEC ] -> Onehot
Test,0.5314716151036306,0.1408991813659668,0,0,Unknown,15.365168809890747,0.0022416114807128906,CreditDefault,XGBClassifier,80,onehot,onehot,Onehot -> [ GNN-MultiHead-Encoded => GM => Decoded ] -> Onehot,GM,GNN-MultiHead,encoded,decoded,False,centroid,Onehot -> [ [GNN-SFT]-ENC => GM => DEC ] -> Onehot
Train,0.98125,0.15430021286010742,0,0,Unknown,15.381327152252197,0.0029006004333496094,CreditDefault,XGBClassifier,80,onehot,onehot,Onehot -> [ GNN-MultiHead-Encoded => GM => Decoded-Binary ] -> Onehot,GM,GNN-MultiHead,encoded,decoded,True,centroid,Onehot -> [ [GNN-SFT]-ENC => GM => DEC-BIN ] -> Onehot
Train - Original,0.5035522066738428,0.15430021286010742,0,0,Unknown,15.381327152252197,0.0050013065338134766,CreditDefault,XGBClassifier,80,onehot,onehot,Onehot -> [ GNN-MultiHead-Encoded => GM => Decoded-Binary ] -> Onehot,GM,GNN-MultiHead,encoded,decoded,True,centroid,Onehot -> [ [GNN-SFT]-ENC => GM => DEC-BIN ] -> Onehot
Val,0.5058313656636596,0.15430021286010742,0,0,Unknown,15.381327152252197,0.002435445785522461,CreditDefault,XGBClassifier,80,onehot,onehot,Onehot -> [ GNN-MultiHead-Encoded => GM => Decoded-Binary ] -> Onehot,GM,GNN-MultiHead,encoded,decoded,True,centroid,Onehot -> [ [GNN-SFT]-ENC => GM => DEC-BIN ] -> Onehot
Test,0.5167610139048657,0.15430021286010742,0,0,Unknown,15.381327152252197,0.0032732486724853516,CreditDefault,XGBClassifier,80,onehot,onehot,Onehot -> [ GNN-MultiHead-Encoded => GM => Decoded-Binary ] -> Onehot,GM,GNN-MultiHead,encoded,decoded,True,centroid,Onehot -> [ [GNN-SFT]-ENC => GM => DEC-BIN ] -> Onehot
Train,1.0,0.08861041069030762,0,0,Unknown,15.428312540054321,0.0022704601287841797,CreditDefault,XGBClassifier,80,onehot,onehot,Onehot -> [ GNN-MultiHead-Encoded => GM => Encoded ] -> Onehot,GM,GNN-MultiHead,encoded,encoded,False,centroid,Onehot -> [ [GNN-SFT]-ENC => GM => ENC ] -> Onehot
Train - Original,0.6443487621097954,0.08861041069030762,0,0,Unknown,15.428312540054321,0.0036797523498535156,CreditDefault,XGBClassifier,80,onehot,onehot,Onehot -> [ GNN-MultiHead-Encoded => GM => Encoded ] -> Onehot,GM,GNN-MultiHead,encoded,encoded,False,centroid,Onehot -> [ [GNN-SFT]-ENC => GM => ENC ] -> Onehot
Val,0.6579685576476761,0.08861041069030762,0,0,Unknown,15.428312540054321,0.002039670944213867,CreditDefault,XGBClassifier,80,onehot,onehot,Onehot -> [ GNN-MultiHead-Encoded => GM => Encoded ] -> Onehot,GM,GNN-MultiHead,encoded,encoded,False,centroid,Onehot -> [ [GNN-SFT]-ENC => GM => ENC ] -> Onehot
Test,0.655435309075498,0.08861041069030762,0,0,Unknown,15.428312540054321,0.001997709274291992,CreditDefault,XGBClassifier,80,onehot,onehot,Onehot -> [ GNN-MultiHead-Encoded => GM => Encoded ] -> Onehot,GM,GNN-MultiHead,encoded,encoded,False,centroid,Onehot -> [ [GNN-SFT]-ENC => GM => ENC ] -> Onehot
Train,1.0,0.13628602027893066,0,0,Unknown,15.387340545654297,0.002525806427001953,CreditDefault,XGBClassifier,80,onehot,onehot,Onehot -> [ GNN-MultiHead-Encoded => GM => Decoded ] -> Onehot,GM,GNN-MultiHead,encoded,decoded,False,centroid,Onehot -> [ [GNN-SFT]-ENC => GM => DEC ] -> Onehot
Train - Original,0.4963401506996771,0.13628602027893066,0,0,Unknown,15.387340545654297,0.004152059555053711,CreditDefault,XGBClassifier,80,onehot,onehot,Onehot -> [ GNN-MultiHead-Encoded => GM => Decoded ] -> Onehot,GM,GNN-MultiHead,encoded,decoded,False,centroid,Onehot -> [ [GNN-SFT]-ENC => GM => DEC ] -> Onehot
Val,0.49446983915561743,0.13628602027893066,0,0,Unknown,15.387340545654297,0.002178192138671875,CreditDefault,XGBClassifier,80,onehot,onehot,Onehot -> [ GNN-MultiHead-Encoded => GM => Decoded ] -> Onehot,GM,GNN-MultiHead,encoded,decoded,False,centroid,Onehot -> [ [GNN-SFT]-ENC => GM => DEC ] -> Onehot
Test,0.49749399608484185,0.13628602027893066,0,0,Unknown,15.387340545654297,0.0021371841430664062,CreditDefault,XGBClassifier,80,onehot,onehot,Onehot -> [ GNN-MultiHead-Encoded => GM => Decoded ] -> Onehot,GM,GNN-MultiHead,encoded,decoded,False,centroid,Onehot -> [ [GNN-SFT]-ENC => GM => DEC ] -> Onehot
Train,0.99375,0.13842463493347168,0,0,Unknown,15.442809343338013,0.0023162364959716797,CreditDefault,XGBClassifier,80,onehot,onehot,Onehot -> [ GNN-MultiHead-Encoded => GM => Decoded-Binary ] -> Onehot,GM,GNN-MultiHead,encoded,decoded,True,centroid,Onehot -> [ [GNN-SFT]-ENC => GM => DEC-BIN ] -> Onehot
Train - Original,0.43433799784714744,0.13842463493347168,0,0,Unknown,15.442809343338013,0.0044193267822265625,CreditDefault,XGBClassifier,80,onehot,onehot,Onehot -> [ GNN-MultiHead-Encoded => GM => Decoded-Binary ] -> Onehot,GM,GNN-MultiHead,encoded,decoded,True,centroid,Onehot -> [ [GNN-SFT]-ENC => GM => DEC-BIN ] -> Onehot
Val,0.44100522693790234,0.13842463493347168,0,0,Unknown,15.442809343338013,0.0021409988403320312,CreditDefault,XGBClassifier,80,onehot,onehot,Onehot -> [ GNN-MultiHead-Encoded => GM => Decoded-Binary ] -> Onehot,GM,GNN-MultiHead,encoded,decoded,True,centroid,Onehot -> [ [GNN-SFT]-ENC => GM => DEC-BIN ] -> Onehot
Test,0.43744979919678717,0.13842463493347168,0,0,Unknown,15.442809343338013,0.0021257400512695312,CreditDefault,XGBClassifier,80,onehot,onehot,Onehot -> [ GNN-MultiHead-Encoded => GM => Decoded-Binary ] -> Onehot,GM,GNN-MultiHead,encoded,decoded,True,centroid,Onehot -> [ [GNN-SFT]-ENC => GM => DEC-BIN ] -> Onehot
Train,1.0,0.07080793380737305,0,0,Unknown,15.41648530960083,0.0019702911376953125,CreditDefault,XGBClassifier,80,onehot,onehot,Onehot -> [ GNN-MultiHead-Encoded => GM => Encoded ] -> Onehot,GM,GNN-MultiHead,encoded,encoded,False,centroid,Onehot -> [ [GNN-SFT]-ENC => GM => ENC ] -> Onehot
Train - Original,0.6629709364908504,0.07080793380737305,0,0,Unknown,15.41648530960083,0.0032498836517333984,CreditDefault,XGBClassifier,80,onehot,onehot,Onehot -> [ GNN-MultiHead-Encoded => GM => Encoded ] -> Onehot,GM,GNN-MultiHead,encoded,encoded,False,centroid,Onehot -> [ [GNN-SFT]-ENC => GM => ENC ] -> Onehot
Val,0.6750267401263346,0.07080793380737305,0,0,Unknown,15.41648530960083,0.0017933845520019531,CreditDefault,XGBClassifier,80,onehot,onehot,Onehot -> [ GNN-MultiHead-Encoded => GM => Encoded ] -> Onehot,GM,GNN-MultiHead,encoded,encoded,False,centroid,Onehot -> [ [GNN-SFT]-ENC => GM => ENC ] -> Onehot
Test,0.6454062481080098,0.07080793380737305,0,0,Unknown,15.41648530960083,0.0017592906951904297,CreditDefault,XGBClassifier,80,onehot,onehot,Onehot -> [ GNN-MultiHead-Encoded => GM => Encoded ] -> Onehot,GM,GNN-MultiHead,encoded,encoded,False,centroid,Onehot -> [ [GNN-SFT]-ENC => GM => ENC ] -> Onehot
Train,1.0,0.15044355392456055,0,0,Unknown,15.429458141326904,0.0034017562866210938,CreditDefault,XGBClassifier,80,onehot,onehot,Onehot -> [ GNN-MultiHead-Encoded => GM => Decoded ] -> Onehot,GM,GNN-MultiHead,encoded,decoded,False,centroid,Onehot -> [ [GNN-SFT]-ENC => GM => DEC ] -> Onehot
Train - Original,0.5017222820236814,0.15044355392456055,0,0,Unknown,15.429458141326904,0.004510402679443359,CreditDefault,XGBClassifier,80,onehot,onehot,Onehot -> [ GNN-MultiHead-Encoded => GM => Decoded ] -> Onehot,GM,GNN-MultiHead,encoded,decoded,False,centroid,Onehot -> [ [GNN-SFT]-ENC => GM => DEC ] -> Onehot
Val,0.5030186070916833,0.15044355392456055,0,0,Unknown,15.429458141326904,0.002199888229370117,CreditDefault,XGBClassifier,80,onehot,onehot,Onehot -> [ GNN-MultiHead-Encoded => GM => Decoded ] -> Onehot,GM,GNN-MultiHead,encoded,decoded,False,centroid,Onehot -> [ [GNN-SFT]-ENC => GM => DEC ] -> Onehot
Test,0.5020050049444007,0.15044355392456055,0,0,Unknown,15.429458141326904,0.0021734237670898438,CreditDefault,XGBClassifier,80,onehot,onehot,Onehot -> [ GNN-MultiHead-Encoded => GM => Decoded ] -> Onehot,GM,GNN-MultiHead,encoded,decoded,False,centroid,Onehot -> [ [GNN-SFT]-ENC => GM => DEC ] -> Onehot
Train,0.975,0.15680313110351562,0,0,Unknown,15.441542387008667,0.0026917457580566406,CreditDefault,XGBClassifier,80,onehot,onehot,Onehot -> [ GNN-MultiHead-Encoded => GM => Decoded-Binary ] -> Onehot,GM,GNN-MultiHead,encoded,decoded,True,centroid,Onehot -> [ [GNN-SFT]-ENC => GM => DEC-BIN ] -> Onehot
Train - Original,0.47416576964477936,0.15680313110351562,0,0,Unknown,15.441542387008667,0.00504755973815918,CreditDefault,XGBClassifier,80,onehot,onehot,Onehot -> [ GNN-MultiHead-Encoded => GM => Decoded-Binary ] -> Onehot,GM,GNN-MultiHead,encoded,decoded,True,centroid,Onehot -> [ [GNN-SFT]-ENC => GM => DEC-BIN ] -> Onehot
Val,0.4791381606829327,0.15680313110351562,0,0,Unknown,15.441542387008667,0.002463817596435547,CreditDefault,XGBClassifier,80,onehot,onehot,Onehot -> [ GNN-MultiHead-Encoded => GM => Decoded-Binary ] -> Onehot,GM,GNN-MultiHead,encoded,decoded,True,centroid,Onehot -> [ [GNN-SFT]-ENC => GM => DEC-BIN ] -> Onehot
Test,0.4701413694980929,0.15680313110351562,0,0,Unknown,15.441542387008667,0.0023963451385498047,CreditDefault,XGBClassifier,80,onehot,onehot,Onehot -> [ GNN-MultiHead-Encoded => GM => Decoded-Binary ] -> Onehot,GM,GNN-MultiHead,encoded,decoded,True,centroid,Onehot -> [ [GNN-SFT]-ENC => GM => DEC-BIN ] -> Onehot
Train,1.0,0.09207940101623535,0,0,Unknown,15.368001461029053,0.002421855926513672,CreditDefault,XGBClassifier,80,onehot,onehot,Onehot -> [ GNN-MultiHead-Encoded => GM => Encoded ] -> Onehot,GM,GNN-MultiHead,encoded,encoded,False,centroid,Onehot -> [ [GNN-SFT]-ENC => GM => ENC ] -> Onehot
Train - Original,0.6459634015069968,0.09207940101623535,0,0,Unknown,15.368001461029053,0.003710031509399414,CreditDefault,XGBClassifier,80,onehot,onehot,Onehot -> [ GNN-MultiHead-Encoded => GM => Encoded ] -> Onehot,GM,GNN-MultiHead,encoded,encoded,False,centroid,Onehot -> [ [GNN-SFT]-ENC => GM => ENC ] -> Onehot
Val,0.6886223285100199,0.09207940101623535,0,0,Unknown,15.368001461029053,0.002084016799926758,CreditDefault,XGBClassifier,80,onehot,onehot,Onehot -> [ GNN-MultiHead-Encoded => GM => Encoded ] -> Onehot,GM,GNN-MultiHead,encoded,encoded,False,centroid,Onehot -> [ [GNN-SFT]-ENC => GM => ENC ] -> Onehot
Test,0.674511109765696,0.09207940101623535,0,0,Unknown,15.368001461029053,0.0020318031311035156,CreditDefault,XGBClassifier,80,onehot,onehot,Onehot -> [ GNN-MultiHead-Encoded => GM => Encoded ] -> Onehot,GM,GNN-MultiHead,encoded,encoded,False,centroid,Onehot -> [ [GNN-SFT]-ENC => GM => ENC ] -> Onehot
Train,1.0,0.13662219047546387,0,0,Unknown,15.422952651977539,0.0028748512268066406,CreditDefault,XGBClassifier,80,onehot,onehot,Onehot -> [ GNN-MultiHead-Encoded => GM => Decoded ] -> Onehot,GM,GNN-MultiHead,encoded,decoded,False,centroid,Onehot -> [ [GNN-SFT]-ENC => GM => DEC ] -> Onehot
Train - Original,0.5307857911733047,0.13662219047546387,0,0,Unknown,15.422952651977539,0.00444483757019043,CreditDefault,XGBClassifier,80,onehot,onehot,Onehot -> [ GNN-MultiHead-Encoded => GM => Decoded ] -> Onehot,GM,GNN-MultiHead,encoded,decoded,False,centroid,Onehot -> [ [GNN-SFT]-ENC => GM => DEC ] -> Onehot
Val,0.5408059373171077,0.13662219047546387,0,0,Unknown,15.422952651977539,0.0022563934326171875,CreditDefault,XGBClassifier,80,onehot,onehot,Onehot -> [ GNN-MultiHead-Encoded => GM => Decoded ] -> Onehot,GM,GNN-MultiHead,encoded,decoded,False,centroid,Onehot -> [ [GNN-SFT]-ENC => GM => DEC ] -> Onehot
Test,0.5415738330205243,0.13662219047546387,0,0,Unknown,15.422952651977539,0.0022106170654296875,CreditDefault,XGBClassifier,80,onehot,onehot,Onehot -> [ GNN-MultiHead-Encoded => GM => Decoded ] -> Onehot,GM,GNN-MultiHead,encoded,decoded,False,centroid,Onehot -> [ [GNN-SFT]-ENC => GM => DEC ] -> Onehot
Train,0.98125,0.1477353572845459,0,0,Unknown,15.428663492202759,0.002682209014892578,CreditDefault,XGBClassifier,80,onehot,onehot,Onehot -> [ GNN-MultiHead-Encoded => GM => Decoded-Binary ] -> Onehot,GM,GNN-MultiHead,encoded,decoded,True,centroid,Onehot -> [ [GNN-SFT]-ENC => GM => DEC-BIN ] -> Onehot
Train - Original,0.45069967707212055,0.1477353572845459,0,0,Unknown,15.428663492202759,0.004868268966674805,CreditDefault,XGBClassifier,80,onehot,onehot,Onehot -> [ GNN-MultiHead-Encoded => GM => Decoded-Binary ] -> Onehot,GM,GNN-MultiHead,encoded,decoded,True,centroid,Onehot -> [ [GNN-SFT]-ENC => GM => DEC-BIN ] -> Onehot
Val,0.4590310992714577,0.1477353572845459,0,0,Unknown,15.428663492202759,0.0021636486053466797,CreditDefault,XGBClassifier,80,onehot,onehot,Onehot -> [ GNN-MultiHead-Encoded => GM => Decoded-Binary ] -> Onehot,GM,GNN-MultiHead,encoded,decoded,True,centroid,Onehot -> [ [GNN-SFT]-ENC => GM => DEC-BIN ] -> Onehot
Test,0.4450374361768683,0.1477353572845459,0,0,Unknown,15.428663492202759,0.0029709339141845703,CreditDefault,XGBClassifier,80,onehot,onehot,Onehot -> [ GNN-MultiHead-Encoded => GM => Decoded-Binary ] -> Onehot,GM,GNN-MultiHead,encoded,decoded,True,centroid,Onehot -> [ [GNN-SFT]-ENC => GM => DEC-BIN ] -> Onehot
Train,1.0,0.0755777359008789,0,0,Unknown,15.539640188217163,0.002214670181274414,CreditDefault,XGBClassifier,80,onehot,onehot,Onehot -> [ GNN-MultiHead-Encoded => GM => Encoded ] -> Onehot,GM,GNN-MultiHead,encoded,encoded,False,centroid,Onehot -> [ [GNN-SFT]-ENC => GM => ENC ] -> Onehot
Train - Original,0.6556512378902045,0.0755777359008789,0,0,Unknown,15.539640188217163,0.0033228397369384766,CreditDefault,XGBClassifier,80,onehot,onehot,Onehot -> [ GNN-MultiHead-Encoded => GM => Encoded ] -> Onehot,GM,GNN-MultiHead,encoded,encoded,False,centroid,Onehot -> [ [GNN-SFT]-ENC => GM => ENC ] -> Onehot
Val,0.6298328994369438,0.0755777359008789,0,0,Unknown,15.539640188217163,0.0018620491027832031,CreditDefault,XGBClassifier,80,onehot,onehot,Onehot -> [ GNN-MultiHead-Encoded => GM => Encoded ] -> Onehot,GM,GNN-MultiHead,encoded,encoded,False,centroid,Onehot -> [ [GNN-SFT]-ENC => GM => ENC ] -> Onehot
Test,0.6313409416560716,0.0755777359008789,0,0,Unknown,15.539640188217163,0.002003908157348633,CreditDefault,XGBClassifier,80,onehot,onehot,Onehot -> [ GNN-MultiHead-Encoded => GM => Encoded ] -> Onehot,GM,GNN-MultiHead,encoded,encoded,False,centroid,Onehot -> [ [GNN-SFT]-ENC => GM => ENC ] -> Onehot
Train,0.99375,0.11462807655334473,0,0,Unknown,15.395263910293579,0.002582073211669922,CreditDefault,XGBClassifier,80,onehot,onehot,Onehot -> [ GNN-MultiHead-Encoded => GM => Decoded ] -> Onehot,GM,GNN-MultiHead,encoded,decoded,False,centroid,Onehot -> [ [GNN-SFT]-ENC => GM => DEC ] -> Onehot
Train - Original,0.5129171151776103,0.11462807655334473,0,0,Unknown,15.395263910293579,0.004363059997558594,CreditDefault,XGBClassifier,80,onehot,onehot,Onehot -> [ GNN-MultiHead-Encoded => GM => Decoded ] -> Onehot,GM,GNN-MultiHead,encoded,decoded,False,centroid,Onehot -> [ [GNN-SFT]-ENC => GM => DEC ] -> Onehot
Val,0.5140309983653206,0.11462807655334473,0,0,Unknown,15.395263910293579,0.0022122859954833984,CreditDefault,XGBClassifier,80,onehot,onehot,Onehot -> [ GNN-MultiHead-Encoded => GM => Decoded ] -> Onehot,GM,GNN-MultiHead,encoded,decoded,False,centroid,Onehot -> [ [GNN-SFT]-ENC => GM => DEC ] -> Onehot
Test,0.5155960525519162,0.11462807655334473,0,0,Unknown,15.395263910293579,0.0021708011627197266,CreditDefault,XGBClassifier,80,onehot,onehot,Onehot -> [ GNN-MultiHead-Encoded => GM => Decoded ] -> Onehot,GM,GNN-MultiHead,encoded,decoded,False,centroid,Onehot -> [ [GNN-SFT]-ENC => GM => DEC ] -> Onehot
Train,0.975,0.14205551147460938,0,0,Unknown,15.4067862033844,0.002640962600708008,CreditDefault,XGBClassifier,80,onehot,onehot,Onehot -> [ GNN-MultiHead-Encoded => GM => Decoded-Binary ] -> Onehot,GM,GNN-MultiHead,encoded,decoded,True,centroid,Onehot -> [ [GNN-SFT]-ENC => GM => DEC-BIN ] -> Onehot
Train - Original,0.4547900968783638,0.14205551147460938,0,0,Unknown,15.4067862033844,0.004873752593994141,CreditDefault,XGBClassifier,80,onehot,onehot,Onehot -> [ GNN-MultiHead-Encoded => GM => Decoded-Binary ] -> Onehot,GM,GNN-MultiHead,encoded,decoded,True,centroid,Onehot -> [ [GNN-SFT]-ENC => GM => DEC-BIN ] -> Onehot
Val,0.4550992916389175,0.14205551147460938,0,0,Unknown,15.4067862033844,0.0023987293243408203,CreditDefault,XGBClassifier,80,onehot,onehot,Onehot -> [ GNN-MultiHead-Encoded => GM => Decoded-Binary ] -> Onehot,GM,GNN-MultiHead,encoded,decoded,True,centroid,Onehot -> [ [GNN-SFT]-ENC => GM => DEC-BIN ] -> Onehot
Test,0.4595119170147928,0.14205551147460938,0,0,Unknown,15.4067862033844,0.0024156570434570312,CreditDefault,XGBClassifier,80,onehot,onehot,Onehot -> [ GNN-MultiHead-Encoded => GM => Decoded-Binary ] -> Onehot,GM,GNN-MultiHead,encoded,decoded,True,centroid,Onehot -> [ [GNN-SFT]-ENC => GM => DEC-BIN ] -> Onehot
Train,0.99375,0.0738515853881836,0,0,Unknown,15.469130754470825,0.0022742748260498047,CreditDefault,XGBClassifier,80,onehot,onehot,Onehot -> [ GNN-MultiHead-Encoded => GM => Encoded ] -> Onehot,GM,GNN-MultiHead,encoded,encoded,False,centroid,Onehot -> [ [GNN-SFT]-ENC => GM => ENC ] -> Onehot
Train - Original,0.6603875134553283,0.0738515853881836,0,0,Unknown,15.469130754470825,0.0032606124877929688,CreditDefault,XGBClassifier,80,onehot,onehot,Onehot -> [ GNN-MultiHead-Encoded => GM => Encoded ] -> Onehot,GM,GNN-MultiHead,encoded,encoded,False,centroid,Onehot -> [ [GNN-SFT]-ENC => GM => ENC ] -> Onehot
Val,0.6735292930516034,0.0738515853881836,0,0,Unknown,15.469130754470825,0.0018322467803955078,CreditDefault,XGBClassifier,80,onehot,onehot,Onehot -> [ GNN-MultiHead-Encoded => GM => Encoded ] -> Onehot,GM,GNN-MultiHead,encoded,encoded,False,centroid,Onehot -> [ [GNN-SFT]-ENC => GM => ENC ] -> Onehot
Test,0.6700157413573893,0.0738515853881836,0,0,Unknown,15.469130754470825,0.0017881393432617188,CreditDefault,XGBClassifier,80,onehot,onehot,Onehot -> [ GNN-MultiHead-Encoded => GM => Encoded ] -> Onehot,GM,GNN-MultiHead,encoded,encoded,False,centroid,Onehot -> [ [GNN-SFT]-ENC => GM => ENC ] -> Onehot
Train,0.9777777777777779,0.15842843055725098,0,0,Unknown,16.105366706848145,0.002668619155883789,CreditDefault,XGBClassifier,90,onehot,onehot,Onehot -> [ GM => Original ] -> Onehot,GM,N/A,original,original,False,centroid,Onehot -> [ GM => ORI ] -> Onehot
Train - Original,0.6279870828848224,0.15842843055725098,0,0,Unknown,16.105366706848145,0.005106687545776367,CreditDefault,XGBClassifier,90,onehot,onehot,Onehot -> [ GM => Original ] -> Onehot,GM,N/A,original,original,False,centroid,Onehot -> [ GM => ORI ] -> Onehot
Val,0.6288238380658311,0.15842843055725098,0,0,Unknown,16.105366706848145,0.0024564266204833984,CreditDefault,XGBClassifier,90,onehot,onehot,Onehot -> [ GM => Original ] -> Onehot,GM,N/A,original,original,False,centroid,Onehot -> [ GM => ORI ] -> Onehot
Test,0.6273364816048113,0.15842843055725098,0,0,Unknown,16.105366706848145,0.002450227737426758,CreditDefault,XGBClassifier,90,onehot,onehot,Onehot -> [ GM => Original ] -> Onehot,GM,N/A,original,original,False,centroid,Onehot -> [ GM => ORI ] -> Onehot
Train,0.9777777777777779,0.13939452171325684,0,0,Unknown,16.09486675262451,0.0026586055755615234,CreditDefault,XGBClassifier,90,onehot,onehot,Onehot -> [ GM => Original ] -> Onehot,GM,N/A,original,original,False,centroid,Onehot -> [ GM => ORI ] -> Onehot
Train - Original,0.6476856835306781,0.13939452171325684,0,0,Unknown,16.09486675262451,0.0046977996826171875,CreditDefault,XGBClassifier,90,onehot,onehot,Onehot -> [ GM => Original ] -> Onehot,GM,N/A,original,original,False,centroid,Onehot -> [ GM => ORI ] -> Onehot
Val,0.6534166818025873,0.13939452171325684,0,0,Unknown,16.09486675262451,0.0022394657135009766,CreditDefault,XGBClassifier,90,onehot,onehot,Onehot -> [ GM => Original ] -> Onehot,GM,N/A,original,original,False,centroid,Onehot -> [ GM => ORI ] -> Onehot
Test,0.6444198906177474,0.13939452171325684,0,0,Unknown,16.09486675262451,0.0021409988403320312,CreditDefault,XGBClassifier,90,onehot,onehot,Onehot -> [ GM => Original ] -> Onehot,GM,N/A,original,original,False,centroid,Onehot -> [ GM => ORI ] -> Onehot
Train,0.9722222222222223,0.1598193645477295,0,0,Unknown,16.130200386047363,0.002696514129638672,CreditDefault,XGBClassifier,90,onehot,onehot,Onehot -> [ GM => Original ] -> Onehot,GM,N/A,original,original,False,centroid,Onehot -> [ GM => ORI ] -> Onehot
Train - Original,0.6296017222820236,0.1598193645477295,0,0,Unknown,16.130200386047363,0.00516819953918457,CreditDefault,XGBClassifier,90,onehot,onehot,Onehot -> [ GM => Original ] -> Onehot,GM,N/A,original,original,False,centroid,Onehot -> [ GM => ORI ] -> Onehot
Val,0.6203134144618676,0.1598193645477295,0,0,Unknown,16.130200386047363,0.0024645328521728516,CreditDefault,XGBClassifier,90,onehot,onehot,Onehot -> [ GM => Original ] -> Onehot,GM,N/A,original,original,False,centroid,Onehot -> [ GM => ORI ] -> Onehot
Test,0.6207735464470949,0.1598193645477295,0,0,Unknown,16.130200386047363,0.0032706260681152344,CreditDefault,XGBClassifier,90,onehot,onehot,Onehot -> [ GM => Original ] -> Onehot,GM,N/A,original,original,False,centroid,Onehot -> [ GM => ORI ] -> Onehot
Train,0.9777777777777779,0.14958930015563965,0,0,Unknown,16.150400638580322,0.002919435501098633,CreditDefault,XGBClassifier,90,onehot,onehot,Onehot -> [ GM => Original ] -> Onehot,GM,N/A,original,original,False,centroid,Onehot -> [ GM => ORI ] -> Onehot
Train - Original,0.6035522066738428,0.14958930015563965,0,0,Unknown,16.150400638580322,0.005105495452880859,CreditDefault,XGBClassifier,90,onehot,onehot,Onehot -> [ GM => Original ] -> Onehot,GM,N/A,original,original,False,centroid,Onehot -> [ GM => ORI ] -> Onehot
Val,0.6097212972492987,0.14958930015563965,0,0,Unknown,16.150400638580322,0.0024497509002685547,CreditDefault,XGBClassifier,90,onehot,onehot,Onehot -> [ GM => Original ] -> Onehot,GM,N/A,original,original,False,centroid,Onehot -> [ GM => ORI ] -> Onehot
Test,0.592185828742104,0.14958930015563965,0,0,Unknown,16.150400638580322,0.0023970603942871094,CreditDefault,XGBClassifier,90,onehot,onehot,Onehot -> [ GM => Original ] -> Onehot,GM,N/A,original,original,False,centroid,Onehot -> [ GM => ORI ] -> Onehot
Train,0.9833333333333334,0.15717244148254395,0,0,Unknown,15.964190006256104,0.0026912689208984375,CreditDefault,XGBClassifier,90,onehot,onehot,Onehot -> [ GM => Original ] -> Onehot,GM,N/A,original,original,False,centroid,Onehot -> [ GM => ORI ] -> Onehot
Train - Original,0.6511302475780409,0.15717244148254395,0,0,Unknown,15.964190006256104,0.005128145217895508,CreditDefault,XGBClassifier,90,onehot,onehot,Onehot -> [ GM => Original ] -> Onehot,GM,N/A,original,original,False,centroid,Onehot -> [ GM => ORI ] -> Onehot
Val,0.6620027850093843,0.15717244148254395,0,0,Unknown,15.964190006256104,0.002488851547241211,CreditDefault,XGBClassifier,90,onehot,onehot,Onehot -> [ GM => Original ] -> Onehot,GM,N/A,original,original,False,centroid,Onehot -> [ GM => ORI ] -> Onehot
Test,0.659951867772598,0.15717244148254395,0,0,Unknown,15.964190006256104,0.0024611949920654297,CreditDefault,XGBClassifier,90,onehot,onehot,Onehot -> [ GM => Original ] -> Onehot,GM,N/A,original,original,False,centroid,Onehot -> [ GM => ORI ] -> Onehot
Train,1.0,0.15374493598937988,0,0,Unknown,15.467892408370972,0.0025277137756347656,CreditDefault,XGBClassifier,90,onehot,onehot,Onehot -> [ GNN-MultiHead-Encoded => GM => Decoded ] -> Onehot,GM,GNN-MultiHead,encoded,decoded,False,centroid,Onehot -> [ [GNN-SFT]-ENC => GM => DEC ] -> Onehot
Train - Original,0.48471474703982775,0.15374493598937988,0,0,Unknown,15.467892408370972,0.0042726993560791016,CreditDefault,XGBClassifier,90,onehot,onehot,Onehot -> [ GNN-MultiHead-Encoded => GM => Decoded ] -> Onehot,GM,GNN-MultiHead,encoded,decoded,False,centroid,Onehot -> [ [GNN-SFT]-ENC => GM => DEC ] -> Onehot
Val,0.4843782163831204,0.15374493598937988,0,0,Unknown,15.467892408370972,0.002237558364868164,CreditDefault,XGBClassifier,90,onehot,onehot,Onehot -> [ GNN-MultiHead-Encoded => GM => Decoded ] -> Onehot,GM,GNN-MultiHead,encoded,decoded,False,centroid,Onehot -> [ [GNN-SFT]-ENC => GM => DEC ] -> Onehot
Test,0.4814660652660895,0.15374493598937988,0,0,Unknown,15.467892408370972,0.0022008419036865234,CreditDefault,XGBClassifier,90,onehot,onehot,Onehot -> [ GNN-MultiHead-Encoded => GM => Decoded ] -> Onehot,GM,GNN-MultiHead,encoded,decoded,False,centroid,Onehot -> [ [GNN-SFT]-ENC => GM => DEC ] -> Onehot
Train,0.9833333333333334,0.1627485752105713,0,0,Unknown,15.177424669265747,0.002309083938598633,CreditDefault,XGBClassifier,90,onehot,onehot,Onehot -> [ GNN-MultiHead-Encoded => GM => Decoded-Binary ] -> Onehot,GM,GNN-MultiHead,encoded,decoded,True,centroid,Onehot -> [ [GNN-SFT]-ENC => GM => DEC-BIN ] -> Onehot
Train - Original,0.5378902045209903,0.1627485752105713,0,0,Unknown,15.177424669265747,0.005196332931518555,CreditDefault,XGBClassifier,90,onehot,onehot,Onehot -> [ GNN-MultiHead-Encoded => GM => Decoded-Binary ] -> Onehot,GM,GNN-MultiHead,encoded,decoded,True,centroid,Onehot -> [ [GNN-SFT]-ENC => GM => DEC-BIN ] -> Onehot
Val,0.535507860588081,0.1627485752105713,0,0,Unknown,15.177424669265747,0.0024847984313964844,CreditDefault,XGBClassifier,90,onehot,onehot,Onehot -> [ GNN-MultiHead-Encoded => GM => Decoded-Binary ] -> Onehot,GM,GNN-MultiHead,encoded,decoded,True,centroid,Onehot -> [ [GNN-SFT]-ENC => GM => DEC-BIN ] -> Onehot
Test,0.5478693669148957,0.1627485752105713,0,0,Unknown,15.177424669265747,0.002649068832397461,CreditDefault,XGBClassifier,90,onehot,onehot,Onehot -> [ GNN-MultiHead-Encoded => GM => Decoded-Binary ] -> Onehot,GM,GNN-MultiHead,encoded,decoded,True,centroid,Onehot -> [ [GNN-SFT]-ENC => GM => DEC-BIN ] -> Onehot
Train,1.0,0.0864262580871582,0,0,Unknown,15.507031917572021,0.0025434494018554688,CreditDefault,XGBClassifier,90,onehot,onehot,Onehot -> [ GNN-MultiHead-Encoded => GM => Encoded ] -> Onehot,GM,GNN-MultiHead,encoded,encoded,False,centroid,Onehot -> [ [GNN-SFT]-ENC => GM => ENC ] -> Onehot
Train - Original,0.6500538213132401,0.0864262580871582,0,0,Unknown,15.507031917572021,0.0037317276000976562,CreditDefault,XGBClassifier,90,onehot,onehot,Onehot -> [ GNN-MultiHead-Encoded => GM => Encoded ] -> Onehot,GM,GNN-MultiHead,encoded,encoded,False,centroid,Onehot -> [ [GNN-SFT]-ENC => GM => ENC ] -> Onehot
Val,0.6609664789812516,0.0864262580871582,0,0,Unknown,15.507031917572021,0.002105712890625,CreditDefault,XGBClassifier,90,onehot,onehot,Onehot -> [ GNN-MultiHead-Encoded => GM => Encoded ] -> Onehot,GM,GNN-MultiHead,encoded,encoded,False,centroid,Onehot -> [ [GNN-SFT]-ENC => GM => ENC ] -> Onehot
Test,0.6669956206736494,0.0864262580871582,0,0,Unknown,15.507031917572021,0.002025604248046875,CreditDefault,XGBClassifier,90,onehot,onehot,Onehot -> [ GNN-MultiHead-Encoded => GM => Encoded ] -> Onehot,GM,GNN-MultiHead,encoded,encoded,False,centroid,Onehot -> [ [GNN-SFT]-ENC => GM => ENC ] -> Onehot
Train,1.0,0.15790271759033203,0,0,Unknown,15.53978943824768,0.0022444725036621094,CreditDefault,XGBClassifier,90,onehot,onehot,Onehot -> [ GNN-MultiHead-Encoded => GM => Decoded ] -> Onehot,GM,GNN-MultiHead,encoded,decoded,False,centroid,Onehot -> [ [GNN-SFT]-ENC => GM => DEC ] -> Onehot
Train - Original,0.49246501614639393,0.15790271759033203,0,0,Unknown,15.53978943824768,0.004138469696044922,CreditDefault,XGBClassifier,90,onehot,onehot,Onehot -> [ GNN-MultiHead-Encoded => GM => Decoded ] -> Onehot,GM,GNN-MultiHead,encoded,decoded,False,centroid,Onehot -> [ [GNN-SFT]-ENC => GM => DEC ] -> Onehot
Val,0.4929628059978608,0.15790271759033203,0,0,Unknown,15.53978943824768,0.002184629440307617,CreditDefault,XGBClassifier,90,onehot,onehot,Onehot -> [ GNN-MultiHead-Encoded => GM => Decoded ] -> Onehot,GM,GNN-MultiHead,encoded,decoded,False,centroid,Onehot -> [ [GNN-SFT]-ENC => GM => DEC ] -> Onehot
Test,0.4929759237956852,0.15790271759033203,0,0,Unknown,15.53978943824768,0.0021851062774658203,CreditDefault,XGBClassifier,90,onehot,onehot,Onehot -> [ GNN-MultiHead-Encoded => GM => Decoded ] -> Onehot,GM,GNN-MultiHead,encoded,decoded,False,centroid,Onehot -> [ [GNN-SFT]-ENC => GM => DEC ] -> Onehot
Train,0.9888888888888889,0.14457464218139648,0,0,Unknown,15.43990182876587,0.0020148754119873047,CreditDefault,XGBClassifier,90,onehot,onehot,Onehot -> [ GNN-MultiHead-Encoded => GM => Decoded-Binary ] -> Onehot,GM,GNN-MultiHead,encoded,decoded,True,centroid,Onehot -> [ [GNN-SFT]-ENC => GM => DEC-BIN ] -> Onehot
Train - Original,0.42734122712594186,0.14457464218139648,0,0,Unknown,15.43990182876587,0.006130695343017578,CreditDefault,XGBClassifier,90,onehot,onehot,Onehot -> [ GNN-MultiHead-Encoded => GM => Decoded-Binary ] -> Onehot,GM,GNN-MultiHead,encoded,decoded,True,centroid,Onehot -> [ [GNN-SFT]-ENC => GM => DEC-BIN ] -> Onehot
Val,0.4274237654134124,0.14457464218139648,0,0,Unknown,15.43990182876587,0.002132892608642578,CreditDefault,XGBClassifier,90,onehot,onehot,Onehot -> [ GNN-MultiHead-Encoded => GM => Decoded-Binary ] -> Onehot,GM,GNN-MultiHead,encoded,decoded,True,centroid,Onehot -> [ [GNN-SFT]-ENC => GM => DEC-BIN ] -> Onehot
Test,0.4183739985065892,0.14457464218139648,0,0,Unknown,15.43990182876587,0.0022323131561279297,CreditDefault,XGBClassifier,90,onehot,onehot,Onehot -> [ GNN-MultiHead-Encoded => GM => Decoded-Binary ] -> Onehot,GM,GNN-MultiHead,encoded,decoded,True,centroid,Onehot -> [ [GNN-SFT]-ENC => GM => DEC-BIN ] -> Onehot
Train,1.0,0.08400630950927734,0,0,Unknown,15.50923466682434,0.0018379688262939453,CreditDefault,XGBClassifier,90,onehot,onehot,Onehot -> [ GNN-MultiHead-Encoded => GM => Encoded ] -> Onehot,GM,GNN-MultiHead,encoded,encoded,False,centroid,Onehot -> [ [GNN-SFT]-ENC => GM => ENC ] -> Onehot
Train - Original,0.6864370290635091,0.08400630950927734,0,0,Unknown,15.50923466682434,0.003289937973022461,CreditDefault,XGBClassifier,90,onehot,onehot,Onehot -> [ GNN-MultiHead-Encoded => GM => Encoded ] -> Onehot,GM,GNN-MultiHead,encoded,encoded,False,centroid,Onehot -> [ [GNN-SFT]-ENC => GM => ENC ] -> Onehot
Val,0.6886066880587678,0.08400630950927734,0,0,Unknown,15.50923466682434,0.0018956661224365234,CreditDefault,XGBClassifier,90,onehot,onehot,Onehot -> [ GNN-MultiHead-Encoded => GM => Encoded ] -> Onehot,GM,GNN-MultiHead,encoded,encoded,False,centroid,Onehot -> [ [GNN-SFT]-ENC => GM => ENC ] -> Onehot
Test,0.663479041795322,0.08400630950927734,0,0,Unknown,15.50923466682434,0.001863241195678711,CreditDefault,XGBClassifier,90,onehot,onehot,Onehot -> [ GNN-MultiHead-Encoded => GM => Encoded ] -> Onehot,GM,GNN-MultiHead,encoded,encoded,False,centroid,Onehot -> [ [GNN-SFT]-ENC => GM => ENC ] -> Onehot
Train,1.0,0.18306446075439453,0,0,Unknown,14.90486454963684,0.002218008041381836,CreditDefault,XGBClassifier,90,onehot,onehot,Onehot -> [ GNN-MultiHead-Encoded => GM => Decoded ] -> Onehot,GM,GNN-MultiHead,encoded,decoded,False,centroid,Onehot -> [ [GNN-SFT]-ENC => GM => DEC ] -> Onehot
Train - Original,0.422497308934338,0.18306446075439453,0,0,Unknown,14.90486454963684,0.007555961608886719,CreditDefault,XGBClassifier,90,onehot,onehot,Onehot -> [ GNN-MultiHead-Encoded => GM => Decoded ] -> Onehot,GM,GNN-MultiHead,encoded,decoded,False,centroid,Onehot -> [ [GNN-SFT]-ENC => GM => DEC ] -> Onehot
Val,0.42943230207261207,0.18306446075439453,0,0,Unknown,14.90486454963684,0.002338409423828125,CreditDefault,XGBClassifier,90,onehot,onehot,Onehot -> [ GNN-MultiHead-Encoded => GM => Decoded ] -> Onehot,GM,GNN-MultiHead,encoded,decoded,False,centroid,Onehot -> [ [GNN-SFT]-ENC => GM => DEC ] -> Onehot
Test,0.4269192347278562,0.18306446075439453,0,0,Unknown,14.90486454963684,0.002273082733154297,CreditDefault,XGBClassifier,90,onehot,onehot,Onehot -> [ GNN-MultiHead-Encoded => GM => Decoded ] -> Onehot,GM,GNN-MultiHead,encoded,decoded,False,centroid,Onehot -> [ [GNN-SFT]-ENC => GM => DEC ] -> Onehot
Train,0.9777777777777779,0.17539358139038086,0,0,Unknown,15.505503416061401,0.0020694732666015625,CreditDefault,XGBClassifier,90,onehot,onehot,Onehot -> [ GNN-MultiHead-Encoded => GM => Decoded-Binary ] -> Onehot,GM,GNN-MultiHead,encoded,decoded,True,centroid,Onehot -> [ [GNN-SFT]-ENC => GM => DEC-BIN ] -> Onehot
Train - Original,0.48966630785791176,0.17539358139038086,0,0,Unknown,15.505503416061401,0.007484912872314453,CreditDefault,XGBClassifier,90,onehot,onehot,Onehot -> [ GNN-MultiHead-Encoded => GM => Decoded-Binary ] -> Onehot,GM,GNN-MultiHead,encoded,decoded,True,centroid,Onehot -> [ [GNN-SFT]-ENC => GM => DEC-BIN ] -> Onehot
Val,0.501187160703114,0.17539358139038086,0,0,Unknown,15.505503416061401,0.0021905899047851562,CreditDefault,XGBClassifier,90,onehot,onehot,Onehot -> [ GNN-MultiHead-Encoded => GM => Decoded-Binary ] -> Onehot,GM,GNN-MultiHead,encoded,decoded,True,centroid,Onehot -> [ [GNN-SFT]-ENC => GM => DEC-BIN ] -> Onehot
Test,0.486260620370931,0.17539358139038086,0,0,Unknown,15.505503416061401,0.002160787582397461,CreditDefault,XGBClassifier,90,onehot,onehot,Onehot -> [ GNN-MultiHead-Encoded => GM => Decoded-Binary ] -> Onehot,GM,GNN-MultiHead,encoded,decoded,True,centroid,Onehot -> [ [GNN-SFT]-ENC => GM => DEC-BIN ] -> Onehot
Train,1.0,0.10385560989379883,0,0,Unknown,15.559752464294434,0.002476215362548828,CreditDefault,XGBClassifier,90,onehot,onehot,Onehot -> [ GNN-MultiHead-Encoded => GM => Encoded ] -> Onehot,GM,GNN-MultiHead,encoded,encoded,False,centroid,Onehot -> [ [GNN-SFT]-ENC => GM => ENC ] -> Onehot
Train - Original,0.6270182992465017,0.10385560989379883,0,0,Unknown,15.559752464294434,0.0036835670471191406,CreditDefault,XGBClassifier,90,onehot,onehot,Onehot -> [ GNN-MultiHead-Encoded => GM => Encoded ] -> Onehot,GM,GNN-MultiHead,encoded,encoded,False,centroid,Onehot -> [ [GNN-SFT]-ENC => GM => ENC ] -> Onehot
Val,0.6811007850497468,0.10385560989379883,0,0,Unknown,15.559752464294434,0.002205371856689453,CreditDefault,XGBClassifier,90,onehot,onehot,Onehot -> [ GNN-MultiHead-Encoded => GM => Encoded ] -> Onehot,GM,GNN-MultiHead,encoded,encoded,False,centroid,Onehot -> [ [GNN-SFT]-ENC => GM => ENC ] -> Onehot
Test,0.6795251357187544,0.10385560989379883,0,0,Unknown,15.559752464294434,0.002080202102661133,CreditDefault,XGBClassifier,90,onehot,onehot,Onehot -> [ GNN-MultiHead-Encoded => GM => Encoded ] -> Onehot,GM,GNN-MultiHead,encoded,encoded,False,centroid,Onehot -> [ [GNN-SFT]-ENC => GM => ENC ] -> Onehot
Train,1.0,0.15068578720092773,0,0,Unknown,15.638023376464844,0.0025780200958251953,CreditDefault,XGBClassifier,90,onehot,onehot,Onehot -> [ GNN-MultiHead-Encoded => GM => Decoded ] -> Onehot,GM,GNN-MultiHead,encoded,decoded,False,centroid,Onehot -> [ [GNN-SFT]-ENC => GM => DEC ] -> Onehot
Train - Original,0.5456404736275565,0.15068578720092773,0,0,Unknown,15.638023376464844,0.004711151123046875,CreditDefault,XGBClassifier,90,onehot,onehot,Onehot -> [ GNN-MultiHead-Encoded => GM => Decoded ] -> Onehot,GM,GNN-MultiHead,encoded,decoded,False,centroid,Onehot -> [ [GNN-SFT]-ENC => GM => DEC ] -> Onehot
Val,0.547889548142318,0.15068578720092773,0,0,Unknown,15.638023376464844,0.0023610591888427734,CreditDefault,XGBClassifier,90,onehot,onehot,Onehot -> [ GNN-MultiHead-Encoded => GM => Decoded ] -> Onehot,GM,GNN-MultiHead,encoded,decoded,False,centroid,Onehot -> [ [GNN-SFT]-ENC => GM => DEC ] -> Onehot
Test,0.5530619967306412,0.15068578720092773,0,0,Unknown,15.638023376464844,0.002326488494873047,CreditDefault,XGBClassifier,90,onehot,onehot,Onehot -> [ GNN-MultiHead-Encoded => GM => Decoded ] -> Onehot,GM,GNN-MultiHead,encoded,decoded,False,centroid,Onehot -> [ [GNN-SFT]-ENC => GM => DEC ] -> Onehot
Train,0.9833333333333334,0.16621780395507812,0,0,Unknown,15.539714813232422,0.0025746822357177734,CreditDefault,XGBClassifier,90,onehot,onehot,Onehot -> [ GNN-MultiHead-Encoded => GM => Decoded-Binary ] -> Onehot,GM,GNN-MultiHead,encoded,decoded,True,centroid,Onehot -> [ [GNN-SFT]-ENC => GM => DEC-BIN ] -> Onehot
Train - Original,0.4843918191603875,0.16621780395507812,0,0,Unknown,15.539714813232422,0.005023002624511719,CreditDefault,XGBClassifier,90,onehot,onehot,Onehot -> [ GNN-MultiHead-Encoded => GM => Decoded-Binary ] -> Onehot,GM,GNN-MultiHead,encoded,decoded,True,centroid,Onehot -> [ [GNN-SFT]-ENC => GM => DEC-BIN ] -> Onehot
Val,0.5011765655587173,0.16621780395507812,0,0,Unknown,15.539714813232422,0.0025632381439208984,CreditDefault,XGBClassifier,90,onehot,onehot,Onehot -> [ GNN-MultiHead-Encoded => GM => Decoded-Binary ] -> Onehot,GM,GNN-MultiHead,encoded,decoded,True,centroid,Onehot -> [ [GNN-SFT]-ENC => GM => DEC-BIN ] -> Onehot
Test,0.48525811789873063,0.16621780395507812,0,0,Unknown,15.539714813232422,0.002378702163696289,CreditDefault,XGBClassifier,90,onehot,onehot,Onehot -> [ GNN-MultiHead-Encoded => GM => Decoded-Binary ] -> Onehot,GM,GNN-MultiHead,encoded,decoded,True,centroid,Onehot -> [ [GNN-SFT]-ENC => GM => DEC-BIN ] -> Onehot
Train,1.0,0.09362673759460449,0,0,Unknown,15.577258586883545,0.001978158950805664,CreditDefault,XGBClassifier,90,onehot,onehot,Onehot -> [ GNN-MultiHead-Encoded => GM => Encoded ] -> Onehot,GM,GNN-MultiHead,encoded,encoded,False,centroid,Onehot -> [ [GNN-SFT]-ENC => GM => ENC ] -> Onehot
Train - Original,0.6575888051668461,0.09362673759460449,0,0,Unknown,15.577258586883545,0.0032050609588623047,CreditDefault,XGBClassifier,90,onehot,onehot,Onehot -> [ GNN-MultiHead-Encoded => GM => Encoded ] -> Onehot,GM,GNN-MultiHead,encoded,encoded,False,centroid,Onehot -> [ [GNN-SFT]-ENC => GM => ENC ] -> Onehot
Val,0.651945470323505,0.09362673759460449,0,0,Unknown,15.577258586883545,0.0018322467803955078,CreditDefault,XGBClassifier,90,onehot,onehot,Onehot -> [ GNN-MultiHead-Encoded => GM => Encoded ] -> Onehot,GM,GNN-MultiHead,encoded,encoded,False,centroid,Onehot -> [ [GNN-SFT]-ENC => GM => ENC ] -> Onehot
Test,0.6534323222538394,0.09362673759460449,0,0,Unknown,15.577258586883545,0.0018031597137451172,CreditDefault,XGBClassifier,90,onehot,onehot,Onehot -> [ GNN-MultiHead-Encoded => GM => Encoded ] -> Onehot,GM,GNN-MultiHead,encoded,encoded,False,centroid,Onehot -> [ [GNN-SFT]-ENC => GM => ENC ] -> Onehot
Train,0.9944444444444445,18.601948976516724,0,0,Unknown,18.357390642166138,0.01802802085876465,CreditDefault,XGBClassifier,90,onehot,onehot,Onehot -> [ GNN-MultiHead-Encoded => GM => Decoded ] -> Onehot,GM,GNN-MultiHead,encoded,decoded,False,centroid,Onehot -> [ [GNN-SFT]-ENC => GM => DEC ] -> Onehot
Train - Original,0.45166846071044137,18.601948976516724,0,0,Unknown,18.357390642166138,0.015269041061401367,CreditDefault,XGBClassifier,90,onehot,onehot,Onehot -> [ GNN-MultiHead-Encoded => GM => Decoded ] -> Onehot,GM,GNN-MultiHead,encoded,decoded,False,centroid,Onehot -> [ [GNN-SFT]-ENC => GM => DEC ] -> Onehot
Val,0.45382736978063004,18.601948976516724,0,0,Unknown,18.357390642166138,0.002209901809692383,CreditDefault,XGBClassifier,90,onehot,onehot,Onehot -> [ GNN-MultiHead-Encoded => GM => Decoded ] -> Onehot,GM,GNN-MultiHead,encoded,decoded,False,centroid,Onehot -> [ [GNN-SFT]-ENC => GM => DEC ] -> Onehot
Test,0.4467190369518274,18.601948976516724,0,0,Unknown,18.357390642166138,0.002090930938720703,CreditDefault,XGBClassifier,90,onehot,onehot,Onehot -> [ GNN-MultiHead-Encoded => GM => Decoded ] -> Onehot,GM,GNN-MultiHead,encoded,decoded,False,centroid,Onehot -> [ [GNN-SFT]-ENC => GM => DEC ] -> Onehot
Train,0.9722222222222223,58.02654027938843,0,0,Unknown,18.82072615623474,0.016978979110717773,CreditDefault,XGBClassifier,90,onehot,onehot,Onehot -> [ GNN-MultiHead-Encoded => GM => Decoded-Binary ] -> Onehot,GM,GNN-MultiHead,encoded,decoded,True,centroid,Onehot -> [ [GNN-SFT]-ENC => GM => DEC-BIN ] -> Onehot
Train - Original,0.451237890204521,58.02654027938843,0,0,Unknown,18.82072615623474,0.030050039291381836,CreditDefault,XGBClassifier,90,onehot,onehot,Onehot -> [ GNN-MultiHead-Encoded => GM => Decoded-Binary ] -> Onehot,GM,GNN-MultiHead,encoded,decoded,True,centroid,Onehot -> [ [GNN-SFT]-ENC => GM => DEC-BIN ] -> Onehot
Val,0.4571174143811426,58.02654027938843,0,0,Unknown,18.82072615623474,0.023917675018310547,CreditDefault,XGBClassifier,90,onehot,onehot,Onehot -> [ GNN-MultiHead-Encoded => GM => Decoded-Binary ] -> Onehot,GM,GNN-MultiHead,encoded,decoded,True,centroid,Onehot -> [ [GNN-SFT]-ENC => GM => DEC-BIN ] -> Onehot
Test,0.46452543843716576,58.02654027938843,0,0,Unknown,18.82072615623474,0.032479047775268555,CreditDefault,XGBClassifier,90,onehot,onehot,Onehot -> [ GNN-MultiHead-Encoded => GM => Decoded-Binary ] -> Onehot,GM,GNN-MultiHead,encoded,decoded,True,centroid,Onehot -> [ [GNN-SFT]-ENC => GM => DEC-BIN ] -> Onehot
Train,0.9944444444444445,24.78791069984436,0,0,Unknown,16.96909236907959,0.002471446990966797,CreditDefault,XGBClassifier,90,onehot,onehot,Onehot -> [ GNN-MultiHead-Encoded => GM => Encoded ] -> Onehot,GM,GNN-MultiHead,encoded,encoded,False,centroid,Onehot -> [ [GNN-SFT]-ENC => GM => ENC ] -> Onehot
Train - Original,0.642518837459634,24.78791069984436,0,0,Unknown,16.96909236907959,0.003242969512939453,CreditDefault,XGBClassifier,90,onehot,onehot,Onehot -> [ GNN-MultiHead-Encoded => GM => Encoded ] -> Onehot,GM,GNN-MultiHead,encoded,encoded,False,centroid,Onehot -> [ [GNN-SFT]-ENC => GM => ENC ] -> Onehot
Val,0.6901162438699522,24.78791069984436,0,0,Unknown,16.96909236907959,0.0018267631530761719,CreditDefault,XGBClassifier,90,onehot,onehot,Onehot -> [ GNN-MultiHead-Encoded => GM => Encoded ] -> Onehot,GM,GNN-MultiHead,encoded,encoded,False,centroid,Onehot -> [ [GNN-SFT]-ENC => GM => ENC ] -> Onehot
Test,0.6850714415450747,24.78791069984436,0,0,Unknown,16.96909236907959,0.0017900466918945312,CreditDefault,XGBClassifier,90,onehot,onehot,Onehot -> [ GNN-MultiHead-Encoded => GM => Encoded ] -> Onehot,GM,GNN-MultiHead,encoded,encoded,False,centroid,Onehot -> [ [GNN-SFT]-ENC => GM => ENC ] -> Onehot
Train,0.975,62.96430468559265,0,0,Unknown,18.98103427886963,0.0287935733795166,CreditDefault,XGBClassifier,100,onehot,onehot,Onehot -> [ GM => Original ] -> Onehot,GM,N/A,original,original,False,centroid,Onehot -> [ GM => ORI ] -> Onehot
Train - Original,0.6303552206673844,62.96430468559265,0,0,Unknown,18.98103427886963,0.026363849639892578,CreditDefault,XGBClassifier,100,onehot,onehot,Onehot -> [ GM => Original ] -> Onehot,GM,N/A,original,original,False,centroid,Onehot -> [ GM => ORI ] -> Onehot
Val,0.6227957054348046,62.96430468559265,0,0,Unknown,18.98103427886963,0.024219036102294922,CreditDefault,XGBClassifier,100,onehot,onehot,Onehot -> [ GM => Original ] -> Onehot,GM,N/A,original,original,False,centroid,Onehot -> [ GM => ORI ] -> Onehot
Test,0.6248254323827975,62.96430468559265,0,0,Unknown,18.98103427886963,0.022095441818237305,CreditDefault,XGBClassifier,100,onehot,onehot,Onehot -> [ GM => Original ] -> Onehot,GM,N/A,original,original,False,centroid,Onehot -> [ GM => ORI ] -> Onehot
Train,0.975,47.791903018951416,0,0,Unknown,19.25773024559021,0.002852201461791992,CreditDefault,XGBClassifier,100,onehot,onehot,Onehot -> [ GM => Original ] -> Onehot,GM,N/A,original,original,False,centroid,Onehot -> [ GM => ORI ] -> Onehot
Train - Original,0.6531754574811626,47.791903018951416,0,0,Unknown,19.25773024559021,0.004593610763549805,CreditDefault,XGBClassifier,100,onehot,onehot,Onehot -> [ GM => Original ] -> Onehot,GM,N/A,original,original,False,centroid,Onehot -> [ GM => ORI ] -> Onehot
Val,0.6509101733567435,47.791903018951416,0,0,Unknown,19.25773024559021,0.0021042823791503906,CreditDefault,XGBClassifier,100,onehot,onehot,Onehot -> [ GM => Original ] -> Onehot,GM,N/A,original,original,False,centroid,Onehot -> [ GM => ORI ] -> Onehot
Test,0.639899295675163,47.791903018951416,0,0,Unknown,19.25773024559021,0.0020973682403564453,CreditDefault,XGBClassifier,100,onehot,onehot,Onehot -> [ GM => Original ] -> Onehot,GM,N/A,original,original,False,centroid,Onehot -> [ GM => ORI ] -> Onehot
Train,0.97,57.30156946182251,0,0,Unknown,19.335097074508667,0.006178379058837891,CreditDefault,XGBClassifier,100,onehot,onehot,Onehot -> [ GM => Original ] -> Onehot,GM,N/A,original,original,False,centroid,Onehot -> [ GM => ORI ] -> Onehot
Train - Original,0.6388589881593111,57.30156946182251,0,0,Unknown,19.335097074508667,0.022573471069335938,CreditDefault,XGBClassifier,100,onehot,onehot,Onehot -> [ GM => Original ] -> Onehot,GM,N/A,original,original,False,centroid,Onehot -> [ GM => ORI ] -> Onehot
Val,0.6368938063813041,57.30156946182251,0,0,Unknown,19.335097074508667,0.021274089813232422,CreditDefault,XGBClassifier,100,onehot,onehot,Onehot -> [ GM => Original ] -> Onehot,GM,N/A,original,original,False,centroid,Onehot -> [ GM => ORI ] -> Onehot
Test,0.632317208532623,57.30156946182251,0,0,Unknown,19.335097074508667,0.019761085510253906,CreditDefault,XGBClassifier,100,onehot,onehot,Onehot -> [ GM => Original ] -> Onehot,GM,N/A,original,original,False,centroid,Onehot -> [ GM => ORI ] -> Onehot
Train,0.965,59.302441120147705,0,0,Unknown,19.58042335510254,0.019986391067504883,CreditDefault,XGBClassifier,100,onehot,onehot,Onehot -> [ GM => Original ] -> Onehot,GM,N/A,original,original,False,centroid,Onehot -> [ GM => ORI ] -> Onehot
Train - Original,0.6103336921420883,59.302441120147705,0,0,Unknown,19.58042335510254,0.027127504348754883,CreditDefault,XGBClassifier,100,onehot,onehot,Onehot -> [ GM => Original ] -> Onehot,GM,N/A,original,original,False,centroid,Onehot -> [ GM => ORI ] -> Onehot
Val,0.6097323969243809,59.302441120147705,0,0,Unknown,19.58042335510254,0.02217888832092285,CreditDefault,XGBClassifier,100,onehot,onehot,Onehot -> [ GM => Original ] -> Onehot,GM,N/A,original,original,False,centroid,Onehot -> [ GM => ORI ] -> Onehot
Test,0.6112616294323021,59.302441120147705,0,0,Unknown,19.58042335510254,0.020428895950317383,CreditDefault,XGBClassifier,100,onehot,onehot,Onehot -> [ GM => Original ] -> Onehot,GM,N/A,original,original,False,centroid,Onehot -> [ GM => ORI ] -> Onehot
Train,0.98,60.058518171310425,0,0,Unknown,18.359323501586914,0.023712635040283203,CreditDefault,XGBClassifier,100,onehot,onehot,Onehot -> [ GM => Original ] -> Onehot,GM,N/A,original,original,False,centroid,Onehot -> [ GM => ORI ] -> Onehot
Train - Original,0.6445640473627556,60.058518171310425,0,0,Unknown,18.359323501586914,0.02712845802307129,CreditDefault,XGBClassifier,100,onehot,onehot,Onehot -> [ GM => Original ] -> Onehot,GM,N/A,original,original,False,centroid,Onehot -> [ GM => ORI ] -> Onehot
Val,0.6549640774151884,60.058518171310425,0,0,Unknown,18.359323501586914,0.018778562545776367,CreditDefault,XGBClassifier,100,onehot,onehot,Onehot -> [ GM => Original ] -> Onehot,GM,N/A,original,original,False,centroid,Onehot -> [ GM => ORI ] -> Onehot
Test,0.6443886097152429,60.058518171310425,0,0,Unknown,18.359323501586914,0.02299666404724121,CreditDefault,XGBClassifier,100,onehot,onehot,Onehot -> [ GM => Original ] -> Onehot,GM,N/A,original,original,False,centroid,Onehot -> [ GM => ORI ] -> Onehot
Train,1.0,43.26218342781067,0,0,Unknown,18.873167991638184,0.03980708122253418,CreditDefault,XGBClassifier,100,onehot,onehot,Onehot -> [ GNN-MultiHead-Encoded => GM => Decoded ] -> Onehot,GM,GNN-MultiHead,encoded,decoded,False,centroid,Onehot -> [ [GNN-SFT]-ENC => GM => DEC ] -> Onehot
Train - Original,0.5102260495156081,43.26218342781067,0,0,Unknown,18.873167991638184,0.025048017501831055,CreditDefault,XGBClassifier,100,onehot,onehot,Onehot -> [ GNN-MultiHead-Encoded => GM => Decoded ] -> Onehot,GM,GNN-MultiHead,encoded,decoded,False,centroid,Onehot -> [ [GNN-SFT]-ENC => GM => DEC ] -> Onehot
Val,0.5048783071986438,43.26218342781067,0,0,Unknown,18.873167991638184,0.027730703353881836,CreditDefault,XGBClassifier,100,onehot,onehot,Onehot -> [ GNN-MultiHead-Encoded => GM => Decoded ] -> Onehot,GM,GNN-MultiHead,encoded,decoded,False,centroid,Onehot -> [ [GNN-SFT]-ENC => GM => DEC ] -> Onehot
Test,0.49913927065044095,43.26218342781067,0,0,Unknown,18.873167991638184,0.026477575302124023,CreditDefault,XGBClassifier,100,onehot,onehot,Onehot -> [ GNN-MultiHead-Encoded => GM => Decoded ] -> Onehot,GM,GNN-MultiHead,encoded,decoded,False,centroid,Onehot -> [ [GNN-SFT]-ENC => GM => DEC ] -> Onehot
Train,0.98,54.73918080329895,0,0,Unknown,18.800179719924927,0.022635459899902344,CreditDefault,XGBClassifier,100,onehot,onehot,Onehot -> [ GNN-MultiHead-Encoded => GM => Decoded-Binary ] -> Onehot,GM,GNN-MultiHead,encoded,decoded,True,centroid,Onehot -> [ [GNN-SFT]-ENC => GM => DEC-BIN ] -> Onehot
Train - Original,0.5013993541442412,54.73918080329895,0,0,Unknown,18.800179719924927,0.006064891815185547,CreditDefault,XGBClassifier,100,onehot,onehot,Onehot -> [ GNN-MultiHead-Encoded => GM => Decoded-Binary ] -> Onehot,GM,GNN-MultiHead,encoded,decoded,True,centroid,Onehot -> [ [GNN-SFT]-ENC => GM => DEC-BIN ] -> Onehot
Val,0.5048480353575104,54.73918080329895,0,0,Unknown,18.800179719924927,0.0027642250061035156,CreditDefault,XGBClassifier,100,onehot,onehot,Onehot -> [ GNN-MultiHead-Encoded => GM => Decoded-Binary ] -> Onehot,GM,GNN-MultiHead,encoded,decoded,True,centroid,Onehot -> [ [GNN-SFT]-ENC => GM => DEC-BIN ] -> Onehot
Test,0.5067072309337854,54.73918080329895,0,0,Unknown,18.800179719924927,0.0025734901428222656,CreditDefault,XGBClassifier,100,onehot,onehot,Onehot -> [ GNN-MultiHead-Encoded => GM => Decoded-Binary ] -> Onehot,GM,GNN-MultiHead,encoded,decoded,True,centroid,Onehot -> [ [GNN-SFT]-ENC => GM => DEC-BIN ] -> Onehot
Train,1.0,24.54471778869629,0,0,Unknown,13.39273452758789,0.02433943748474121,CreditDefault,XGBClassifier,100,onehot,onehot,Onehot -> [ GNN-MultiHead-Encoded => GM => Encoded ] -> Onehot,GM,GNN-MultiHead,encoded,encoded,False,centroid,Onehot -> [ [GNN-SFT]-ENC => GM => ENC ] -> Onehot
Train - Original,0.6333692142088267,24.54471778869629,0,0,Unknown,13.39273452758789,0.02598094940185547,CreditDefault,XGBClassifier,100,onehot,onehot,Onehot -> [ GNN-MultiHead-Encoded => GM => Encoded ] -> Onehot,GM,GNN-MultiHead,encoded,encoded,False,centroid,Onehot -> [ [GNN-SFT]-ENC => GM => ENC ] -> Onehot
Val,0.660485156707231,24.54471778869629,0,0,Unknown,13.39273452758789,0.02323770523071289,CreditDefault,XGBClassifier,100,onehot,onehot,Onehot -> [ GNN-MultiHead-Encoded => GM => Encoded ] -> Onehot,GM,GNN-MultiHead,encoded,encoded,False,centroid,Onehot -> [ [GNN-SFT]-ENC => GM => ENC ] -> Onehot
Test,0.6569438558253113,24.54471778869629,0,0,Unknown,13.39273452758789,0.019837379455566406,CreditDefault,XGBClassifier,100,onehot,onehot,Onehot -> [ GNN-MultiHead-Encoded => GM => Encoded ] -> Onehot,GM,GNN-MultiHead,encoded,encoded,False,centroid,Onehot -> [ [GNN-SFT]-ENC => GM => ENC ] -> Onehot
Train,1.0,25.458678483963013,0,0,Unknown,16.067958116531372,0.031384944915771484,CreditDefault,XGBClassifier,100,onehot,onehot,Onehot -> [ GNN-MultiHead-Encoded => GM => Decoded ] -> Onehot,GM,GNN-MultiHead,encoded,decoded,False,centroid,Onehot -> [ [GNN-SFT]-ENC => GM => DEC ] -> Onehot
Train - Original,0.3945102260495156,25.458678483963013,0,0,Unknown,16.067958116531372,0.03995108604431152,CreditDefault,XGBClassifier,100,onehot,onehot,Onehot -> [ GNN-MultiHead-Encoded => GM => Decoded ] -> Onehot,GM,GNN-MultiHead,encoded,decoded,False,centroid,Onehot -> [ [GNN-SFT]-ENC => GM => DEC ] -> Onehot
Val,0.39282103287521947,25.458678483963013,0,0,Unknown,16.067958116531372,0.027833223342895508,CreditDefault,XGBClassifier,100,onehot,onehot,Onehot -> [ GNN-MultiHead-Encoded => GM => Decoded ] -> Onehot,GM,GNN-MultiHead,encoded,decoded,False,centroid,Onehot -> [ [GNN-SFT]-ENC => GM => DEC ] -> Onehot
Test,0.3866884623922827,25.458678483963013,0,0,Unknown,16.067958116531372,0.033716678619384766,CreditDefault,XGBClassifier,100,onehot,onehot,Onehot -> [ GNN-MultiHead-Encoded => GM => Decoded ] -> Onehot,GM,GNN-MultiHead,encoded,decoded,False,centroid,Onehot -> [ [GNN-SFT]-ENC => GM => DEC ] -> Onehot
Train,0.985,22.34352469444275,0,0,Unknown,17.952107429504395,0.0030493736267089844,CreditDefault,XGBClassifier,100,onehot,onehot,Onehot -> [ GNN-MultiHead-Encoded => GM => Decoded-Binary ] -> Onehot,GM,GNN-MultiHead,encoded,decoded,True,centroid,Onehot -> [ [GNN-SFT]-ENC => GM => DEC-BIN ] -> Onehot
Train - Original,0.420021528525296,22.34352469444275,0,0,Unknown,17.952107429504395,0.005540132522583008,CreditDefault,XGBClassifier,100,onehot,onehot,Onehot -> [ GNN-MultiHead-Encoded => GM => Decoded-Binary ] -> Onehot,GM,GNN-MultiHead,encoded,decoded,True,centroid,Onehot -> [ [GNN-SFT]-ENC => GM => DEC-BIN ] -> Onehot
Val,0.42340871021775545,22.34352469444275,0,0,Unknown,17.952107429504395,0.0036733150482177734,CreditDefault,XGBClassifier,100,onehot,onehot,Onehot -> [ GNN-MultiHead-Encoded => GM => Decoded-Binary ] -> Onehot,GM,GNN-MultiHead,encoded,decoded,True,centroid,Onehot -> [ [GNN-SFT]-ENC => GM => DEC-BIN ] -> Onehot
Test,0.41084286896329036,22.34352469444275,0,0,Unknown,17.952107429504395,0.00266265869140625,CreditDefault,XGBClassifier,100,onehot,onehot,Onehot -> [ GNN-MultiHead-Encoded => GM => Decoded-Binary ] -> Onehot,GM,GNN-MultiHead,encoded,decoded,True,centroid,Onehot -> [ [GNN-SFT]-ENC => GM => DEC-BIN ] -> Onehot
Train,1.0,37.26636838912964,0,0,Unknown,16.627488136291504,0.01692366600036621,CreditDefault,XGBClassifier,100,onehot,onehot,Onehot -> [ GNN-MultiHead-Encoded => GM => Encoded ] -> Onehot,GM,GNN-MultiHead,encoded,encoded,False,centroid,Onehot -> [ [GNN-SFT]-ENC => GM => ENC ] -> Onehot
Train - Original,0.6740581270182993,37.26636838912964,0,0,Unknown,16.627488136291504,0.02255988121032715,CreditDefault,XGBClassifier,100,onehot,onehot,Onehot -> [ GNN-MultiHead-Encoded => GM => Encoded ] -> Onehot,GM,GNN-MultiHead,encoded,encoded,False,centroid,Onehot -> [ [GNN-SFT]-ENC => GM => ENC ] -> Onehot
Val,0.6855830356602288,37.26636838912964,0,0,Unknown,16.627488136291504,0.019263267517089844,CreditDefault,XGBClassifier,100,onehot,onehot,Onehot -> [ GNN-MultiHead-Encoded => GM => Encoded ] -> Onehot,GM,GNN-MultiHead,encoded,encoded,False,centroid,Onehot -> [ [GNN-SFT]-ENC => GM => ENC ] -> Onehot
Test,0.6815649532804585,37.26636838912964,0,0,Unknown,16.627488136291504,0.020458698272705078,CreditDefault,XGBClassifier,100,onehot,onehot,Onehot -> [ GNN-MultiHead-Encoded => GM => Encoded ] -> Onehot,GM,GNN-MultiHead,encoded,encoded,False,centroid,Onehot -> [ [GNN-SFT]-ENC => GM => ENC ] -> Onehot
Train,1.0,17.500367403030396,0,0,Unknown,16.750266551971436,0.002577543258666992,CreditDefault,XGBClassifier,100,onehot,onehot,Onehot -> [ GNN-MultiHead-Encoded => GM => Decoded ] -> Onehot,GM,GNN-MultiHead,encoded,decoded,False,centroid,Onehot -> [ [GNN-SFT]-ENC => GM => DEC ] -> Onehot
Train - Original,0.4807319698600646,17.500367403030396,0,0,Unknown,16.750266551971436,0.0043985843658447266,CreditDefault,XGBClassifier,100,onehot,onehot,Onehot -> [ GNN-MultiHead-Encoded => GM => Decoded ] -> Onehot,GM,GNN-MultiHead,encoded,decoded,False,centroid,Onehot -> [ [GNN-SFT]-ENC => GM => DEC ] -> Onehot
Val,0.4828126576658392,17.500367403030396,0,0,Unknown,16.750266551971436,0.0056362152099609375,CreditDefault,XGBClassifier,100,onehot,onehot,Onehot -> [ GNN-MultiHead-Encoded => GM => Decoded ] -> Onehot,GM,GNN-MultiHead,encoded,decoded,False,centroid,Onehot -> [ [GNN-SFT]-ENC => GM => DEC ] -> Onehot
Test,0.47549444007184516,17.500367403030396,0,0,Unknown,16.750266551971436,0.004858732223510742,CreditDefault,XGBClassifier,100,onehot,onehot,Onehot -> [ GNN-MultiHead-Encoded => GM => Decoded ] -> Onehot,GM,GNN-MultiHead,encoded,decoded,False,centroid,Onehot -> [ [GNN-SFT]-ENC => GM => DEC ] -> Onehot
Train,0.98,23.58799934387207,0,0,Unknown,16.804084062576294,0.0033326148986816406,CreditDefault,XGBClassifier,100,onehot,onehot,Onehot -> [ GNN-MultiHead-Encoded => GM => Decoded-Binary ] -> Onehot,GM,GNN-MultiHead,encoded,decoded,True,centroid,Onehot -> [ [GNN-SFT]-ENC => GM => DEC-BIN ] -> Onehot
Train - Original,0.5061356297093649,23.58799934387207,0,0,Unknown,16.804084062576294,0.008227109909057617,CreditDefault,XGBClassifier,100,onehot,onehot,Onehot -> [ GNN-MultiHead-Encoded => GM => Decoded-Binary ] -> Onehot,GM,GNN-MultiHead,encoded,decoded,True,centroid,Onehot -> [ [GNN-SFT]-ENC => GM => DEC-BIN ] -> Onehot
Val,0.515248430909568,23.58799934387207,0,0,Unknown,16.804084062576294,0.002541780471801758,CreditDefault,XGBClassifier,100,onehot,onehot,Onehot -> [ GNN-MultiHead-Encoded => GM => Decoded-Binary ] -> Onehot,GM,GNN-MultiHead,encoded,decoded,True,centroid,Onehot -> [ [GNN-SFT]-ENC => GM => DEC-BIN ] -> Onehot
Test,0.4937917499142298,23.58799934387207,0,0,Unknown,16.804084062576294,0.0030574798583984375,CreditDefault,XGBClassifier,100,onehot,onehot,Onehot -> [ GNN-MultiHead-Encoded => GM => Decoded-Binary ] -> Onehot,GM,GNN-MultiHead,encoded,decoded,True,centroid,Onehot -> [ [GNN-SFT]-ENC => GM => DEC-BIN ] -> Onehot
Train,1.0,14.8736093044281,0,0,Unknown,16.984477519989014,0.003029346466064453,CreditDefault,XGBClassifier,100,onehot,onehot,Onehot -> [ GNN-MultiHead-Encoded => GM => Encoded ] -> Onehot,GM,GNN-MultiHead,encoded,encoded,False,centroid,Onehot -> [ [GNN-SFT]-ENC => GM => ENC ] -> Onehot
Train - Original,0.64994617868676,14.8736093044281,0,0,Unknown,16.984477519989014,0.0037872791290283203,CreditDefault,XGBClassifier,100,onehot,onehot,Onehot -> [ GNN-MultiHead-Encoded => GM => Encoded ] -> Onehot,GM,GNN-MultiHead,encoded,encoded,False,centroid,Onehot -> [ [GNN-SFT]-ENC => GM => ENC ] -> Onehot
Val,0.6710459930172954,14.8736093044281,0,0,Unknown,16.984477519989014,0.002038240432739258,CreditDefault,XGBClassifier,100,onehot,onehot,Onehot -> [ GNN-MultiHead-Encoded => GM => Encoded ] -> Onehot,GM,GNN-MultiHead,encoded,encoded,False,centroid,Onehot -> [ [GNN-SFT]-ENC => GM => ENC ] -> Onehot
Test,0.6775171035902403,14.8736093044281,0,0,Unknown,16.984477519989014,0.001996755599975586,CreditDefault,XGBClassifier,100,onehot,onehot,Onehot -> [ GNN-MultiHead-Encoded => GM => Encoded ] -> Onehot,GM,GNN-MultiHead,encoded,encoded,False,centroid,Onehot -> [ [GNN-SFT]-ENC => GM => ENC ] -> Onehot
Train,1.0,34.24362325668335,0,0,Unknown,18.92181706428528,0.014212369918823242,CreditDefault,XGBClassifier,100,onehot,onehot,Onehot -> [ GNN-MultiHead-Encoded => GM => Decoded ] -> Onehot,GM,GNN-MultiHead,encoded,decoded,False,centroid,Onehot -> [ [GNN-SFT]-ENC => GM => DEC ] -> Onehot
Train - Original,0.5819160387513456,34.24362325668335,0,0,Unknown,18.92181706428528,0.00442051887512207,CreditDefault,XGBClassifier,100,onehot,onehot,Onehot -> [ GNN-MultiHead-Encoded => GM => Decoded ] -> Onehot,GM,GNN-MultiHead,encoded,decoded,False,centroid,Onehot -> [ [GNN-SFT]-ENC => GM => DEC ] -> Onehot
Val,0.5871914794857823,34.24362325668335,0,0,Unknown,18.92181706428528,0.0020847320556640625,CreditDefault,XGBClassifier,100,onehot,onehot,Onehot -> [ GNN-MultiHead-Encoded => GM => Decoded ] -> Onehot,GM,GNN-MultiHead,encoded,decoded,False,centroid,Onehot -> [ [GNN-SFT]-ENC => GM => DEC ] -> Onehot
Test,0.596142862908922,34.24362325668335,0,0,Unknown,18.92181706428528,0.011174917221069336,CreditDefault,XGBClassifier,100,onehot,onehot,Onehot -> [ GNN-MultiHead-Encoded => GM => Decoded ] -> Onehot,GM,GNN-MultiHead,encoded,decoded,False,centroid,Onehot -> [ [GNN-SFT]-ENC => GM => DEC ] -> Onehot
Train,0.97,66.73492312431335,0,0,Unknown,20.235315799713135,0.054075002670288086,CreditDefault,XGBClassifier,100,onehot,onehot,Onehot -> [ GNN-MultiHead-Encoded => GM => Decoded-Binary ] -> Onehot,GM,GNN-MultiHead,encoded,decoded,True,centroid,Onehot -> [ [GNN-SFT]-ENC => GM => DEC-BIN ] -> Onehot
Train - Original,0.47954790096878364,66.73492312431335,0,0,Unknown,20.235315799713135,0.04469919204711914,CreditDefault,XGBClassifier,100,onehot,onehot,Onehot -> [ GNN-MultiHead-Encoded => GM => Decoded-Binary ] -> Onehot,GM,GNN-MultiHead,encoded,decoded,True,centroid,Onehot -> [ [GNN-SFT]-ENC => GM => DEC-BIN ] -> Onehot
Val,0.48264313535549236,66.73492312431335,0,0,Unknown,20.235315799713135,0.0559537410736084,CreditDefault,XGBClassifier,100,onehot,onehot,Onehot -> [ GNN-MultiHead-Encoded => GM => Decoded-Binary ] -> Onehot,GM,GNN-MultiHead,encoded,decoded,True,centroid,Onehot -> [ [GNN-SFT]-ENC => GM => DEC-BIN ] -> Onehot
Test,0.4721499061572925,66.73492312431335,0,0,Unknown,20.235315799713135,0.05042886734008789,CreditDefault,XGBClassifier,100,onehot,onehot,Onehot -> [ GNN-MultiHead-Encoded => GM => Decoded-Binary ] -> Onehot,GM,GNN-MultiHead,encoded,decoded,True,centroid,Onehot -> [ [GNN-SFT]-ENC => GM => DEC-BIN ] -> Onehot
Train,1.0,32.4684476852417,0,0,Unknown,18.554952383041382,0.0023462772369384766,CreditDefault,XGBClassifier,100,onehot,onehot,Onehot -> [ GNN-MultiHead-Encoded => GM => Encoded ] -> Onehot,GM,GNN-MultiHead,encoded,encoded,False,centroid,Onehot -> [ [GNN-SFT]-ENC => GM => ENC ] -> Onehot
Train - Original,0.6548977395048439,32.4684476852417,0,0,Unknown,18.554952383041382,0.02791762351989746,CreditDefault,XGBClassifier,100,onehot,onehot,Onehot -> [ GNN-MultiHead-Encoded => GM => Encoded ] -> Onehot,GM,GNN-MultiHead,encoded,encoded,False,centroid,Onehot -> [ [GNN-SFT]-ENC => GM => ENC ] -> Onehot
Val,0.6740343282678453,32.4684476852417,0,0,Unknown,18.554952383041382,0.019777774810791016,CreditDefault,XGBClassifier,100,onehot,onehot,Onehot -> [ GNN-MultiHead-Encoded => GM => Encoded ] -> Onehot,GM,GNN-MultiHead,encoded,encoded,False,centroid,Onehot -> [ [GNN-SFT]-ENC => GM => ENC ] -> Onehot
Test,0.6725232588646042,32.4684476852417,0,0,Unknown,18.554952383041382,0.02064681053161621,CreditDefault,XGBClassifier,100,onehot,onehot,Onehot -> [ GNN-MultiHead-Encoded => GM => Encoded ] -> Onehot,GM,GNN-MultiHead,encoded,encoded,False,centroid,Onehot -> [ [GNN-SFT]-ENC => GM => ENC ] -> Onehot
Train,0.995,29.23599076271057,0,0,Unknown,19.309714794158936,0.003258228302001953,CreditDefault,XGBClassifier,100,onehot,onehot,Onehot -> [ GNN-MultiHead-Encoded => GM => Decoded ] -> Onehot,GM,GNN-MultiHead,encoded,decoded,False,centroid,Onehot -> [ [GNN-SFT]-ENC => GM => DEC ] -> Onehot
Train - Original,0.39881593110871905,29.23599076271057,0,0,Unknown,19.309714794158936,0.0048601627349853516,CreditDefault,XGBClassifier,100,onehot,onehot,Onehot -> [ GNN-MultiHead-Encoded => GM => Decoded ] -> Onehot,GM,GNN-MultiHead,encoded,decoded,False,centroid,Onehot -> [ [GNN-SFT]-ENC => GM => DEC ] -> Onehot
Val,0.4021402191681298,29.23599076271057,0,0,Unknown,19.309714794158936,0.0025086402893066406,CreditDefault,XGBClassifier,100,onehot,onehot,Onehot -> [ GNN-MultiHead-Encoded => GM => Decoded ] -> Onehot,GM,GNN-MultiHead,encoded,decoded,False,centroid,Onehot -> [ [GNN-SFT]-ENC => GM => DEC ] -> Onehot
Test,0.3889139472462715,29.23599076271057,0,0,Unknown,19.309714794158936,0.002503633499145508,CreditDefault,XGBClassifier,100,onehot,onehot,Onehot -> [ GNN-MultiHead-Encoded => GM => Decoded ] -> Onehot,GM,GNN-MultiHead,encoded,decoded,False,centroid,Onehot -> [ [GNN-SFT]-ENC => GM => DEC ] -> Onehot
Train,0.975,42.73180294036865,0,0,Unknown,20.185941696166992,0.011409759521484375,CreditDefault,XGBClassifier,100,onehot,onehot,Onehot -> [ GNN-MultiHead-Encoded => GM => Decoded-Binary ] -> Onehot,GM,GNN-MultiHead,encoded,decoded,True,centroid,Onehot -> [ [GNN-SFT]-ENC => GM => DEC-BIN ] -> Onehot
Train - Original,0.4485468245425188,42.73180294036865,0,0,Unknown,20.185941696166992,0.02947402000427246,CreditDefault,XGBClassifier,100,onehot,onehot,Onehot -> [ GNN-MultiHead-Encoded => GM => Decoded-Binary ] -> Onehot,GM,GNN-MultiHead,encoded,decoded,True,centroid,Onehot -> [ [GNN-SFT]-ENC => GM => DEC-BIN ] -> Onehot
Val,0.456591693406793,42.73180294036865,0,0,Unknown,20.185941696166992,0.013249874114990234,CreditDefault,XGBClassifier,100,onehot,onehot,Onehot -> [ GNN-MultiHead-Encoded => GM => Decoded-Binary ] -> Onehot,GM,GNN-MultiHead,encoded,decoded,True,centroid,Onehot -> [ [GNN-SFT]-ENC => GM => DEC-BIN ] -> Onehot
Test,0.4550019172166051,42.73180294036865,0,0,Unknown,20.185941696166992,0.0024309158325195312,CreditDefault,XGBClassifier,100,onehot,onehot,Onehot -> [ GNN-MultiHead-Encoded => GM => Decoded-Binary ] -> Onehot,GM,GNN-MultiHead,encoded,decoded,True,centroid,Onehot -> [ [GNN-SFT]-ENC => GM => DEC-BIN ] -> Onehot
Train,0.995,30.94340205192566,0,0,Unknown,19.388852834701538,0.026627779006958008,CreditDefault,XGBClassifier,100,onehot,onehot,Onehot -> [ GNN-MultiHead-Encoded => GM => Encoded ] -> Onehot,GM,GNN-MultiHead,encoded,encoded,False,centroid,Onehot -> [ [GNN-SFT]-ENC => GM => ENC ] -> Onehot
Train - Original,0.6424111948331539,30.94340205192566,0,0,Unknown,19.388852834701538,0.007451057434082031,CreditDefault,XGBClassifier,100,onehot,onehot,Onehot -> [ GNN-MultiHead-Encoded => GM => Encoded ] -> Onehot,GM,GNN-MultiHead,encoded,encoded,False,centroid,Onehot -> [ [GNN-SFT]-ENC => GM => ENC ] -> Onehot
Val,0.6740454279429275,30.94340205192566,0,0,Unknown,19.388852834701538,0.0021283626556396484,CreditDefault,XGBClassifier,100,onehot,onehot,Onehot -> [ GNN-MultiHead-Encoded => GM => Encoded ] -> Onehot,GM,GNN-MultiHead,encoded,encoded,False,centroid,Onehot -> [ [GNN-SFT]-ENC => GM => ENC ] -> Onehot
Test,0.6700137232346471,30.94340205192566,0,0,Unknown,19.388852834701538,0.017606735229492188,CreditDefault,XGBClassifier,100,onehot,onehot,Onehot -> [ GNN-MultiHead-Encoded => GM => Encoded ] -> Onehot,GM,GNN-MultiHead,encoded,encoded,False,centroid,Onehot -> [ [GNN-SFT]-ENC => GM => ENC ] -> Onehot
