Subset,Score,Default Train Time,Opt Train Time,Opt Train Time Total,Data Distill Time,Inference Time,Dataset,Classifier,N,Data Parse Mode,Post Data Parse Mode,Data Mode,Distill Method,Encoder,Distill Space,Output Space,Convert Binary,Cluster Center,Short Name
Train,0.85,-1,0,0,36.58953046798706,-1,AmazonEmployeeAccess,XGBClassifier,10,onehot,onehot,Onehot -> [ GM => Original ] -> Onehot,GM,N/A,original,original,False,centroid,Onehot -> [ GM => ORI ] -> Onehot
Train - Original,0.5172830377502606,-1,0,0,36.58953046798706,-1,AmazonEmployeeAccess,XGBClassifier,10,onehot,onehot,Onehot -> [ GM => Original ] -> Onehot,GM,N/A,original,original,False,centroid,Onehot -> [ GM => ORI ] -> Onehot
Val,0.5023000234184203,-1,0,0,36.58953046798706,-1,AmazonEmployeeAccess,XGBClassifier,10,onehot,onehot,Onehot -> [ GM => Original ] -> Onehot,GM,N/A,original,original,False,centroid,Onehot -> [ GM => ORI ] -> Onehot
Test,0.5419537290646179,-1,0,0,36.58953046798706,-1,AmazonEmployeeAccess,XGBClassifier,10,onehot,onehot,Onehot -> [ GM => Original ] -> Onehot,GM,N/A,original,original,False,centroid,Onehot -> [ GM => ORI ] -> Onehot
Train,0.95,-1,0,0,34.15336847305298,-1,AmazonEmployeeAccess,XGBClassifier,10,onehot,onehot,Onehot -> [ GM => Original ] -> Onehot,GM,N/A,original,original,False,centroid,Onehot -> [ GM => ORI ] -> Onehot
Train - Original,0.5179529780389489,-1,0,0,34.15336847305298,-1,AmazonEmployeeAccess,XGBClassifier,10,onehot,onehot,Onehot -> [ GM => Original ] -> Onehot,GM,N/A,original,original,False,centroid,Onehot -> [ GM => ORI ] -> Onehot
Val,0.5223915833589314,-1,0,0,34.15336847305298,-1,AmazonEmployeeAccess,XGBClassifier,10,onehot,onehot,Onehot -> [ GM => Original ] -> Onehot,GM,N/A,original,original,False,centroid,Onehot -> [ GM => ORI ] -> Onehot
Test,0.5502195350176348,-1,0,0,34.15336847305298,-1,AmazonEmployeeAccess,XGBClassifier,10,onehot,onehot,Onehot -> [ GM => Original ] -> Onehot,GM,N/A,original,original,False,centroid,Onehot -> [ GM => ORI ] -> Onehot
Train,0.8,-1,0,0,20.223300457000732,-1,AmazonEmployeeAccess,XGBClassifier,10,onehot,onehot,Onehot -> [ GM => Original ] -> Onehot,GM,N/A,original,original,False,centroid,Onehot -> [ GM => ORI ] -> Onehot
Train - Original,0.5099153671604512,-1,0,0,20.223300457000732,-1,AmazonEmployeeAccess,XGBClassifier,10,onehot,onehot,Onehot -> [ GM => Original ] -> Onehot,GM,N/A,original,original,False,centroid,Onehot -> [ GM => ORI ] -> Onehot
Val,0.519237319837835,-1,0,0,20.223300457000732,-1,AmazonEmployeeAccess,XGBClassifier,10,onehot,onehot,Onehot -> [ GM => Original ] -> Onehot,GM,N/A,original,original,False,centroid,Onehot -> [ GM => ORI ] -> Onehot
Test,0.5055465266491646,-1,0,0,20.223300457000732,-1,AmazonEmployeeAccess,XGBClassifier,10,onehot,onehot,Onehot -> [ GM => Original ] -> Onehot,GM,N/A,original,original,False,centroid,Onehot -> [ GM => ORI ] -> Onehot
Train,0.95,-1,0,0,33.276543617248535,-1,AmazonEmployeeAccess,XGBClassifier,10,onehot,onehot,Onehot -> [ GM => Original ] -> Onehot,GM,N/A,original,original,False,centroid,Onehot -> [ GM => ORI ] -> Onehot
Train - Original,0.5332820174729459,-1,0,0,33.276543617248535,-1,AmazonEmployeeAccess,XGBClassifier,10,onehot,onehot,Onehot -> [ GM => Original ] -> Onehot,GM,N/A,original,original,False,centroid,Onehot -> [ GM => ORI ] -> Onehot
Val,0.530051611765171,-1,0,0,33.276543617248535,-1,AmazonEmployeeAccess,XGBClassifier,10,onehot,onehot,Onehot -> [ GM => Original ] -> Onehot,GM,N/A,original,original,False,centroid,Onehot -> [ GM => ORI ] -> Onehot
Test,0.5589350183924506,-1,0,0,33.276543617248535,-1,AmazonEmployeeAccess,XGBClassifier,10,onehot,onehot,Onehot -> [ GM => Original ] -> Onehot,GM,N/A,original,original,False,centroid,Onehot -> [ GM => ORI ] -> Onehot
Train,0.9,-1,0,0,34.28148794174194,-1,AmazonEmployeeAccess,XGBClassifier,10,onehot,onehot,Onehot -> [ GM => Original ] -> Onehot,GM,N/A,original,original,False,centroid,Onehot -> [ GM => ORI ] -> Onehot
Train - Original,0.5232071622909965,-1,0,0,34.28148794174194,-1,AmazonEmployeeAccess,XGBClassifier,10,onehot,onehot,Onehot -> [ GM => Original ] -> Onehot,GM,N/A,original,original,False,centroid,Onehot -> [ GM => ORI ] -> Onehot
Val,0.5158785253086213,-1,0,0,34.28148794174194,-1,AmazonEmployeeAccess,XGBClassifier,10,onehot,onehot,Onehot -> [ GM => Original ] -> Onehot,GM,N/A,original,original,False,centroid,Onehot -> [ GM => ORI ] -> Onehot
Test,0.5304079676626245,-1,0,0,34.28148794174194,-1,AmazonEmployeeAccess,XGBClassifier,10,onehot,onehot,Onehot -> [ GM => Original ] -> Onehot,GM,N/A,original,original,False,centroid,Onehot -> [ GM => ORI ] -> Onehot
Train,1.0,-1,0,0,19.786707162857056,-1,AmazonEmployeeAccess,XGBClassifier,10,onehot,onehot,Onehot -> [ MLP-MultiHead-Encoded => GM => Decoded ] -> Onehot,GM,MLP-MultiHead,encoded,decoded,False,centroid,Onehot -> [ [FFN-SFT]-ENC => GM => DEC ] -> Onehot
Train - Original,0.5,-1,0,0,19.786707162857056,-1,AmazonEmployeeAccess,XGBClassifier,10,onehot,onehot,Onehot -> [ MLP-MultiHead-Encoded => GM => Decoded ] -> Onehot,GM,MLP-MultiHead,encoded,decoded,False,centroid,Onehot -> [ [FFN-SFT]-ENC => GM => DEC ] -> Onehot
Val,0.5,-1,0,0,19.786707162857056,-1,AmazonEmployeeAccess,XGBClassifier,10,onehot,onehot,Onehot -> [ MLP-MultiHead-Encoded => GM => Decoded ] -> Onehot,GM,MLP-MultiHead,encoded,decoded,False,centroid,Onehot -> [ [FFN-SFT]-ENC => GM => DEC ] -> Onehot
Test,0.5,-1,0,0,19.786707162857056,-1,AmazonEmployeeAccess,XGBClassifier,10,onehot,onehot,Onehot -> [ MLP-MultiHead-Encoded => GM => Decoded ] -> Onehot,GM,MLP-MultiHead,encoded,decoded,False,centroid,Onehot -> [ [FFN-SFT]-ENC => GM => DEC ] -> Onehot
Train,0.85,-1,0,0,28.96282696723938,-1,AmazonEmployeeAccess,XGBClassifier,10,onehot,onehot,Onehot -> [ MLP-MultiHead-Encoded => GM => Decoded-Binary ] -> Onehot,GM,MLP-MultiHead,encoded,decoded,True,centroid,Onehot -> [ [FFN-SFT]-ENC => GM => DEC-BIN ] -> Onehot
Train - Original,0.5172830377502606,-1,0,0,28.96282696723938,-1,AmazonEmployeeAccess,XGBClassifier,10,onehot,onehot,Onehot -> [ MLP-MultiHead-Encoded => GM => Decoded-Binary ] -> Onehot,GM,MLP-MultiHead,encoded,decoded,True,centroid,Onehot -> [ [FFN-SFT]-ENC => GM => DEC-BIN ] -> Onehot
Val,0.5023000234184203,-1,0,0,28.96282696723938,-1,AmazonEmployeeAccess,XGBClassifier,10,onehot,onehot,Onehot -> [ MLP-MultiHead-Encoded => GM => Decoded-Binary ] -> Onehot,GM,MLP-MultiHead,encoded,decoded,True,centroid,Onehot -> [ [FFN-SFT]-ENC => GM => DEC-BIN ] -> Onehot
Test,0.5419537290646179,-1,0,0,28.96282696723938,-1,AmazonEmployeeAccess,XGBClassifier,10,onehot,onehot,Onehot -> [ MLP-MultiHead-Encoded => GM => Decoded-Binary ] -> Onehot,GM,MLP-MultiHead,encoded,decoded,True,centroid,Onehot -> [ [FFN-SFT]-ENC => GM => DEC-BIN ] -> Onehot
Train,1.0,-1,0,0,32.796863079071045,-1,AmazonEmployeeAccess,XGBClassifier,10,onehot,onehot,Onehot -> [ MLP-MultiHead-Encoded => GM => Encoded ] -> Onehot,GM,MLP-MultiHead,encoded,encoded,False,centroid,Onehot -> [ [FFN-SFT]-ENC => GM => ENC ] -> Onehot
Train - Original,0.506466321091864,-1,0,0,32.796863079071045,-1,AmazonEmployeeAccess,XGBClassifier,10,onehot,onehot,Onehot -> [ MLP-MultiHead-Encoded => GM => Encoded ] -> Onehot,GM,MLP-MultiHead,encoded,encoded,False,centroid,Onehot -> [ [FFN-SFT]-ENC => GM => ENC ] -> Onehot
Val,0.4982797345506857,-1,0,0,32.796863079071045,-1,AmazonEmployeeAccess,XGBClassifier,10,onehot,onehot,Onehot -> [ MLP-MultiHead-Encoded => GM => Encoded ] -> Onehot,GM,MLP-MultiHead,encoded,encoded,False,centroid,Onehot -> [ [FFN-SFT]-ENC => GM => ENC ] -> Onehot
Test,0.492862365371429,-1,0,0,32.796863079071045,-1,AmazonEmployeeAccess,XGBClassifier,10,onehot,onehot,Onehot -> [ MLP-MultiHead-Encoded => GM => Encoded ] -> Onehot,GM,MLP-MultiHead,encoded,encoded,False,centroid,Onehot -> [ [FFN-SFT]-ENC => GM => ENC ] -> Onehot
Train,1.0,-1,0,0,34.232691287994385,-1,AmazonEmployeeAccess,XGBClassifier,10,onehot,onehot,Onehot -> [ MLP-MultiHead-Encoded => GM => Decoded ] -> Onehot,GM,MLP-MultiHead,encoded,decoded,False,centroid,Onehot -> [ [FFN-SFT]-ENC => GM => DEC ] -> Onehot
Train - Original,0.5,-1,0,0,34.232691287994385,-1,AmazonEmployeeAccess,XGBClassifier,10,onehot,onehot,Onehot -> [ MLP-MultiHead-Encoded => GM => Decoded ] -> Onehot,GM,MLP-MultiHead,encoded,decoded,False,centroid,Onehot -> [ [FFN-SFT]-ENC => GM => DEC ] -> Onehot
Val,0.5,-1,0,0,34.232691287994385,-1,AmazonEmployeeAccess,XGBClassifier,10,onehot,onehot,Onehot -> [ MLP-MultiHead-Encoded => GM => Decoded ] -> Onehot,GM,MLP-MultiHead,encoded,decoded,False,centroid,Onehot -> [ [FFN-SFT]-ENC => GM => DEC ] -> Onehot
Test,0.5,-1,0,0,34.232691287994385,-1,AmazonEmployeeAccess,XGBClassifier,10,onehot,onehot,Onehot -> [ MLP-MultiHead-Encoded => GM => Decoded ] -> Onehot,GM,MLP-MultiHead,encoded,decoded,False,centroid,Onehot -> [ [FFN-SFT]-ENC => GM => DEC ] -> Onehot
Train,0.95,-1,0,0,33.650141954422,-1,AmazonEmployeeAccess,XGBClassifier,10,onehot,onehot,Onehot -> [ MLP-MultiHead-Encoded => GM => Decoded-Binary ] -> Onehot,GM,MLP-MultiHead,encoded,decoded,True,centroid,Onehot -> [ [FFN-SFT]-ENC => GM => DEC-BIN ] -> Onehot
Train - Original,0.5179529780389489,-1,0,0,33.650141954422,-1,AmazonEmployeeAccess,XGBClassifier,10,onehot,onehot,Onehot -> [ MLP-MultiHead-Encoded => GM => Decoded-Binary ] -> Onehot,GM,MLP-MultiHead,encoded,decoded,True,centroid,Onehot -> [ [FFN-SFT]-ENC => GM => DEC-BIN ] -> Onehot
Val,0.5223915833589314,-1,0,0,33.650141954422,-1,AmazonEmployeeAccess,XGBClassifier,10,onehot,onehot,Onehot -> [ MLP-MultiHead-Encoded => GM => Decoded-Binary ] -> Onehot,GM,MLP-MultiHead,encoded,decoded,True,centroid,Onehot -> [ [FFN-SFT]-ENC => GM => DEC-BIN ] -> Onehot
Test,0.5502195350176348,-1,0,0,33.650141954422,-1,AmazonEmployeeAccess,XGBClassifier,10,onehot,onehot,Onehot -> [ MLP-MultiHead-Encoded => GM => Decoded-Binary ] -> Onehot,GM,MLP-MultiHead,encoded,decoded,True,centroid,Onehot -> [ [FFN-SFT]-ENC => GM => DEC-BIN ] -> Onehot
Train,1.0,-1,0,0,34.013344526290894,-1,AmazonEmployeeAccess,XGBClassifier,10,onehot,onehot,Onehot -> [ MLP-MultiHead-Encoded => GM => Encoded ] -> Onehot,GM,MLP-MultiHead,encoded,encoded,False,centroid,Onehot -> [ [FFN-SFT]-ENC => GM => ENC ] -> Onehot
Train - Original,0.529506817180801,-1,0,0,34.013344526290894,-1,AmazonEmployeeAccess,XGBClassifier,10,onehot,onehot,Onehot -> [ MLP-MultiHead-Encoded => GM => Encoded ] -> Onehot,GM,MLP-MultiHead,encoded,encoded,False,centroid,Onehot -> [ [FFN-SFT]-ENC => GM => ENC ] -> Onehot
Val,0.5195612239622143,-1,0,0,34.013344526290894,-1,AmazonEmployeeAccess,XGBClassifier,10,onehot,onehot,Onehot -> [ MLP-MultiHead-Encoded => GM => Encoded ] -> Onehot,GM,MLP-MultiHead,encoded,encoded,False,centroid,Onehot -> [ [FFN-SFT]-ENC => GM => ENC ] -> Onehot
Test,0.5050066864418659,-1,0,0,34.013344526290894,-1,AmazonEmployeeAccess,XGBClassifier,10,onehot,onehot,Onehot -> [ MLP-MultiHead-Encoded => GM => Encoded ] -> Onehot,GM,MLP-MultiHead,encoded,encoded,False,centroid,Onehot -> [ [FFN-SFT]-ENC => GM => ENC ] -> Onehot
Train,1.0,-1,0,0,34.24171257019043,-1,AmazonEmployeeAccess,XGBClassifier,10,onehot,onehot,Onehot -> [ MLP-MultiHead-Encoded => GM => Decoded ] -> Onehot,GM,MLP-MultiHead,encoded,decoded,False,centroid,Onehot -> [ [FFN-SFT]-ENC => GM => DEC ] -> Onehot
Train - Original,0.5000925497454882,-1,0,0,34.24171257019043,-1,AmazonEmployeeAccess,XGBClassifier,10,onehot,onehot,Onehot -> [ MLP-MultiHead-Encoded => GM => Decoded ] -> Onehot,GM,MLP-MultiHead,encoded,decoded,False,centroid,Onehot -> [ [FFN-SFT]-ENC => GM => DEC ] -> Onehot
Val,0.5001079680414597,-1,0,0,34.24171257019043,-1,AmazonEmployeeAccess,XGBClassifier,10,onehot,onehot,Onehot -> [ MLP-MultiHead-Encoded => GM => Decoded ] -> Onehot,GM,MLP-MultiHead,encoded,decoded,False,centroid,Onehot -> [ [FFN-SFT]-ENC => GM => DEC ] -> Onehot
Test,0.5,-1,0,0,34.24171257019043,-1,AmazonEmployeeAccess,XGBClassifier,10,onehot,onehot,Onehot -> [ MLP-MultiHead-Encoded => GM => Decoded ] -> Onehot,GM,MLP-MultiHead,encoded,decoded,False,centroid,Onehot -> [ [FFN-SFT]-ENC => GM => DEC ] -> Onehot
Train,0.8,-1,0,0,34.18238592147827,-1,AmazonEmployeeAccess,XGBClassifier,10,onehot,onehot,Onehot -> [ MLP-MultiHead-Encoded => GM => Decoded-Binary ] -> Onehot,GM,MLP-MultiHead,encoded,decoded,True,centroid,Onehot -> [ [FFN-SFT]-ENC => GM => DEC-BIN ] -> Onehot
Train - Original,0.5099153671604512,-1,0,0,34.18238592147827,-1,AmazonEmployeeAccess,XGBClassifier,10,onehot,onehot,Onehot -> [ MLP-MultiHead-Encoded => GM => Decoded-Binary ] -> Onehot,GM,MLP-MultiHead,encoded,decoded,True,centroid,Onehot -> [ [FFN-SFT]-ENC => GM => DEC-BIN ] -> Onehot
Val,0.519237319837835,-1,0,0,34.18238592147827,-1,AmazonEmployeeAccess,XGBClassifier,10,onehot,onehot,Onehot -> [ MLP-MultiHead-Encoded => GM => Decoded-Binary ] -> Onehot,GM,MLP-MultiHead,encoded,decoded,True,centroid,Onehot -> [ [FFN-SFT]-ENC => GM => DEC-BIN ] -> Onehot
Test,0.5055465266491646,-1,0,0,34.18238592147827,-1,AmazonEmployeeAccess,XGBClassifier,10,onehot,onehot,Onehot -> [ MLP-MultiHead-Encoded => GM => Decoded-Binary ] -> Onehot,GM,MLP-MultiHead,encoded,decoded,True,centroid,Onehot -> [ [FFN-SFT]-ENC => GM => DEC-BIN ] -> Onehot
Train,1.0,-1,0,0,31.894315004348755,-1,AmazonEmployeeAccess,XGBClassifier,10,onehot,onehot,Onehot -> [ MLP-MultiHead-Encoded => GM => Encoded ] -> Onehot,GM,MLP-MultiHead,encoded,encoded,False,centroid,Onehot -> [ [FFN-SFT]-ENC => GM => ENC ] -> Onehot
Train - Original,0.525333332404119,-1,0,0,31.894315004348755,-1,AmazonEmployeeAccess,XGBClassifier,10,onehot,onehot,Onehot -> [ MLP-MultiHead-Encoded => GM => Encoded ] -> Onehot,GM,MLP-MultiHead,encoded,encoded,False,centroid,Onehot -> [ [FFN-SFT]-ENC => GM => ENC ] -> Onehot
Val,0.5028368222724384,-1,0,0,31.894315004348755,-1,AmazonEmployeeAccess,XGBClassifier,10,onehot,onehot,Onehot -> [ MLP-MultiHead-Encoded => GM => Encoded ] -> Onehot,GM,MLP-MultiHead,encoded,encoded,False,centroid,Onehot -> [ [FFN-SFT]-ENC => GM => ENC ] -> Onehot
Test,0.5068425219819144,-1,0,0,31.894315004348755,-1,AmazonEmployeeAccess,XGBClassifier,10,onehot,onehot,Onehot -> [ MLP-MultiHead-Encoded => GM => Encoded ] -> Onehot,GM,MLP-MultiHead,encoded,encoded,False,centroid,Onehot -> [ [FFN-SFT]-ENC => GM => ENC ] -> Onehot
Train,1.0,-1,0,0,32.774653911590576,-1,AmazonEmployeeAccess,XGBClassifier,10,onehot,onehot,Onehot -> [ MLP-MultiHead-Encoded => GM => Decoded ] -> Onehot,GM,MLP-MultiHead,encoded,decoded,False,centroid,Onehot -> [ [FFN-SFT]-ENC => GM => DEC ] -> Onehot
Train - Original,0.5,-1,0,0,32.774653911590576,-1,AmazonEmployeeAccess,XGBClassifier,10,onehot,onehot,Onehot -> [ MLP-MultiHead-Encoded => GM => Decoded ] -> Onehot,GM,MLP-MultiHead,encoded,decoded,False,centroid,Onehot -> [ [FFN-SFT]-ENC => GM => DEC ] -> Onehot
Val,0.5,-1,0,0,32.774653911590576,-1,AmazonEmployeeAccess,XGBClassifier,10,onehot,onehot,Onehot -> [ MLP-MultiHead-Encoded => GM => Decoded ] -> Onehot,GM,MLP-MultiHead,encoded,decoded,False,centroid,Onehot -> [ [FFN-SFT]-ENC => GM => DEC ] -> Onehot
Test,0.5,-1,0,0,32.774653911590576,-1,AmazonEmployeeAccess,XGBClassifier,10,onehot,onehot,Onehot -> [ MLP-MultiHead-Encoded => GM => Decoded ] -> Onehot,GM,MLP-MultiHead,encoded,decoded,False,centroid,Onehot -> [ [FFN-SFT]-ENC => GM => DEC ] -> Onehot
Train,0.95,-1,0,0,32.84676146507263,-1,AmazonEmployeeAccess,XGBClassifier,10,onehot,onehot,Onehot -> [ MLP-MultiHead-Encoded => GM => Decoded-Binary ] -> Onehot,GM,MLP-MultiHead,encoded,decoded,True,centroid,Onehot -> [ [FFN-SFT]-ENC => GM => DEC-BIN ] -> Onehot
Train - Original,0.5332820174729459,-1,0,0,32.84676146507263,-1,AmazonEmployeeAccess,XGBClassifier,10,onehot,onehot,Onehot -> [ MLP-MultiHead-Encoded => GM => Decoded-Binary ] -> Onehot,GM,MLP-MultiHead,encoded,decoded,True,centroid,Onehot -> [ [FFN-SFT]-ENC => GM => DEC-BIN ] -> Onehot
Val,0.530051611765171,-1,0,0,32.84676146507263,-1,AmazonEmployeeAccess,XGBClassifier,10,onehot,onehot,Onehot -> [ MLP-MultiHead-Encoded => GM => Decoded-Binary ] -> Onehot,GM,MLP-MultiHead,encoded,decoded,True,centroid,Onehot -> [ [FFN-SFT]-ENC => GM => DEC-BIN ] -> Onehot
Test,0.5589350183924506,-1,0,0,32.84676146507263,-1,AmazonEmployeeAccess,XGBClassifier,10,onehot,onehot,Onehot -> [ MLP-MultiHead-Encoded => GM => Decoded-Binary ] -> Onehot,GM,MLP-MultiHead,encoded,decoded,True,centroid,Onehot -> [ [FFN-SFT]-ENC => GM => DEC-BIN ] -> Onehot
Train,1.0,-1,0,0,33.599520206451416,-1,AmazonEmployeeAccess,XGBClassifier,10,onehot,onehot,Onehot -> [ MLP-MultiHead-Encoded => GM => Encoded ] -> Onehot,GM,MLP-MultiHead,encoded,encoded,False,centroid,Onehot -> [ [FFN-SFT]-ENC => GM => ENC ] -> Onehot
Train - Original,0.5085478889180043,-1,0,0,33.599520206451416,-1,AmazonEmployeeAccess,XGBClassifier,10,onehot,onehot,Onehot -> [ MLP-MultiHead-Encoded => GM => Encoded ] -> Onehot,GM,MLP-MultiHead,encoded,encoded,False,centroid,Onehot -> [ [FFN-SFT]-ENC => GM => ENC ] -> Onehot
Val,0.5126930879163992,-1,0,0,33.599520206451416,-1,AmazonEmployeeAccess,XGBClassifier,10,onehot,onehot,Onehot -> [ MLP-MultiHead-Encoded => GM => Encoded ] -> Onehot,GM,MLP-MultiHead,encoded,encoded,False,centroid,Onehot -> [ [FFN-SFT]-ENC => GM => ENC ] -> Onehot
Test,0.5192846075456402,-1,0,0,33.599520206451416,-1,AmazonEmployeeAccess,XGBClassifier,10,onehot,onehot,Onehot -> [ MLP-MultiHead-Encoded => GM => Encoded ] -> Onehot,GM,MLP-MultiHead,encoded,encoded,False,centroid,Onehot -> [ [FFN-SFT]-ENC => GM => ENC ] -> Onehot
Train,1.0,-1,0,0,32.82715725898743,-1,AmazonEmployeeAccess,XGBClassifier,10,onehot,onehot,Onehot -> [ MLP-MultiHead-Encoded => GM => Decoded ] -> Onehot,GM,MLP-MultiHead,encoded,decoded,False,centroid,Onehot -> [ [FFN-SFT]-ENC => GM => DEC ] -> Onehot
Train - Original,0.5021847454603234,-1,0,0,32.82715725898743,-1,AmazonEmployeeAccess,XGBClassifier,10,onehot,onehot,Onehot -> [ MLP-MultiHead-Encoded => GM => Decoded ] -> Onehot,GM,MLP-MultiHead,encoded,decoded,False,centroid,Onehot -> [ [FFN-SFT]-ENC => GM => DEC ] -> Onehot
Val,0.49549271443821646,-1,0,0,32.82715725898743,-1,AmazonEmployeeAccess,XGBClassifier,10,onehot,onehot,Onehot -> [ MLP-MultiHead-Encoded => GM => Decoded ] -> Onehot,GM,MLP-MultiHead,encoded,decoded,False,centroid,Onehot -> [ [FFN-SFT]-ENC => GM => DEC ] -> Onehot
Test,0.5019392575587099,-1,0,0,32.82715725898743,-1,AmazonEmployeeAccess,XGBClassifier,10,onehot,onehot,Onehot -> [ MLP-MultiHead-Encoded => GM => Decoded ] -> Onehot,GM,MLP-MultiHead,encoded,decoded,False,centroid,Onehot -> [ [FFN-SFT]-ENC => GM => DEC ] -> Onehot
Train,0.9,-1,0,0,34.080471992492676,-1,AmazonEmployeeAccess,XGBClassifier,10,onehot,onehot,Onehot -> [ MLP-MultiHead-Encoded => GM => Decoded-Binary ] -> Onehot,GM,MLP-MultiHead,encoded,decoded,True,centroid,Onehot -> [ [FFN-SFT]-ENC => GM => DEC-BIN ] -> Onehot
Train - Original,0.4905218049430484,-1,0,0,34.080471992492676,-1,AmazonEmployeeAccess,XGBClassifier,10,onehot,onehot,Onehot -> [ MLP-MultiHead-Encoded => GM => Decoded-Binary ] -> Onehot,GM,MLP-MultiHead,encoded,decoded,True,centroid,Onehot -> [ [FFN-SFT]-ENC => GM => DEC-BIN ] -> Onehot
Val,0.48298438873361094,-1,0,0,34.080471992492676,-1,AmazonEmployeeAccess,XGBClassifier,10,onehot,onehot,Onehot -> [ MLP-MultiHead-Encoded => GM => Decoded-Binary ] -> Onehot,GM,MLP-MultiHead,encoded,decoded,True,centroid,Onehot -> [ [FFN-SFT]-ENC => GM => DEC-BIN ] -> Onehot
Test,0.4902135494209503,-1,0,0,34.080471992492676,-1,AmazonEmployeeAccess,XGBClassifier,10,onehot,onehot,Onehot -> [ MLP-MultiHead-Encoded => GM => Decoded-Binary ] -> Onehot,GM,MLP-MultiHead,encoded,decoded,True,centroid,Onehot -> [ [FFN-SFT]-ENC => GM => DEC-BIN ] -> Onehot
Train,1.0,-1,0,0,32.982160568237305,-1,AmazonEmployeeAccess,XGBClassifier,10,onehot,onehot,Onehot -> [ MLP-MultiHead-Encoded => GM => Encoded ] -> Onehot,GM,MLP-MultiHead,encoded,encoded,False,centroid,Onehot -> [ [FFN-SFT]-ENC => GM => ENC ] -> Onehot
Train - Original,0.5160276227538567,-1,0,0,32.982160568237305,-1,AmazonEmployeeAccess,XGBClassifier,10,onehot,onehot,Onehot -> [ MLP-MultiHead-Encoded => GM => Encoded ] -> Onehot,GM,MLP-MultiHead,encoded,encoded,False,centroid,Onehot -> [ [FFN-SFT]-ENC => GM => ENC ] -> Onehot
Val,0.518591412434877,-1,0,0,32.982160568237305,-1,AmazonEmployeeAccess,XGBClassifier,10,onehot,onehot,Onehot -> [ MLP-MultiHead-Encoded => GM => Encoded ] -> Onehot,GM,MLP-MultiHead,encoded,encoded,False,centroid,Onehot -> [ [FFN-SFT]-ENC => GM => ENC ] -> Onehot
Test,0.5308106695155076,-1,0,0,32.982160568237305,-1,AmazonEmployeeAccess,XGBClassifier,10,onehot,onehot,Onehot -> [ MLP-MultiHead-Encoded => GM => Encoded ] -> Onehot,GM,MLP-MultiHead,encoded,encoded,False,centroid,Onehot -> [ [FFN-SFT]-ENC => GM => ENC ] -> Onehot
Train,0.925,-1,0,0,32.88613295555115,-1,AmazonEmployeeAccess,XGBClassifier,20,onehot,onehot,Onehot -> [ GM => Original ] -> Onehot,GM,N/A,original,original,False,centroid,Onehot -> [ GM => ORI ] -> Onehot
Train - Original,0.5493537198307343,-1,0,0,32.88613295555115,-1,AmazonEmployeeAccess,XGBClassifier,20,onehot,onehot,Onehot -> [ GM => Original ] -> Onehot,GM,N/A,original,original,False,centroid,Onehot -> [ GM => ORI ] -> Onehot
Val,0.5472808780995191,-1,0,0,32.88613295555115,-1,AmazonEmployeeAccess,XGBClassifier,20,onehot,onehot,Onehot -> [ GM => Original ] -> Onehot,GM,N/A,original,original,False,centroid,Onehot -> [ GM => ORI ] -> Onehot
Test,0.5408221482230734,-1,0,0,32.88613295555115,-1,AmazonEmployeeAccess,XGBClassifier,20,onehot,onehot,Onehot -> [ GM => Original ] -> Onehot,GM,N/A,original,original,False,centroid,Onehot -> [ GM => ORI ] -> Onehot
Train,1.0,-1,0,0,34.06137800216675,-1,AmazonEmployeeAccess,XGBClassifier,20,onehot,onehot,Onehot -> [ GM => Original ] -> Onehot,GM,N/A,original,original,False,centroid,Onehot -> [ GM => ORI ] -> Onehot
Train - Original,0.5132455899488746,-1,0,0,34.06137800216675,-1,AmazonEmployeeAccess,XGBClassifier,20,onehot,onehot,Onehot -> [ GM => Original ] -> Onehot,GM,N/A,original,original,False,centroid,Onehot -> [ GM => ORI ] -> Onehot
Val,0.5018533246553386,-1,0,0,34.06137800216675,-1,AmazonEmployeeAccess,XGBClassifier,20,onehot,onehot,Onehot -> [ GM => Original ] -> Onehot,GM,N/A,original,original,False,centroid,Onehot -> [ GM => ORI ] -> Onehot
Test,0.5447404410399785,-1,0,0,34.06137800216675,-1,AmazonEmployeeAccess,XGBClassifier,20,onehot,onehot,Onehot -> [ GM => Original ] -> Onehot,GM,N/A,original,original,False,centroid,Onehot -> [ GM => ORI ] -> Onehot
Train,0.925,-1,0,0,33.681992530822754,-1,AmazonEmployeeAccess,XGBClassifier,20,onehot,onehot,Onehot -> [ GM => Original ] -> Onehot,GM,N/A,original,original,False,centroid,Onehot -> [ GM => ORI ] -> Onehot
Train - Original,0.5364792696933036,-1,0,0,33.681992530822754,-1,AmazonEmployeeAccess,XGBClassifier,20,onehot,onehot,Onehot -> [ GM => Original ] -> Onehot,GM,N/A,original,original,False,centroid,Onehot -> [ GM => ORI ] -> Onehot
Val,0.5457643833200021,-1,0,0,33.681992530822754,-1,AmazonEmployeeAccess,XGBClassifier,20,onehot,onehot,Onehot -> [ GM => Original ] -> Onehot,GM,N/A,original,original,False,centroid,Onehot -> [ GM => ORI ] -> Onehot
Test,0.5426333594729644,-1,0,0,33.681992530822754,-1,AmazonEmployeeAccess,XGBClassifier,20,onehot,onehot,Onehot -> [ GM => Original ] -> Onehot,GM,N/A,original,original,False,centroid,Onehot -> [ GM => ORI ] -> Onehot
Train,0.975,-1,0,0,34.6786413192749,-1,AmazonEmployeeAccess,XGBClassifier,20,onehot,onehot,Onehot -> [ GM => Original ] -> Onehot,GM,N/A,original,original,False,centroid,Onehot -> [ GM => ORI ] -> Onehot
Train - Original,0.5310587676945635,-1,0,0,34.6786413192749,-1,AmazonEmployeeAccess,XGBClassifier,20,onehot,onehot,Onehot -> [ GM => Original ] -> Onehot,GM,N/A,original,original,False,centroid,Onehot -> [ GM => ORI ] -> Onehot
Val,0.5271121438195139,-1,0,0,34.6786413192749,-1,AmazonEmployeeAccess,XGBClassifier,20,onehot,onehot,Onehot -> [ GM => Original ] -> Onehot,GM,N/A,original,original,False,centroid,Onehot -> [ GM => ORI ] -> Onehot
Test,0.5402035102872708,-1,0,0,34.6786413192749,-1,AmazonEmployeeAccess,XGBClassifier,20,onehot,onehot,Onehot -> [ GM => Original ] -> Onehot,GM,N/A,original,original,False,centroid,Onehot -> [ GM => ORI ] -> Onehot
Train,1.0,-1,0,0,33.764164686203,-1,AmazonEmployeeAccess,XGBClassifier,20,onehot,onehot,Onehot -> [ GM => Original ] -> Onehot,GM,N/A,original,original,False,centroid,Onehot -> [ GM => ORI ] -> Onehot
Train - Original,0.5407701490831442,-1,0,0,33.764164686203,-1,AmazonEmployeeAccess,XGBClassifier,20,onehot,onehot,Onehot -> [ GM => Original ] -> Onehot,GM,N/A,original,original,False,centroid,Onehot -> [ GM => ORI ] -> Onehot
Val,0.5228770593763401,-1,0,0,33.764164686203,-1,AmazonEmployeeAccess,XGBClassifier,20,onehot,onehot,Onehot -> [ GM => Original ] -> Onehot,GM,N/A,original,original,False,centroid,Onehot -> [ GM => ORI ] -> Onehot
Test,0.5382873616777855,-1,0,0,33.764164686203,-1,AmazonEmployeeAccess,XGBClassifier,20,onehot,onehot,Onehot -> [ GM => Original ] -> Onehot,GM,N/A,original,original,False,centroid,Onehot -> [ GM => ORI ] -> Onehot
Train,1.0,-1,0,0,33.10696721076965,-1,AmazonEmployeeAccess,XGBClassifier,20,onehot,onehot,Onehot -> [ MLP-MultiHead-Encoded => GM => Decoded ] -> Onehot,GM,MLP-MultiHead,encoded,decoded,False,centroid,Onehot -> [ [FFN-SFT]-ENC => GM => DEC ] -> Onehot
Train - Original,0.540348518089015,-1,0,0,33.10696721076965,-1,AmazonEmployeeAccess,XGBClassifier,20,onehot,onehot,Onehot -> [ MLP-MultiHead-Encoded => GM => Decoded ] -> Onehot,GM,MLP-MultiHead,encoded,decoded,False,centroid,Onehot -> [ [FFN-SFT]-ENC => GM => DEC ] -> Onehot
Val,0.525902825721333,-1,0,0,33.10696721076965,-1,AmazonEmployeeAccess,XGBClassifier,20,onehot,onehot,Onehot -> [ MLP-MultiHead-Encoded => GM => Decoded ] -> Onehot,GM,MLP-MultiHead,encoded,decoded,False,centroid,Onehot -> [ [FFN-SFT]-ENC => GM => DEC ] -> Onehot
Test,0.5341921528069797,-1,0,0,33.10696721076965,-1,AmazonEmployeeAccess,XGBClassifier,20,onehot,onehot,Onehot -> [ MLP-MultiHead-Encoded => GM => Decoded ] -> Onehot,GM,MLP-MultiHead,encoded,decoded,False,centroid,Onehot -> [ [FFN-SFT]-ENC => GM => DEC ] -> Onehot
Train,0.925,-1,0,0,33.350062131881714,-1,AmazonEmployeeAccess,XGBClassifier,20,onehot,onehot,Onehot -> [ MLP-MultiHead-Encoded => GM => Decoded-Binary ] -> Onehot,GM,MLP-MultiHead,encoded,decoded,True,centroid,Onehot -> [ [FFN-SFT]-ENC => GM => DEC-BIN ] -> Onehot
Train - Original,0.5493537198307343,-1,0,0,33.350062131881714,-1,AmazonEmployeeAccess,XGBClassifier,20,onehot,onehot,Onehot -> [ MLP-MultiHead-Encoded => GM => Decoded-Binary ] -> Onehot,GM,MLP-MultiHead,encoded,decoded,True,centroid,Onehot -> [ [FFN-SFT]-ENC => GM => DEC-BIN ] -> Onehot
Val,0.5472808780995191,-1,0,0,33.350062131881714,-1,AmazonEmployeeAccess,XGBClassifier,20,onehot,onehot,Onehot -> [ MLP-MultiHead-Encoded => GM => Decoded-Binary ] -> Onehot,GM,MLP-MultiHead,encoded,decoded,True,centroid,Onehot -> [ [FFN-SFT]-ENC => GM => DEC-BIN ] -> Onehot
Test,0.5408221482230734,-1,0,0,33.350062131881714,-1,AmazonEmployeeAccess,XGBClassifier,20,onehot,onehot,Onehot -> [ MLP-MultiHead-Encoded => GM => Decoded-Binary ] -> Onehot,GM,MLP-MultiHead,encoded,decoded,True,centroid,Onehot -> [ [FFN-SFT]-ENC => GM => DEC-BIN ] -> Onehot
Train,1.0,-1,0,0,34.87740445137024,-1,AmazonEmployeeAccess,XGBClassifier,20,onehot,onehot,Onehot -> [ MLP-MultiHead-Encoded => GM => Encoded ] -> Onehot,GM,MLP-MultiHead,encoded,encoded,False,centroid,Onehot -> [ [FFN-SFT]-ENC => GM => ENC ] -> Onehot
Train - Original,0.5025727505115325,-1,0,0,34.87740445137024,-1,AmazonEmployeeAccess,XGBClassifier,20,onehot,onehot,Onehot -> [ MLP-MultiHead-Encoded => GM => Encoded ] -> Onehot,GM,MLP-MultiHead,encoded,encoded,False,centroid,Onehot -> [ [FFN-SFT]-ENC => GM => ENC ] -> Onehot
Val,0.5026714486878081,-1,0,0,34.87740445137024,-1,AmazonEmployeeAccess,XGBClassifier,20,onehot,onehot,Onehot -> [ MLP-MultiHead-Encoded => GM => Encoded ] -> Onehot,GM,MLP-MultiHead,encoded,encoded,False,centroid,Onehot -> [ [FFN-SFT]-ENC => GM => ENC ] -> Onehot
Test,0.5060875033621627,-1,0,0,34.87740445137024,-1,AmazonEmployeeAccess,XGBClassifier,20,onehot,onehot,Onehot -> [ MLP-MultiHead-Encoded => GM => Encoded ] -> Onehot,GM,MLP-MultiHead,encoded,encoded,False,centroid,Onehot -> [ [FFN-SFT]-ENC => GM => ENC ] -> Onehot
Train,1.0,-1,0,0,33.94160509109497,-1,AmazonEmployeeAccess,XGBClassifier,20,onehot,onehot,Onehot -> [ MLP-MultiHead-Encoded => GM => Decoded ] -> Onehot,GM,MLP-MultiHead,encoded,decoded,False,centroid,Onehot -> [ [FFN-SFT]-ENC => GM => DEC ] -> Onehot
Train - Original,0.5,-1,0,0,33.94160509109497,-1,AmazonEmployeeAccess,XGBClassifier,20,onehot,onehot,Onehot -> [ MLP-MultiHead-Encoded => GM => Decoded ] -> Onehot,GM,MLP-MultiHead,encoded,decoded,False,centroid,Onehot -> [ [FFN-SFT]-ENC => GM => DEC ] -> Onehot
Val,0.5,-1,0,0,33.94160509109497,-1,AmazonEmployeeAccess,XGBClassifier,20,onehot,onehot,Onehot -> [ MLP-MultiHead-Encoded => GM => Decoded ] -> Onehot,GM,MLP-MultiHead,encoded,decoded,False,centroid,Onehot -> [ [FFN-SFT]-ENC => GM => DEC ] -> Onehot
Test,0.5,-1,0,0,33.94160509109497,-1,AmazonEmployeeAccess,XGBClassifier,20,onehot,onehot,Onehot -> [ MLP-MultiHead-Encoded => GM => Decoded ] -> Onehot,GM,MLP-MultiHead,encoded,decoded,False,centroid,Onehot -> [ [FFN-SFT]-ENC => GM => DEC ] -> Onehot
Train,1.0,-1,0,0,34.20072937011719,-1,AmazonEmployeeAccess,XGBClassifier,20,onehot,onehot,Onehot -> [ MLP-MultiHead-Encoded => GM => Decoded-Binary ] -> Onehot,GM,MLP-MultiHead,encoded,decoded,True,centroid,Onehot -> [ [FFN-SFT]-ENC => GM => DEC-BIN ] -> Onehot
Train - Original,0.5132455899488746,-1,0,0,34.20072937011719,-1,AmazonEmployeeAccess,XGBClassifier,20,onehot,onehot,Onehot -> [ MLP-MultiHead-Encoded => GM => Decoded-Binary ] -> Onehot,GM,MLP-MultiHead,encoded,decoded,True,centroid,Onehot -> [ [FFN-SFT]-ENC => GM => DEC-BIN ] -> Onehot
Val,0.5018533246553386,-1,0,0,34.20072937011719,-1,AmazonEmployeeAccess,XGBClassifier,20,onehot,onehot,Onehot -> [ MLP-MultiHead-Encoded => GM => Decoded-Binary ] -> Onehot,GM,MLP-MultiHead,encoded,decoded,True,centroid,Onehot -> [ [FFN-SFT]-ENC => GM => DEC-BIN ] -> Onehot
Test,0.5447404410399785,-1,0,0,34.20072937011719,-1,AmazonEmployeeAccess,XGBClassifier,20,onehot,onehot,Onehot -> [ MLP-MultiHead-Encoded => GM => Decoded-Binary ] -> Onehot,GM,MLP-MultiHead,encoded,decoded,True,centroid,Onehot -> [ [FFN-SFT]-ENC => GM => DEC-BIN ] -> Onehot
Train,1.0,-1,0,0,33.88634276390076,-1,AmazonEmployeeAccess,XGBClassifier,20,onehot,onehot,Onehot -> [ MLP-MultiHead-Encoded => GM => Encoded ] -> Onehot,GM,MLP-MultiHead,encoded,encoded,False,centroid,Onehot -> [ [FFN-SFT]-ENC => GM => ENC ] -> Onehot
Train - Original,0.5258035380764149,-1,0,0,33.88634276390076,-1,AmazonEmployeeAccess,XGBClassifier,20,onehot,onehot,Onehot -> [ MLP-MultiHead-Encoded => GM => Encoded ] -> Onehot,GM,MLP-MultiHead,encoded,encoded,False,centroid,Onehot -> [ [FFN-SFT]-ENC => GM => ENC ] -> Onehot
Val,0.527232657443256,-1,0,0,33.88634276390076,-1,AmazonEmployeeAccess,XGBClassifier,20,onehot,onehot,Onehot -> [ MLP-MultiHead-Encoded => GM => Encoded ] -> Onehot,GM,MLP-MultiHead,encoded,encoded,False,centroid,Onehot -> [ [FFN-SFT]-ENC => GM => ENC ] -> Onehot
Test,0.5405035477919589,-1,0,0,33.88634276390076,-1,AmazonEmployeeAccess,XGBClassifier,20,onehot,onehot,Onehot -> [ MLP-MultiHead-Encoded => GM => Encoded ] -> Onehot,GM,MLP-MultiHead,encoded,encoded,False,centroid,Onehot -> [ [FFN-SFT]-ENC => GM => ENC ] -> Onehot
Train,1.0,-1,0,0,33.880847215652466,-1,AmazonEmployeeAccess,XGBClassifier,20,onehot,onehot,Onehot -> [ MLP-MultiHead-Encoded => GM => Decoded ] -> Onehot,GM,MLP-MultiHead,encoded,decoded,False,centroid,Onehot -> [ [FFN-SFT]-ENC => GM => DEC ] -> Onehot
Train - Original,0.5324349573211866,-1,0,0,33.880847215652466,-1,AmazonEmployeeAccess,XGBClassifier,20,onehot,onehot,Onehot -> [ MLP-MultiHead-Encoded => GM => Decoded ] -> Onehot,GM,MLP-MultiHead,encoded,decoded,False,centroid,Onehot -> [ [FFN-SFT]-ENC => GM => DEC ] -> Onehot
Val,0.546541449083184,-1,0,0,33.880847215652466,-1,AmazonEmployeeAccess,XGBClassifier,20,onehot,onehot,Onehot -> [ MLP-MultiHead-Encoded => GM => Decoded ] -> Onehot,GM,MLP-MultiHead,encoded,decoded,False,centroid,Onehot -> [ [FFN-SFT]-ENC => GM => DEC ] -> Onehot
Test,0.5434190637466046,-1,0,0,33.880847215652466,-1,AmazonEmployeeAccess,XGBClassifier,20,onehot,onehot,Onehot -> [ MLP-MultiHead-Encoded => GM => Decoded ] -> Onehot,GM,MLP-MultiHead,encoded,decoded,False,centroid,Onehot -> [ [FFN-SFT]-ENC => GM => DEC ] -> Onehot
Train,0.925,-1,0,0,34.21384882926941,-1,AmazonEmployeeAccess,XGBClassifier,20,onehot,onehot,Onehot -> [ MLP-MultiHead-Encoded => GM => Decoded-Binary ] -> Onehot,GM,MLP-MultiHead,encoded,decoded,True,centroid,Onehot -> [ [FFN-SFT]-ENC => GM => DEC-BIN ] -> Onehot
Train - Original,0.5364792696933036,-1,0,0,34.21384882926941,-1,AmazonEmployeeAccess,XGBClassifier,20,onehot,onehot,Onehot -> [ MLP-MultiHead-Encoded => GM => Decoded-Binary ] -> Onehot,GM,MLP-MultiHead,encoded,decoded,True,centroid,Onehot -> [ [FFN-SFT]-ENC => GM => DEC-BIN ] -> Onehot
Val,0.5457643833200021,-1,0,0,34.21384882926941,-1,AmazonEmployeeAccess,XGBClassifier,20,onehot,onehot,Onehot -> [ MLP-MultiHead-Encoded => GM => Decoded-Binary ] -> Onehot,GM,MLP-MultiHead,encoded,decoded,True,centroid,Onehot -> [ [FFN-SFT]-ENC => GM => DEC-BIN ] -> Onehot
Test,0.5426333594729644,-1,0,0,34.21384882926941,-1,AmazonEmployeeAccess,XGBClassifier,20,onehot,onehot,Onehot -> [ MLP-MultiHead-Encoded => GM => Decoded-Binary ] -> Onehot,GM,MLP-MultiHead,encoded,decoded,True,centroid,Onehot -> [ [FFN-SFT]-ENC => GM => DEC-BIN ] -> Onehot
Train,1.0,-1,0,0,34.504425048828125,-1,AmazonEmployeeAccess,XGBClassifier,20,onehot,onehot,Onehot -> [ MLP-MultiHead-Encoded => GM => Encoded ] -> Onehot,GM,MLP-MultiHead,encoded,encoded,False,centroid,Onehot -> [ [FFN-SFT]-ENC => GM => ENC ] -> Onehot
Train - Original,0.5277309492481727,-1,0,0,34.504425048828125,-1,AmazonEmployeeAccess,XGBClassifier,20,onehot,onehot,Onehot -> [ MLP-MultiHead-Encoded => GM => Encoded ] -> Onehot,GM,MLP-MultiHead,encoded,encoded,False,centroid,Onehot -> [ [FFN-SFT]-ENC => GM => ENC ] -> Onehot
Val,0.5238712017299217,-1,0,0,34.504425048828125,-1,AmazonEmployeeAccess,XGBClassifier,20,onehot,onehot,Onehot -> [ MLP-MultiHead-Encoded => GM => Encoded ] -> Onehot,GM,MLP-MultiHead,encoded,encoded,False,centroid,Onehot -> [ [FFN-SFT]-ENC => GM => ENC ] -> Onehot
Test,0.5265180874882087,-1,0,0,34.504425048828125,-1,AmazonEmployeeAccess,XGBClassifier,20,onehot,onehot,Onehot -> [ MLP-MultiHead-Encoded => GM => Encoded ] -> Onehot,GM,MLP-MultiHead,encoded,encoded,False,centroid,Onehot -> [ [FFN-SFT]-ENC => GM => ENC ] -> Onehot
Train,1.0,-1,0,0,33.847891092300415,-1,AmazonEmployeeAccess,XGBClassifier,20,onehot,onehot,Onehot -> [ MLP-MultiHead-Encoded => GM => Decoded ] -> Onehot,GM,MLP-MultiHead,encoded,decoded,False,centroid,Onehot -> [ [FFN-SFT]-ENC => GM => DEC ] -> Onehot
Train - Original,0.5,-1,0,0,33.847891092300415,-1,AmazonEmployeeAccess,XGBClassifier,20,onehot,onehot,Onehot -> [ MLP-MultiHead-Encoded => GM => Decoded ] -> Onehot,GM,MLP-MultiHead,encoded,decoded,False,centroid,Onehot -> [ [FFN-SFT]-ENC => GM => DEC ] -> Onehot
Val,0.5,-1,0,0,33.847891092300415,-1,AmazonEmployeeAccess,XGBClassifier,20,onehot,onehot,Onehot -> [ MLP-MultiHead-Encoded => GM => Decoded ] -> Onehot,GM,MLP-MultiHead,encoded,decoded,False,centroid,Onehot -> [ [FFN-SFT]-ENC => GM => DEC ] -> Onehot
Test,0.5,-1,0,0,33.847891092300415,-1,AmazonEmployeeAccess,XGBClassifier,20,onehot,onehot,Onehot -> [ MLP-MultiHead-Encoded => GM => Decoded ] -> Onehot,GM,MLP-MultiHead,encoded,decoded,False,centroid,Onehot -> [ [FFN-SFT]-ENC => GM => DEC ] -> Onehot
Train,0.975,-1,0,0,34.6536431312561,-1,AmazonEmployeeAccess,XGBClassifier,20,onehot,onehot,Onehot -> [ MLP-MultiHead-Encoded => GM => Decoded-Binary ] -> Onehot,GM,MLP-MultiHead,encoded,decoded,True,centroid,Onehot -> [ [FFN-SFT]-ENC => GM => DEC-BIN ] -> Onehot
Train - Original,0.5310587676945635,-1,0,0,34.6536431312561,-1,AmazonEmployeeAccess,XGBClassifier,20,onehot,onehot,Onehot -> [ MLP-MultiHead-Encoded => GM => Decoded-Binary ] -> Onehot,GM,MLP-MultiHead,encoded,decoded,True,centroid,Onehot -> [ [FFN-SFT]-ENC => GM => DEC-BIN ] -> Onehot
Val,0.5271121438195139,-1,0,0,34.6536431312561,-1,AmazonEmployeeAccess,XGBClassifier,20,onehot,onehot,Onehot -> [ MLP-MultiHead-Encoded => GM => Decoded-Binary ] -> Onehot,GM,MLP-MultiHead,encoded,decoded,True,centroid,Onehot -> [ [FFN-SFT]-ENC => GM => DEC-BIN ] -> Onehot
Test,0.5402035102872708,-1,0,0,34.6536431312561,-1,AmazonEmployeeAccess,XGBClassifier,20,onehot,onehot,Onehot -> [ MLP-MultiHead-Encoded => GM => Decoded-Binary ] -> Onehot,GM,MLP-MultiHead,encoded,decoded,True,centroid,Onehot -> [ [FFN-SFT]-ENC => GM => DEC-BIN ] -> Onehot
Train,1.0,-1,0,0,32.990479707717896,-1,AmazonEmployeeAccess,XGBClassifier,20,onehot,onehot,Onehot -> [ MLP-MultiHead-Encoded => GM => Encoded ] -> Onehot,GM,MLP-MultiHead,encoded,encoded,False,centroid,Onehot -> [ [FFN-SFT]-ENC => GM => ENC ] -> Onehot
Train - Original,0.5224304901233812,-1,0,0,32.990479707717896,-1,AmazonEmployeeAccess,XGBClassifier,20,onehot,onehot,Onehot -> [ MLP-MultiHead-Encoded => GM => Encoded ] -> Onehot,GM,MLP-MultiHead,encoded,encoded,False,centroid,Onehot -> [ [FFN-SFT]-ENC => GM => ENC ] -> Onehot
Val,0.5402074507072667,-1,0,0,32.990479707717896,-1,AmazonEmployeeAccess,XGBClassifier,20,onehot,onehot,Onehot -> [ MLP-MultiHead-Encoded => GM => Encoded ] -> Onehot,GM,MLP-MultiHead,encoded,encoded,False,centroid,Onehot -> [ [FFN-SFT]-ENC => GM => ENC ] -> Onehot
Test,0.5221463288971727,-1,0,0,32.990479707717896,-1,AmazonEmployeeAccess,XGBClassifier,20,onehot,onehot,Onehot -> [ MLP-MultiHead-Encoded => GM => Encoded ] -> Onehot,GM,MLP-MultiHead,encoded,encoded,False,centroid,Onehot -> [ [FFN-SFT]-ENC => GM => ENC ] -> Onehot
Train,1.0,-1,0,0,33.90153121948242,-1,AmazonEmployeeAccess,XGBClassifier,20,onehot,onehot,Onehot -> [ MLP-MultiHead-Encoded => GM => Decoded ] -> Onehot,GM,MLP-MultiHead,encoded,decoded,False,centroid,Onehot -> [ [FFN-SFT]-ENC => GM => DEC ] -> Onehot
Train - Original,0.5052288167013264,-1,0,0,33.90153121948242,-1,AmazonEmployeeAccess,XGBClassifier,20,onehot,onehot,Onehot -> [ MLP-MultiHead-Encoded => GM => Decoded ] -> Onehot,GM,MLP-MultiHead,encoded,decoded,False,centroid,Onehot -> [ [FFN-SFT]-ENC => GM => DEC ] -> Onehot
Val,0.49403552604767015,-1,0,0,33.90153121948242,-1,AmazonEmployeeAccess,XGBClassifier,20,onehot,onehot,Onehot -> [ MLP-MultiHead-Encoded => GM => Decoded ] -> Onehot,GM,MLP-MultiHead,encoded,decoded,False,centroid,Onehot -> [ [FFN-SFT]-ENC => GM => DEC ] -> Onehot
Test,0.49530244310841887,-1,0,0,33.90153121948242,-1,AmazonEmployeeAccess,XGBClassifier,20,onehot,onehot,Onehot -> [ MLP-MultiHead-Encoded => GM => Decoded ] -> Onehot,GM,MLP-MultiHead,encoded,decoded,False,centroid,Onehot -> [ [FFN-SFT]-ENC => GM => DEC ] -> Onehot
Train,0.95,-1,0,0,33.377617835998535,-1,AmazonEmployeeAccess,XGBClassifier,20,onehot,onehot,Onehot -> [ MLP-MultiHead-Encoded => GM => Decoded-Binary ] -> Onehot,GM,MLP-MultiHead,encoded,decoded,True,centroid,Onehot -> [ [FFN-SFT]-ENC => GM => DEC-BIN ] -> Onehot
Train - Original,0.5378064316497828,-1,0,0,33.377617835998535,-1,AmazonEmployeeAccess,XGBClassifier,20,onehot,onehot,Onehot -> [ MLP-MultiHead-Encoded => GM => Decoded-Binary ] -> Onehot,GM,MLP-MultiHead,encoded,decoded,True,centroid,Onehot -> [ [FFN-SFT]-ENC => GM => DEC-BIN ] -> Onehot
Val,0.5376755241012041,-1,0,0,33.377617835998535,-1,AmazonEmployeeAccess,XGBClassifier,20,onehot,onehot,Onehot -> [ MLP-MultiHead-Encoded => GM => Decoded-Binary ] -> Onehot,GM,MLP-MultiHead,encoded,decoded,True,centroid,Onehot -> [ [FFN-SFT]-ENC => GM => DEC-BIN ] -> Onehot
Test,0.5303787973496688,-1,0,0,33.377617835998535,-1,AmazonEmployeeAccess,XGBClassifier,20,onehot,onehot,Onehot -> [ MLP-MultiHead-Encoded => GM => Decoded-Binary ] -> Onehot,GM,MLP-MultiHead,encoded,decoded,True,centroid,Onehot -> [ [FFN-SFT]-ENC => GM => DEC-BIN ] -> Onehot
Train,1.0,-1,0,0,34.23199272155762,-1,AmazonEmployeeAccess,XGBClassifier,20,onehot,onehot,Onehot -> [ MLP-MultiHead-Encoded => GM => Encoded ] -> Onehot,GM,MLP-MultiHead,encoded,encoded,False,centroid,Onehot -> [ [FFN-SFT]-ENC => GM => ENC ] -> Onehot
Train - Original,0.512867934022067,-1,0,0,34.23199272155762,-1,AmazonEmployeeAccess,XGBClassifier,20,onehot,onehot,Onehot -> [ MLP-MultiHead-Encoded => GM => Encoded ] -> Onehot,GM,MLP-MultiHead,encoded,encoded,False,centroid,Onehot -> [ [FFN-SFT]-ENC => GM => ENC ] -> Onehot
Val,0.5218323545244692,-1,0,0,34.23199272155762,-1,AmazonEmployeeAccess,XGBClassifier,20,onehot,onehot,Onehot -> [ MLP-MultiHead-Encoded => GM => Encoded ] -> Onehot,GM,MLP-MultiHead,encoded,encoded,False,centroid,Onehot -> [ [FFN-SFT]-ENC => GM => ENC ] -> Onehot
Test,0.5188826633632234,-1,0,0,34.23199272155762,-1,AmazonEmployeeAccess,XGBClassifier,20,onehot,onehot,Onehot -> [ MLP-MultiHead-Encoded => GM => Encoded ] -> Onehot,GM,MLP-MultiHead,encoded,encoded,False,centroid,Onehot -> [ [FFN-SFT]-ENC => GM => ENC ] -> Onehot
Train,0.9833333333333334,-1,0,0,19.254775285720825,-1,AmazonEmployeeAccess,XGBClassifier,30,onehot,onehot,Onehot -> [ GM => Original ] -> Onehot,GM,N/A,original,original,False,centroid,Onehot -> [ GM => ORI ] -> Onehot
Train - Original,0.5603586372328742,-1,0,0,19.254775285720825,-1,AmazonEmployeeAccess,XGBClassifier,30,onehot,onehot,Onehot -> [ GM => Original ] -> Onehot,GM,N/A,original,original,False,centroid,Onehot -> [ GM => ORI ] -> Onehot
Val,0.5414924224683015,-1,0,0,19.254775285720825,-1,AmazonEmployeeAccess,XGBClassifier,30,onehot,onehot,Onehot -> [ GM => Original ] -> Onehot,GM,N/A,original,original,False,centroid,Onehot -> [ GM => ORI ] -> Onehot
Test,0.5494050392662719,-1,0,0,19.254775285720825,-1,AmazonEmployeeAccess,XGBClassifier,30,onehot,onehot,Onehot -> [ GM => Original ] -> Onehot,GM,N/A,original,original,False,centroid,Onehot -> [ GM => ORI ] -> Onehot
Train,0.9833333333333334,-1,0,0,18.97927975654602,-1,AmazonEmployeeAccess,XGBClassifier,30,onehot,onehot,Onehot -> [ GM => Original ] -> Onehot,GM,N/A,original,original,False,centroid,Onehot -> [ GM => ORI ] -> Onehot
Train - Original,0.5125363787403199,-1,0,0,18.97927975654602,-1,AmazonEmployeeAccess,XGBClassifier,30,onehot,onehot,Onehot -> [ GM => Original ] -> Onehot,GM,N/A,original,original,False,centroid,Onehot -> [ GM => ORI ] -> Onehot
Val,0.5228439846594141,-1,0,0,18.97927975654602,-1,AmazonEmployeeAccess,XGBClassifier,30,onehot,onehot,Onehot -> [ GM => Original ] -> Onehot,GM,N/A,original,original,False,centroid,Onehot -> [ GM => ORI ] -> Onehot
Test,0.5215534517572272,-1,0,0,18.97927975654602,-1,AmazonEmployeeAccess,XGBClassifier,30,onehot,onehot,Onehot -> [ GM => Original ] -> Onehot,GM,N/A,original,original,False,centroid,Onehot -> [ GM => ORI ] -> Onehot
Train,0.9833333333333334,-1,0,0,20.341771125793457,-1,AmazonEmployeeAccess,XGBClassifier,30,onehot,onehot,Onehot -> [ GM => Original ] -> Onehot,GM,N/A,original,original,False,centroid,Onehot -> [ GM => ORI ] -> Onehot
Train - Original,0.5401893785228837,-1,0,0,20.341771125793457,-1,AmazonEmployeeAccess,XGBClassifier,30,onehot,onehot,Onehot -> [ GM => Original ] -> Onehot,GM,N/A,original,original,False,centroid,Onehot -> [ GM => ORI ] -> Onehot
Val,0.5389186772546313,-1,0,0,20.341771125793457,-1,AmazonEmployeeAccess,XGBClassifier,30,onehot,onehot,Onehot -> [ GM => Original ] -> Onehot,GM,N/A,original,original,False,centroid,Onehot -> [ GM => ORI ] -> Onehot
Test,0.5389605518871676,-1,0,0,20.341771125793457,-1,AmazonEmployeeAccess,XGBClassifier,30,onehot,onehot,Onehot -> [ GM => Original ] -> Onehot,GM,N/A,original,original,False,centroid,Onehot -> [ GM => ORI ] -> Onehot
Train,0.9833333333333334,-1,0,0,19.21666193008423,-1,AmazonEmployeeAccess,XGBClassifier,30,onehot,onehot,Onehot -> [ GM => Original ] -> Onehot,GM,N/A,original,original,False,centroid,Onehot -> [ GM => ORI ] -> Onehot
Train - Original,0.5340579927298272,-1,0,0,19.21666193008423,-1,AmazonEmployeeAccess,XGBClassifier,30,onehot,onehot,Onehot -> [ GM => Original ] -> Onehot,GM,N/A,original,original,False,centroid,Onehot -> [ GM => ORI ] -> Onehot
Val,0.5330309974726355,-1,0,0,19.21666193008423,-1,AmazonEmployeeAccess,XGBClassifier,30,onehot,onehot,Onehot -> [ GM => Original ] -> Onehot,GM,N/A,original,original,False,centroid,Onehot -> [ GM => ORI ] -> Onehot
Test,0.546301999871196,-1,0,0,19.21666193008423,-1,AmazonEmployeeAccess,XGBClassifier,30,onehot,onehot,Onehot -> [ GM => Original ] -> Onehot,GM,N/A,original,original,False,centroid,Onehot -> [ GM => ORI ] -> Onehot
Train,1.0,-1,0,0,18.80707335472107,-1,AmazonEmployeeAccess,XGBClassifier,30,onehot,onehot,Onehot -> [ GM => Original ] -> Onehot,GM,N/A,original,original,False,centroid,Onehot -> [ GM => ORI ] -> Onehot
Train - Original,0.5440011317830322,-1,0,0,18.80707335472107,-1,AmazonEmployeeAccess,XGBClassifier,30,onehot,onehot,Onehot -> [ GM => Original ] -> Onehot,GM,N/A,original,original,False,centroid,Onehot -> [ GM => ORI ] -> Onehot
Val,0.5171984726323825,-1,0,0,18.80707335472107,-1,AmazonEmployeeAccess,XGBClassifier,30,onehot,onehot,Onehot -> [ GM => Original ] -> Onehot,GM,N/A,original,original,False,centroid,Onehot -> [ GM => ORI ] -> Onehot
Test,0.542445078362068,-1,0,0,18.80707335472107,-1,AmazonEmployeeAccess,XGBClassifier,30,onehot,onehot,Onehot -> [ GM => Original ] -> Onehot,GM,N/A,original,original,False,centroid,Onehot -> [ GM => ORI ] -> Onehot
Train,1.0,-1,0,0,15.261580228805542,-1,AmazonEmployeeAccess,XGBClassifier,30,onehot,onehot,Onehot -> [ MLP-MultiHead-Encoded => GM => Decoded ] -> Onehot,GM,MLP-MultiHead,encoded,decoded,False,centroid,Onehot -> [ [FFN-SFT]-ENC => GM => DEC ] -> Onehot
Train - Original,0.5,-1,0,0,15.261580228805542,-1,AmazonEmployeeAccess,XGBClassifier,30,onehot,onehot,Onehot -> [ MLP-MultiHead-Encoded => GM => Decoded ] -> Onehot,GM,MLP-MultiHead,encoded,decoded,False,centroid,Onehot -> [ [FFN-SFT]-ENC => GM => DEC ] -> Onehot
Val,0.5,-1,0,0,15.261580228805542,-1,AmazonEmployeeAccess,XGBClassifier,30,onehot,onehot,Onehot -> [ MLP-MultiHead-Encoded => GM => Decoded ] -> Onehot,GM,MLP-MultiHead,encoded,decoded,False,centroid,Onehot -> [ [FFN-SFT]-ENC => GM => DEC ] -> Onehot
Test,0.5,-1,0,0,15.261580228805542,-1,AmazonEmployeeAccess,XGBClassifier,30,onehot,onehot,Onehot -> [ MLP-MultiHead-Encoded => GM => Decoded ] -> Onehot,GM,MLP-MultiHead,encoded,decoded,False,centroid,Onehot -> [ [FFN-SFT]-ENC => GM => DEC ] -> Onehot
Train,0.9833333333333334,-1,0,0,13.06798768043518,-1,AmazonEmployeeAccess,XGBClassifier,30,onehot,onehot,Onehot -> [ MLP-MultiHead-Encoded => GM => Decoded-Binary ] -> Onehot,GM,MLP-MultiHead,encoded,decoded,True,centroid,Onehot -> [ [FFN-SFT]-ENC => GM => DEC-BIN ] -> Onehot
Train - Original,0.5603586372328742,-1,0,0,13.06798768043518,-1,AmazonEmployeeAccess,XGBClassifier,30,onehot,onehot,Onehot -> [ MLP-MultiHead-Encoded => GM => Decoded-Binary ] -> Onehot,GM,MLP-MultiHead,encoded,decoded,True,centroid,Onehot -> [ [FFN-SFT]-ENC => GM => DEC-BIN ] -> Onehot
Val,0.5414924224683015,-1,0,0,13.06798768043518,-1,AmazonEmployeeAccess,XGBClassifier,30,onehot,onehot,Onehot -> [ MLP-MultiHead-Encoded => GM => Decoded-Binary ] -> Onehot,GM,MLP-MultiHead,encoded,decoded,True,centroid,Onehot -> [ [FFN-SFT]-ENC => GM => DEC-BIN ] -> Onehot
Test,0.5494050392662719,-1,0,0,13.06798768043518,-1,AmazonEmployeeAccess,XGBClassifier,30,onehot,onehot,Onehot -> [ MLP-MultiHead-Encoded => GM => Decoded-Binary ] -> Onehot,GM,MLP-MultiHead,encoded,decoded,True,centroid,Onehot -> [ [FFN-SFT]-ENC => GM => DEC-BIN ] -> Onehot
Train,1.0,-1,0,0,15.437727212905884,-1,AmazonEmployeeAccess,XGBClassifier,30,onehot,onehot,Onehot -> [ MLP-MultiHead-Encoded => GM => Encoded ] -> Onehot,GM,MLP-MultiHead,encoded,encoded,False,centroid,Onehot -> [ [FFN-SFT]-ENC => GM => ENC ] -> Onehot
Train - Original,0.5204153378902003,-1,0,0,15.437727212905884,-1,AmazonEmployeeAccess,XGBClassifier,30,onehot,onehot,Onehot -> [ MLP-MultiHead-Encoded => GM => Encoded ] -> Onehot,GM,MLP-MultiHead,encoded,encoded,False,centroid,Onehot -> [ [FFN-SFT]-ENC => GM => ENC ] -> Onehot
Val,0.4954425321090873,-1,0,0,15.437727212905884,-1,AmazonEmployeeAccess,XGBClassifier,30,onehot,onehot,Onehot -> [ MLP-MultiHead-Encoded => GM => Encoded ] -> Onehot,GM,MLP-MultiHead,encoded,encoded,False,centroid,Onehot -> [ [FFN-SFT]-ENC => GM => ENC ] -> Onehot
Test,0.4928320585527736,-1,0,0,15.437727212905884,-1,AmazonEmployeeAccess,XGBClassifier,30,onehot,onehot,Onehot -> [ MLP-MultiHead-Encoded => GM => Encoded ] -> Onehot,GM,MLP-MultiHead,encoded,encoded,False,centroid,Onehot -> [ [FFN-SFT]-ENC => GM => ENC ] -> Onehot
Train,1.0,-1,0,0,23.885011672973633,-1,AmazonEmployeeAccess,XGBClassifier,30,onehot,onehot,Onehot -> [ MLP-MultiHead-Encoded => GM => Decoded ] -> Onehot,GM,MLP-MultiHead,encoded,decoded,False,centroid,Onehot -> [ [FFN-SFT]-ENC => GM => DEC ] -> Onehot
Train - Original,0.5105950990449535,-1,0,0,23.885011672973633,-1,AmazonEmployeeAccess,XGBClassifier,30,onehot,onehot,Onehot -> [ MLP-MultiHead-Encoded => GM => Decoded ] -> Onehot,GM,MLP-MultiHead,encoded,decoded,False,centroid,Onehot -> [ [FFN-SFT]-ENC => GM => DEC ] -> Onehot
Val,0.5105793473864131,-1,0,0,23.885011672973633,-1,AmazonEmployeeAccess,XGBClassifier,30,onehot,onehot,Onehot -> [ MLP-MultiHead-Encoded => GM => Decoded ] -> Onehot,GM,MLP-MultiHead,encoded,decoded,False,centroid,Onehot -> [ [FFN-SFT]-ENC => GM => DEC ] -> Onehot
Test,0.5314330958036422,-1,0,0,23.885011672973633,-1,AmazonEmployeeAccess,XGBClassifier,30,onehot,onehot,Onehot -> [ MLP-MultiHead-Encoded => GM => Decoded ] -> Onehot,GM,MLP-MultiHead,encoded,decoded,False,centroid,Onehot -> [ [FFN-SFT]-ENC => GM => DEC ] -> Onehot
Train,0.9833333333333334,-1,0,0,24.29858160018921,-1,AmazonEmployeeAccess,XGBClassifier,30,onehot,onehot,Onehot -> [ MLP-MultiHead-Encoded => GM => Decoded-Binary ] -> Onehot,GM,MLP-MultiHead,encoded,decoded,True,centroid,Onehot -> [ [FFN-SFT]-ENC => GM => DEC-BIN ] -> Onehot
Train - Original,0.5125363787403199,-1,0,0,24.29858160018921,-1,AmazonEmployeeAccess,XGBClassifier,30,onehot,onehot,Onehot -> [ MLP-MultiHead-Encoded => GM => Decoded-Binary ] -> Onehot,GM,MLP-MultiHead,encoded,decoded,True,centroid,Onehot -> [ [FFN-SFT]-ENC => GM => DEC-BIN ] -> Onehot
Val,0.5228439846594141,-1,0,0,24.29858160018921,-1,AmazonEmployeeAccess,XGBClassifier,30,onehot,onehot,Onehot -> [ MLP-MultiHead-Encoded => GM => Decoded-Binary ] -> Onehot,GM,MLP-MultiHead,encoded,decoded,True,centroid,Onehot -> [ [FFN-SFT]-ENC => GM => DEC-BIN ] -> Onehot
Test,0.5215534517572272,-1,0,0,24.29858160018921,-1,AmazonEmployeeAccess,XGBClassifier,30,onehot,onehot,Onehot -> [ MLP-MultiHead-Encoded => GM => Decoded-Binary ] -> Onehot,GM,MLP-MultiHead,encoded,decoded,True,centroid,Onehot -> [ [FFN-SFT]-ENC => GM => DEC-BIN ] -> Onehot
Train,1.0,-1,0,0,21.398714542388916,-1,AmazonEmployeeAccess,XGBClassifier,30,onehot,onehot,Onehot -> [ MLP-MultiHead-Encoded => GM => Encoded ] -> Onehot,GM,MLP-MultiHead,encoded,encoded,False,centroid,Onehot -> [ [FFN-SFT]-ENC => GM => ENC ] -> Onehot
Train - Original,0.5045399552862073,-1,0,0,21.398714542388916,-1,AmazonEmployeeAccess,XGBClassifier,30,onehot,onehot,Onehot -> [ MLP-MultiHead-Encoded => GM => Encoded ] -> Onehot,GM,MLP-MultiHead,encoded,encoded,False,centroid,Onehot -> [ [FFN-SFT]-ENC => GM => ENC ] -> Onehot
Val,0.4973829155020818,-1,0,0,21.398714542388916,-1,AmazonEmployeeAccess,XGBClassifier,30,onehot,onehot,Onehot -> [ MLP-MultiHead-Encoded => GM => Encoded ] -> Onehot,GM,MLP-MultiHead,encoded,encoded,False,centroid,Onehot -> [ [FFN-SFT]-ENC => GM => ENC ] -> Onehot
Test,0.5214731386877904,-1,0,0,21.398714542388916,-1,AmazonEmployeeAccess,XGBClassifier,30,onehot,onehot,Onehot -> [ MLP-MultiHead-Encoded => GM => Encoded ] -> Onehot,GM,MLP-MultiHead,encoded,encoded,False,centroid,Onehot -> [ [FFN-SFT]-ENC => GM => ENC ] -> Onehot
Train,1.0,-1,0,0,18.18868136405945,-1,AmazonEmployeeAccess,XGBClassifier,30,onehot,onehot,Onehot -> [ MLP-MultiHead-Encoded => GM => Decoded ] -> Onehot,GM,MLP-MultiHead,encoded,decoded,False,centroid,Onehot -> [ [FFN-SFT]-ENC => GM => DEC ] -> Onehot
Train - Original,0.5011547113953267,-1,0,0,18.18868136405945,-1,AmazonEmployeeAccess,XGBClassifier,30,onehot,onehot,Onehot -> [ MLP-MultiHead-Encoded => GM => Decoded ] -> Onehot,GM,MLP-MultiHead,encoded,decoded,False,centroid,Onehot -> [ [FFN-SFT]-ENC => GM => DEC ] -> Onehot
Val,0.5013199473237612,-1,0,0,18.18868136405945,-1,AmazonEmployeeAccess,XGBClassifier,30,onehot,onehot,Onehot -> [ MLP-MultiHead-Encoded => GM => Decoded ] -> Onehot,GM,MLP-MultiHead,encoded,decoded,False,centroid,Onehot -> [ [FFN-SFT]-ENC => GM => DEC ] -> Onehot
Test,0.5007553974549849,-1,0,0,18.18868136405945,-1,AmazonEmployeeAccess,XGBClassifier,30,onehot,onehot,Onehot -> [ MLP-MultiHead-Encoded => GM => Decoded ] -> Onehot,GM,MLP-MultiHead,encoded,decoded,False,centroid,Onehot -> [ [FFN-SFT]-ENC => GM => DEC ] -> Onehot
Train,0.9833333333333334,-1,0,0,15.710680723190308,-1,AmazonEmployeeAccess,XGBClassifier,30,onehot,onehot,Onehot -> [ MLP-MultiHead-Encoded => GM => Decoded-Binary ] -> Onehot,GM,MLP-MultiHead,encoded,decoded,True,centroid,Onehot -> [ [FFN-SFT]-ENC => GM => DEC-BIN ] -> Onehot
Train - Original,0.5401893785228837,-1,0,0,15.710680723190308,-1,AmazonEmployeeAccess,XGBClassifier,30,onehot,onehot,Onehot -> [ MLP-MultiHead-Encoded => GM => Decoded-Binary ] -> Onehot,GM,MLP-MultiHead,encoded,decoded,True,centroid,Onehot -> [ [FFN-SFT]-ENC => GM => DEC-BIN ] -> Onehot
Val,0.5389186772546313,-1,0,0,15.710680723190308,-1,AmazonEmployeeAccess,XGBClassifier,30,onehot,onehot,Onehot -> [ MLP-MultiHead-Encoded => GM => Decoded-Binary ] -> Onehot,GM,MLP-MultiHead,encoded,decoded,True,centroid,Onehot -> [ [FFN-SFT]-ENC => GM => DEC-BIN ] -> Onehot
Test,0.5389605518871676,-1,0,0,15.710680723190308,-1,AmazonEmployeeAccess,XGBClassifier,30,onehot,onehot,Onehot -> [ MLP-MultiHead-Encoded => GM => Decoded-Binary ] -> Onehot,GM,MLP-MultiHead,encoded,decoded,True,centroid,Onehot -> [ [FFN-SFT]-ENC => GM => DEC-BIN ] -> Onehot
Train,1.0,-1,0,0,23.189536094665527,-1,AmazonEmployeeAccess,XGBClassifier,30,onehot,onehot,Onehot -> [ MLP-MultiHead-Encoded => GM => Encoded ] -> Onehot,GM,MLP-MultiHead,encoded,encoded,False,centroid,Onehot -> [ [FFN-SFT]-ENC => GM => ENC ] -> Onehot
Train - Original,0.5546146989624393,-1,0,0,23.189536094665527,-1,AmazonEmployeeAccess,XGBClassifier,30,onehot,onehot,Onehot -> [ MLP-MultiHead-Encoded => GM => Encoded ] -> Onehot,GM,MLP-MultiHead,encoded,encoded,False,centroid,Onehot -> [ [FFN-SFT]-ENC => GM => ENC ] -> Onehot
Val,0.5369752525083561,-1,0,0,23.189536094665527,-1,AmazonEmployeeAccess,XGBClassifier,30,onehot,onehot,Onehot -> [ MLP-MultiHead-Encoded => GM => Encoded ] -> Onehot,GM,MLP-MultiHead,encoded,encoded,False,centroid,Onehot -> [ [FFN-SFT]-ENC => GM => ENC ] -> Onehot
Test,0.5132383972238954,-1,0,0,23.189536094665527,-1,AmazonEmployeeAccess,XGBClassifier,30,onehot,onehot,Onehot -> [ MLP-MultiHead-Encoded => GM => Encoded ] -> Onehot,GM,MLP-MultiHead,encoded,encoded,False,centroid,Onehot -> [ [FFN-SFT]-ENC => GM => ENC ] -> Onehot
Train,1.0,-1,0,0,18.447689533233643,-1,AmazonEmployeeAccess,XGBClassifier,30,onehot,onehot,Onehot -> [ MLP-MultiHead-Encoded => GM => Decoded ] -> Onehot,GM,MLP-MultiHead,encoded,decoded,False,centroid,Onehot -> [ [FFN-SFT]-ENC => GM => DEC ] -> Onehot
Train - Original,0.5003428452356394,-1,0,0,18.447689533233643,-1,AmazonEmployeeAccess,XGBClassifier,30,onehot,onehot,Onehot -> [ MLP-MultiHead-Encoded => GM => Decoded ] -> Onehot,GM,MLP-MultiHead,encoded,decoded,False,centroid,Onehot -> [ [FFN-SFT]-ENC => GM => DEC ] -> Onehot
Val,0.4992442237097819,-1,0,0,18.447689533233643,-1,AmazonEmployeeAccess,XGBClassifier,30,onehot,onehot,Onehot -> [ MLP-MultiHead-Encoded => GM => Decoded ] -> Onehot,GM,MLP-MultiHead,encoded,decoded,False,centroid,Onehot -> [ [FFN-SFT]-ENC => GM => DEC ] -> Onehot
Test,0.4989203195854027,-1,0,0,18.447689533233643,-1,AmazonEmployeeAccess,XGBClassifier,30,onehot,onehot,Onehot -> [ MLP-MultiHead-Encoded => GM => Decoded ] -> Onehot,GM,MLP-MultiHead,encoded,decoded,False,centroid,Onehot -> [ [FFN-SFT]-ENC => GM => DEC ] -> Onehot
Train,0.9833333333333334,-1,0,0,15.00531005859375,-1,AmazonEmployeeAccess,XGBClassifier,30,onehot,onehot,Onehot -> [ MLP-MultiHead-Encoded => GM => Decoded-Binary ] -> Onehot,GM,MLP-MultiHead,encoded,decoded,True,centroid,Onehot -> [ [FFN-SFT]-ENC => GM => DEC-BIN ] -> Onehot
Train - Original,0.5354336596733997,-1,0,0,15.00531005859375,-1,AmazonEmployeeAccess,XGBClassifier,30,onehot,onehot,Onehot -> [ MLP-MultiHead-Encoded => GM => Decoded-Binary ] -> Onehot,GM,MLP-MultiHead,encoded,decoded,True,centroid,Onehot -> [ [FFN-SFT]-ENC => GM => DEC-BIN ] -> Onehot
Val,0.5081759179564539,-1,0,0,15.00531005859375,-1,AmazonEmployeeAccess,XGBClassifier,30,onehot,onehot,Onehot -> [ MLP-MultiHead-Encoded => GM => Decoded-Binary ] -> Onehot,GM,MLP-MultiHead,encoded,decoded,True,centroid,Onehot -> [ [FFN-SFT]-ENC => GM => DEC-BIN ] -> Onehot
Test,0.5374493781419647,-1,0,0,15.00531005859375,-1,AmazonEmployeeAccess,XGBClassifier,30,onehot,onehot,Onehot -> [ MLP-MultiHead-Encoded => GM => Decoded-Binary ] -> Onehot,GM,MLP-MultiHead,encoded,decoded,True,centroid,Onehot -> [ [FFN-SFT]-ENC => GM => DEC-BIN ] -> Onehot
Train,1.0,-1,0,0,24.16753888130188,-1,AmazonEmployeeAccess,XGBClassifier,30,onehot,onehot,Onehot -> [ MLP-MultiHead-Encoded => GM => Encoded ] -> Onehot,GM,MLP-MultiHead,encoded,encoded,False,centroid,Onehot -> [ [FFN-SFT]-ENC => GM => ENC ] -> Onehot
Train - Original,0.5453658572280794,-1,0,0,24.16753888130188,-1,AmazonEmployeeAccess,XGBClassifier,30,onehot,onehot,Onehot -> [ MLP-MultiHead-Encoded => GM => Encoded ] -> Onehot,GM,MLP-MultiHead,encoded,encoded,False,centroid,Onehot -> [ [FFN-SFT]-ENC => GM => ENC ] -> Onehot
Val,0.520391893576966,-1,0,0,24.16753888130188,-1,AmazonEmployeeAccess,XGBClassifier,30,onehot,onehot,Onehot -> [ MLP-MultiHead-Encoded => GM => Encoded ] -> Onehot,GM,MLP-MultiHead,encoded,encoded,False,centroid,Onehot -> [ [FFN-SFT]-ENC => GM => ENC ] -> Onehot
Test,0.5242238613159977,-1,0,0,24.16753888130188,-1,AmazonEmployeeAccess,XGBClassifier,30,onehot,onehot,Onehot -> [ MLP-MultiHead-Encoded => GM => Encoded ] -> Onehot,GM,MLP-MultiHead,encoded,encoded,False,centroid,Onehot -> [ [FFN-SFT]-ENC => GM => ENC ] -> Onehot
Train,1.0,-1,0,0,15.089362144470215,-1,AmazonEmployeeAccess,XGBClassifier,30,onehot,onehot,Onehot -> [ MLP-MultiHead-Encoded => GM => Decoded ] -> Onehot,GM,MLP-MultiHead,encoded,decoded,False,centroid,Onehot -> [ [FFN-SFT]-ENC => GM => DEC ] -> Onehot
Train - Original,0.49872744099953725,-1,0,0,15.089362144470215,-1,AmazonEmployeeAccess,XGBClassifier,30,onehot,onehot,Onehot -> [ MLP-MultiHead-Encoded => GM => Decoded ] -> Onehot,GM,MLP-MultiHead,encoded,decoded,False,centroid,Onehot -> [ [FFN-SFT]-ENC => GM => DEC ] -> Onehot
Val,0.4989203195854027,-1,0,0,15.089362144470215,-1,AmazonEmployeeAccess,XGBClassifier,30,onehot,onehot,Onehot -> [ MLP-MultiHead-Encoded => GM => Decoded ] -> Onehot,GM,MLP-MultiHead,encoded,decoded,False,centroid,Onehot -> [ [FFN-SFT]-ENC => GM => DEC ] -> Onehot
Test,0.4985964154610235,-1,0,0,15.089362144470215,-1,AmazonEmployeeAccess,XGBClassifier,30,onehot,onehot,Onehot -> [ MLP-MultiHead-Encoded => GM => Decoded ] -> Onehot,GM,MLP-MultiHead,encoded,decoded,False,centroid,Onehot -> [ [FFN-SFT]-ENC => GM => DEC ] -> Onehot
Train,1.0,-1,0,0,23.103230714797974,-1,AmazonEmployeeAccess,XGBClassifier,30,onehot,onehot,Onehot -> [ MLP-MultiHead-Encoded => GM => Decoded-Binary ] -> Onehot,GM,MLP-MultiHead,encoded,decoded,True,centroid,Onehot -> [ [FFN-SFT]-ENC => GM => DEC-BIN ] -> Onehot
Train - Original,0.5429452423298005,-1,0,0,23.103230714797974,-1,AmazonEmployeeAccess,XGBClassifier,30,onehot,onehot,Onehot -> [ MLP-MultiHead-Encoded => GM => Decoded-Binary ] -> Onehot,GM,MLP-MultiHead,encoded,decoded,True,centroid,Onehot -> [ [FFN-SFT]-ENC => GM => DEC-BIN ] -> Onehot
Val,0.5293482988190426,-1,0,0,23.103230714797974,-1,AmazonEmployeeAccess,XGBClassifier,30,onehot,onehot,Onehot -> [ MLP-MultiHead-Encoded => GM => Decoded-Binary ] -> Onehot,GM,MLP-MultiHead,encoded,decoded,True,centroid,Onehot -> [ [FFN-SFT]-ENC => GM => DEC-BIN ] -> Onehot
Test,0.5412305326044543,-1,0,0,23.103230714797974,-1,AmazonEmployeeAccess,XGBClassifier,30,onehot,onehot,Onehot -> [ MLP-MultiHead-Encoded => GM => Decoded-Binary ] -> Onehot,GM,MLP-MultiHead,encoded,decoded,True,centroid,Onehot -> [ [FFN-SFT]-ENC => GM => DEC-BIN ] -> Onehot
Train,1.0,-1,0,0,15.924675703048706,-1,AmazonEmployeeAccess,XGBClassifier,30,onehot,onehot,Onehot -> [ MLP-MultiHead-Encoded => GM => Encoded ] -> Onehot,GM,MLP-MultiHead,encoded,encoded,False,centroid,Onehot -> [ [FFN-SFT]-ENC => GM => ENC ] -> Onehot
Train - Original,0.5110905677313604,-1,0,0,15.924675703048706,-1,AmazonEmployeeAccess,XGBClassifier,30,onehot,onehot,Onehot -> [ MLP-MultiHead-Encoded => GM => Encoded ] -> Onehot,GM,MLP-MultiHead,encoded,encoded,False,centroid,Onehot -> [ [FFN-SFT]-ENC => GM => ENC ] -> Onehot
Val,0.5319463748589572,-1,0,0,15.924675703048706,-1,AmazonEmployeeAccess,XGBClassifier,30,onehot,onehot,Onehot -> [ MLP-MultiHead-Encoded => GM => Encoded ] -> Onehot,GM,MLP-MultiHead,encoded,encoded,False,centroid,Onehot -> [ [FFN-SFT]-ENC => GM => ENC ] -> Onehot
Test,0.5335916989623704,-1,0,0,15.924675703048706,-1,AmazonEmployeeAccess,XGBClassifier,30,onehot,onehot,Onehot -> [ MLP-MultiHead-Encoded => GM => Encoded ] -> Onehot,GM,MLP-MultiHead,encoded,encoded,False,centroid,Onehot -> [ [FFN-SFT]-ENC => GM => ENC ] -> Onehot
Train,0.9875,-1,0,0,16.356356620788574,-1,AmazonEmployeeAccess,XGBClassifier,40,onehot,onehot,Onehot -> [ GM => Original ] -> Onehot,GM,N/A,original,original,False,centroid,Onehot -> [ GM => ORI ] -> Onehot
Train - Original,0.5633309963593383,-1,0,0,16.356356620788574,-1,AmazonEmployeeAccess,XGBClassifier,40,onehot,onehot,Onehot -> [ GM => Original ] -> Onehot,GM,N/A,original,original,False,centroid,Onehot -> [ GM => ORI ] -> Onehot
Val,0.5347516430911098,-1,0,0,16.356356620788574,-1,AmazonEmployeeAccess,XGBClassifier,40,onehot,onehot,Onehot -> [ GM => Original ] -> Onehot,GM,N/A,original,original,False,centroid,Onehot -> [ GM => ORI ] -> Onehot
Test,0.5480033489034615,-1,0,0,16.356356620788574,-1,AmazonEmployeeAccess,XGBClassifier,40,onehot,onehot,Onehot -> [ GM => Original ] -> Onehot,GM,N/A,original,original,False,centroid,Onehot -> [ GM => ORI ] -> Onehot
Train,1.0,-1,0,0,21.738414764404297,-1,AmazonEmployeeAccess,XGBClassifier,40,onehot,onehot,Onehot -> [ GM => Original ] -> Onehot,GM,N/A,original,original,False,centroid,Onehot -> [ GM => ORI ] -> Onehot
Train - Original,0.5382525939017523,-1,0,0,21.738414764404297,-1,AmazonEmployeeAccess,XGBClassifier,40,onehot,onehot,Onehot -> [ GM => Original ] -> Onehot,GM,N/A,original,original,False,centroid,Onehot -> [ GM => ORI ] -> Onehot
Val,0.5545447702409665,-1,0,0,21.738414764404297,-1,AmazonEmployeeAccess,XGBClassifier,40,onehot,onehot,Onehot -> [ GM => Original ] -> Onehot,GM,N/A,original,original,False,centroid,Onehot -> [ GM => ORI ] -> Onehot
Test,0.5541594214428318,-1,0,0,21.738414764404297,-1,AmazonEmployeeAccess,XGBClassifier,40,onehot,onehot,Onehot -> [ GM => Original ] -> Onehot,GM,N/A,original,original,False,centroid,Onehot -> [ GM => ORI ] -> Onehot
Train,0.9624999999999999,-1,0,0,20.244715213775635,-1,AmazonEmployeeAccess,XGBClassifier,40,onehot,onehot,Onehot -> [ GM => Original ] -> Onehot,GM,N/A,original,original,False,centroid,Onehot -> [ GM => ORI ] -> Onehot
Train - Original,0.5323733155667557,-1,0,0,20.244715213775635,-1,AmazonEmployeeAccess,XGBClassifier,40,onehot,onehot,Onehot -> [ GM => Original ] -> Onehot,GM,N/A,original,original,False,centroid,Onehot -> [ GM => ORI ] -> Onehot
Val,0.5384293995456217,-1,0,0,20.244715213775635,-1,AmazonEmployeeAccess,XGBClassifier,40,onehot,onehot,Onehot -> [ GM => Original ] -> Onehot,GM,N/A,original,original,False,centroid,Onehot -> [ GM => ORI ] -> Onehot
Test,0.5243053108911342,-1,0,0,20.244715213775635,-1,AmazonEmployeeAccess,XGBClassifier,40,onehot,onehot,Onehot -> [ GM => Original ] -> Onehot,GM,N/A,original,original,False,centroid,Onehot -> [ GM => ORI ] -> Onehot
Train,0.9875,-1,0,0,19.992849111557007,-1,AmazonEmployeeAccess,XGBClassifier,40,onehot,onehot,Onehot -> [ GM => Original ] -> Onehot,GM,N/A,original,original,False,centroid,Onehot -> [ GM => ORI ] -> Onehot
Train - Original,0.524851453477027,-1,0,0,19.992849111557007,-1,AmazonEmployeeAccess,XGBClassifier,40,onehot,onehot,Onehot -> [ GM => Original ] -> Onehot,GM,N/A,original,original,False,centroid,Onehot -> [ GM => ORI ] -> Onehot
Val,0.5234811481716906,-1,0,0,19.992849111557007,-1,AmazonEmployeeAccess,XGBClassifier,40,onehot,onehot,Onehot -> [ GM => Original ] -> Onehot,GM,N/A,original,original,False,centroid,Onehot -> [ GM => ORI ] -> Onehot
Test,0.5365314603719404,-1,0,0,19.992849111557007,-1,AmazonEmployeeAccess,XGBClassifier,40,onehot,onehot,Onehot -> [ GM => Original ] -> Onehot,GM,N/A,original,original,False,centroid,Onehot -> [ GM => ORI ] -> Onehot
Train,0.9875,-1,0,0,15.241881132125854,-1,AmazonEmployeeAccess,XGBClassifier,40,onehot,onehot,Onehot -> [ GM => Original ] -> Onehot,GM,N/A,original,original,False,centroid,Onehot -> [ GM => ORI ] -> Onehot
Train - Original,0.5764078642194879,-1,0,0,15.241881132125854,-1,AmazonEmployeeAccess,XGBClassifier,40,onehot,onehot,Onehot -> [ GM => Original ] -> Onehot,GM,N/A,original,original,False,centroid,Onehot -> [ GM => ORI ] -> Onehot
Val,0.5551157843193908,-1,0,0,15.241881132125854,-1,AmazonEmployeeAccess,XGBClassifier,40,onehot,onehot,Onehot -> [ GM => Original ] -> Onehot,GM,N/A,original,original,False,centroid,Onehot -> [ GM => ORI ] -> Onehot
Test,0.5685710713839229,-1,0,0,15.241881132125854,-1,AmazonEmployeeAccess,XGBClassifier,40,onehot,onehot,Onehot -> [ GM => Original ] -> Onehot,GM,N/A,original,original,False,centroid,Onehot -> [ GM => ORI ] -> Onehot
Train,1.0,-1,0,0,16.135828018188477,-1,AmazonEmployeeAccess,XGBClassifier,40,onehot,onehot,Onehot -> [ MLP-MultiHead-Encoded => GM => Decoded ] -> Onehot,GM,MLP-MultiHead,encoded,decoded,False,centroid,Onehot -> [ [FFN-SFT]-ENC => GM => DEC ] -> Onehot
Train - Original,0.5114485010843931,-1,0,0,16.135828018188477,-1,AmazonEmployeeAccess,XGBClassifier,40,onehot,onehot,Onehot -> [ MLP-MultiHead-Encoded => GM => Decoded ] -> Onehot,GM,MLP-MultiHead,encoded,decoded,False,centroid,Onehot -> [ [FFN-SFT]-ENC => GM => DEC ] -> Onehot
Val,0.5070316087846448,-1,0,0,16.135828018188477,-1,AmazonEmployeeAccess,XGBClassifier,40,onehot,onehot,Onehot -> [ MLP-MultiHead-Encoded => GM => Decoded ] -> Onehot,GM,MLP-MultiHead,encoded,decoded,False,centroid,Onehot -> [ [FFN-SFT]-ENC => GM => DEC ] -> Onehot
Test,0.515005284751503,-1,0,0,16.135828018188477,-1,AmazonEmployeeAccess,XGBClassifier,40,onehot,onehot,Onehot -> [ MLP-MultiHead-Encoded => GM => Decoded ] -> Onehot,GM,MLP-MultiHead,encoded,decoded,False,centroid,Onehot -> [ [FFN-SFT]-ENC => GM => DEC ] -> Onehot
Train,0.9875,-1,0,0,23.213658332824707,-1,AmazonEmployeeAccess,XGBClassifier,40,onehot,onehot,Onehot -> [ MLP-MultiHead-Encoded => GM => Decoded-Binary ] -> Onehot,GM,MLP-MultiHead,encoded,decoded,True,centroid,Onehot -> [ [FFN-SFT]-ENC => GM => DEC-BIN ] -> Onehot
Train - Original,0.5633309963593383,-1,0,0,23.213658332824707,-1,AmazonEmployeeAccess,XGBClassifier,40,onehot,onehot,Onehot -> [ MLP-MultiHead-Encoded => GM => Decoded-Binary ] -> Onehot,GM,MLP-MultiHead,encoded,decoded,True,centroid,Onehot -> [ [FFN-SFT]-ENC => GM => DEC-BIN ] -> Onehot
Val,0.5347516430911098,-1,0,0,23.213658332824707,-1,AmazonEmployeeAccess,XGBClassifier,40,onehot,onehot,Onehot -> [ MLP-MultiHead-Encoded => GM => Decoded-Binary ] -> Onehot,GM,MLP-MultiHead,encoded,decoded,True,centroid,Onehot -> [ [FFN-SFT]-ENC => GM => DEC-BIN ] -> Onehot
Test,0.5480033489034615,-1,0,0,23.213658332824707,-1,AmazonEmployeeAccess,XGBClassifier,40,onehot,onehot,Onehot -> [ MLP-MultiHead-Encoded => GM => Decoded-Binary ] -> Onehot,GM,MLP-MultiHead,encoded,decoded,True,centroid,Onehot -> [ [FFN-SFT]-ENC => GM => DEC-BIN ] -> Onehot
Train,1.0,-1,0,0,22.081013679504395,-1,AmazonEmployeeAccess,XGBClassifier,40,onehot,onehot,Onehot -> [ MLP-MultiHead-Encoded => GM => Encoded ] -> Onehot,GM,MLP-MultiHead,encoded,encoded,False,centroid,Onehot -> [ [FFN-SFT]-ENC => GM => ENC ] -> Onehot
Train - Original,0.5180013087983586,-1,0,0,22.081013679504395,-1,AmazonEmployeeAccess,XGBClassifier,40,onehot,onehot,Onehot -> [ MLP-MultiHead-Encoded => GM => Encoded ] -> Onehot,GM,MLP-MultiHead,encoded,encoded,False,centroid,Onehot -> [ [FFN-SFT]-ENC => GM => ENC ] -> Onehot
Val,0.5127660803951326,-1,0,0,22.081013679504395,-1,AmazonEmployeeAccess,XGBClassifier,40,onehot,onehot,Onehot -> [ MLP-MultiHead-Encoded => GM => Encoded ] -> Onehot,GM,MLP-MultiHead,encoded,encoded,False,centroid,Onehot -> [ [FFN-SFT]-ENC => GM => ENC ] -> Onehot
Test,0.5082438335094918,-1,0,0,22.081013679504395,-1,AmazonEmployeeAccess,XGBClassifier,40,onehot,onehot,Onehot -> [ MLP-MultiHead-Encoded => GM => Encoded ] -> Onehot,GM,MLP-MultiHead,encoded,encoded,False,centroid,Onehot -> [ [FFN-SFT]-ENC => GM => ENC ] -> Onehot
Train,1.0,-1,0,0,23.465609788894653,-1,AmazonEmployeeAccess,XGBClassifier,40,onehot,onehot,Onehot -> [ MLP-MultiHead-Encoded => GM => Decoded ] -> Onehot,GM,MLP-MultiHead,encoded,decoded,False,centroid,Onehot -> [ [FFN-SFT]-ENC => GM => DEC ] -> Onehot
Train - Original,0.503330989390231,-1,0,0,23.465609788894653,-1,AmazonEmployeeAccess,XGBClassifier,40,onehot,onehot,Onehot -> [ MLP-MultiHead-Encoded => GM => Decoded ] -> Onehot,GM,MLP-MultiHead,encoded,decoded,False,centroid,Onehot -> [ [FFN-SFT]-ENC => GM => DEC ] -> Onehot
Val,0.49633022709784946,-1,0,0,23.465609788894653,-1,AmazonEmployeeAccess,XGBClassifier,40,onehot,onehot,Onehot -> [ MLP-MultiHead-Encoded => GM => Decoded ] -> Onehot,GM,MLP-MultiHead,encoded,decoded,False,centroid,Onehot -> [ [FFN-SFT]-ENC => GM => DEC ] -> Onehot
Test,0.5067159910140282,-1,0,0,23.465609788894653,-1,AmazonEmployeeAccess,XGBClassifier,40,onehot,onehot,Onehot -> [ MLP-MultiHead-Encoded => GM => Decoded ] -> Onehot,GM,MLP-MultiHead,encoded,decoded,False,centroid,Onehot -> [ [FFN-SFT]-ENC => GM => DEC ] -> Onehot
Train,1.0,-1,0,0,22.388561487197876,-1,AmazonEmployeeAccess,XGBClassifier,40,onehot,onehot,Onehot -> [ MLP-MultiHead-Encoded => GM => Decoded-Binary ] -> Onehot,GM,MLP-MultiHead,encoded,decoded,True,centroid,Onehot -> [ [FFN-SFT]-ENC => GM => DEC-BIN ] -> Onehot
Train - Original,0.532039112024219,-1,0,0,22.388561487197876,-1,AmazonEmployeeAccess,XGBClassifier,40,onehot,onehot,Onehot -> [ MLP-MultiHead-Encoded => GM => Decoded-Binary ] -> Onehot,GM,MLP-MultiHead,encoded,decoded,True,centroid,Onehot -> [ [FFN-SFT]-ENC => GM => DEC-BIN ] -> Onehot
Val,0.5524097402380164,-1,0,0,22.388561487197876,-1,AmazonEmployeeAccess,XGBClassifier,40,onehot,onehot,Onehot -> [ MLP-MultiHead-Encoded => GM => Decoded-Binary ] -> Onehot,GM,MLP-MultiHead,encoded,decoded,True,centroid,Onehot -> [ [FFN-SFT]-ENC => GM => DEC-BIN ] -> Onehot
Test,0.5516488803524684,-1,0,0,22.388561487197876,-1,AmazonEmployeeAccess,XGBClassifier,40,onehot,onehot,Onehot -> [ MLP-MultiHead-Encoded => GM => Decoded-Binary ] -> Onehot,GM,MLP-MultiHead,encoded,decoded,True,centroid,Onehot -> [ [FFN-SFT]-ENC => GM => DEC-BIN ] -> Onehot
Train,1.0,-1,0,0,19.868441581726074,-1,AmazonEmployeeAccess,XGBClassifier,40,onehot,onehot,Onehot -> [ MLP-MultiHead-Encoded => GM => Encoded ] -> Onehot,GM,MLP-MultiHead,encoded,encoded,False,centroid,Onehot -> [ [FFN-SFT]-ENC => GM => ENC ] -> Onehot
Train - Original,0.5328411517425555,-1,0,0,19.868441581726074,-1,AmazonEmployeeAccess,XGBClassifier,40,onehot,onehot,Onehot -> [ MLP-MultiHead-Encoded => GM => Encoded ] -> Onehot,GM,MLP-MultiHead,encoded,encoded,False,centroid,Onehot -> [ [FFN-SFT]-ENC => GM => ENC ] -> Onehot
Val,0.5011374661269279,-1,0,0,19.868441581726074,-1,AmazonEmployeeAccess,XGBClassifier,40,onehot,onehot,Onehot -> [ MLP-MultiHead-Encoded => GM => Encoded ] -> Onehot,GM,MLP-MultiHead,encoded,encoded,False,centroid,Onehot -> [ [FFN-SFT]-ENC => GM => ENC ] -> Onehot
Test,0.501797194346263,-1,0,0,19.868441581726074,-1,AmazonEmployeeAccess,XGBClassifier,40,onehot,onehot,Onehot -> [ MLP-MultiHead-Encoded => GM => Encoded ] -> Onehot,GM,MLP-MultiHead,encoded,encoded,False,centroid,Onehot -> [ [FFN-SFT]-ENC => GM => ENC ] -> Onehot
Train,1.0,-1,0,0,25.845101833343506,-1,AmazonEmployeeAccess,XGBClassifier,40,onehot,onehot,Onehot -> [ MLP-MultiHead-Encoded => GM => Decoded ] -> Onehot,GM,MLP-MultiHead,encoded,decoded,False,centroid,Onehot -> [ [FFN-SFT]-ENC => GM => DEC ] -> Onehot
Train - Original,0.49997686256362794,-1,0,0,25.845101833343506,-1,AmazonEmployeeAccess,XGBClassifier,40,onehot,onehot,Onehot -> [ MLP-MultiHead-Encoded => GM => Decoded ] -> Onehot,GM,MLP-MultiHead,encoded,decoded,False,centroid,Onehot -> [ [FFN-SFT]-ENC => GM => DEC ] -> Onehot
Val,0.5,-1,0,0,25.845101833343506,-1,AmazonEmployeeAccess,XGBClassifier,40,onehot,onehot,Onehot -> [ MLP-MultiHead-Encoded => GM => Decoded ] -> Onehot,GM,MLP-MultiHead,encoded,decoded,False,centroid,Onehot -> [ [FFN-SFT]-ENC => GM => DEC ] -> Onehot
Test,0.49989203195854026,-1,0,0,25.845101833343506,-1,AmazonEmployeeAccess,XGBClassifier,40,onehot,onehot,Onehot -> [ MLP-MultiHead-Encoded => GM => Decoded ] -> Onehot,GM,MLP-MultiHead,encoded,decoded,False,centroid,Onehot -> [ [FFN-SFT]-ENC => GM => DEC ] -> Onehot
Train,0.9624999999999999,-1,0,0,17.723140716552734,-1,AmazonEmployeeAccess,XGBClassifier,40,onehot,onehot,Onehot -> [ MLP-MultiHead-Encoded => GM => Decoded-Binary ] -> Onehot,GM,MLP-MultiHead,encoded,decoded,True,centroid,Onehot -> [ [FFN-SFT]-ENC => GM => DEC-BIN ] -> Onehot
Train - Original,0.5323733155667557,-1,0,0,17.723140716552734,-1,AmazonEmployeeAccess,XGBClassifier,40,onehot,onehot,Onehot -> [ MLP-MultiHead-Encoded => GM => Decoded-Binary ] -> Onehot,GM,MLP-MultiHead,encoded,decoded,True,centroid,Onehot -> [ [FFN-SFT]-ENC => GM => DEC-BIN ] -> Onehot
Val,0.5384293995456217,-1,0,0,17.723140716552734,-1,AmazonEmployeeAccess,XGBClassifier,40,onehot,onehot,Onehot -> [ MLP-MultiHead-Encoded => GM => Decoded-Binary ] -> Onehot,GM,MLP-MultiHead,encoded,decoded,True,centroid,Onehot -> [ [FFN-SFT]-ENC => GM => DEC-BIN ] -> Onehot
Test,0.5243053108911342,-1,0,0,17.723140716552734,-1,AmazonEmployeeAccess,XGBClassifier,40,onehot,onehot,Onehot -> [ MLP-MultiHead-Encoded => GM => Decoded-Binary ] -> Onehot,GM,MLP-MultiHead,encoded,decoded,True,centroid,Onehot -> [ [FFN-SFT]-ENC => GM => DEC-BIN ] -> Onehot
Train,1.0,-1,0,0,22.358691692352295,-1,AmazonEmployeeAccess,XGBClassifier,40,onehot,onehot,Onehot -> [ MLP-MultiHead-Encoded => GM => Encoded ] -> Onehot,GM,MLP-MultiHead,encoded,encoded,False,centroid,Onehot -> [ [FFN-SFT]-ENC => GM => ENC ] -> Onehot
Train - Original,0.5409851111990767,-1,0,0,22.358691692352295,-1,AmazonEmployeeAccess,XGBClassifier,40,onehot,onehot,Onehot -> [ MLP-MultiHead-Encoded => GM => Encoded ] -> Onehot,GM,MLP-MultiHead,encoded,encoded,False,centroid,Onehot -> [ [FFN-SFT]-ENC => GM => ENC ] -> Onehot
Val,0.5484305096395692,-1,0,0,22.358691692352295,-1,AmazonEmployeeAccess,XGBClassifier,40,onehot,onehot,Onehot -> [ MLP-MultiHead-Encoded => GM => Encoded ] -> Onehot,GM,MLP-MultiHead,encoded,encoded,False,centroid,Onehot -> [ [FFN-SFT]-ENC => GM => ENC ] -> Onehot
Test,0.5265196028291415,-1,0,0,22.358691692352295,-1,AmazonEmployeeAccess,XGBClassifier,40,onehot,onehot,Onehot -> [ MLP-MultiHead-Encoded => GM => Encoded ] -> Onehot,GM,MLP-MultiHead,encoded,encoded,False,centroid,Onehot -> [ [FFN-SFT]-ENC => GM => ENC ] -> Onehot
Train,1.0,-1,0,0,18.88868498802185,-1,AmazonEmployeeAccess,XGBClassifier,40,onehot,onehot,Onehot -> [ MLP-MultiHead-Encoded => GM => Decoded ] -> Onehot,GM,MLP-MultiHead,encoded,decoded,False,centroid,Onehot -> [ [FFN-SFT]-ENC => GM => DEC ] -> Onehot
Train - Original,0.5173157577092266,-1,0,0,18.88868498802185,-1,AmazonEmployeeAccess,XGBClassifier,40,onehot,onehot,Onehot -> [ MLP-MultiHead-Encoded => GM => Decoded ] -> Onehot,GM,MLP-MultiHead,encoded,decoded,False,centroid,Onehot -> [ [FFN-SFT]-ENC => GM => DEC ] -> Onehot
Val,0.5187955632738344,-1,0,0,18.88868498802185,-1,AmazonEmployeeAccess,XGBClassifier,40,onehot,onehot,Onehot -> [ MLP-MultiHead-Encoded => GM => Decoded ] -> Onehot,GM,MLP-MultiHead,encoded,decoded,False,centroid,Onehot -> [ [FFN-SFT]-ENC => GM => DEC ] -> Onehot
Test,0.5193429481715518,-1,0,0,18.88868498802185,-1,AmazonEmployeeAccess,XGBClassifier,40,onehot,onehot,Onehot -> [ MLP-MultiHead-Encoded => GM => Decoded ] -> Onehot,GM,MLP-MultiHead,encoded,decoded,False,centroid,Onehot -> [ [FFN-SFT]-ENC => GM => DEC ] -> Onehot
Train,0.9875,-1,0,0,18.808576583862305,-1,AmazonEmployeeAccess,XGBClassifier,40,onehot,onehot,Onehot -> [ MLP-MultiHead-Encoded => GM => Decoded-Binary ] -> Onehot,GM,MLP-MultiHead,encoded,decoded,True,centroid,Onehot -> [ [FFN-SFT]-ENC => GM => DEC-BIN ] -> Onehot
Train - Original,0.5208676329566299,-1,0,0,18.808576583862305,-1,AmazonEmployeeAccess,XGBClassifier,40,onehot,onehot,Onehot -> [ MLP-MultiHead-Encoded => GM => Decoded-Binary ] -> Onehot,GM,MLP-MultiHead,encoded,decoded,True,centroid,Onehot -> [ [FFN-SFT]-ENC => GM => DEC-BIN ] -> Onehot
Val,0.5019555901593973,-1,0,0,18.808576583862305,-1,AmazonEmployeeAccess,XGBClassifier,40,onehot,onehot,Onehot -> [ MLP-MultiHead-Encoded => GM => Decoded-Binary ] -> Onehot,GM,MLP-MultiHead,encoded,decoded,True,centroid,Onehot -> [ [FFN-SFT]-ENC => GM => DEC-BIN ] -> Onehot
Test,0.5162883996863245,-1,0,0,18.808576583862305,-1,AmazonEmployeeAccess,XGBClassifier,40,onehot,onehot,Onehot -> [ MLP-MultiHead-Encoded => GM => Decoded-Binary ] -> Onehot,GM,MLP-MultiHead,encoded,decoded,True,centroid,Onehot -> [ [FFN-SFT]-ENC => GM => DEC-BIN ] -> Onehot
Train,1.0,-1,0,0,26.221225023269653,-1,AmazonEmployeeAccess,XGBClassifier,40,onehot,onehot,Onehot -> [ MLP-MultiHead-Encoded => GM => Encoded ] -> Onehot,GM,MLP-MultiHead,encoded,encoded,False,centroid,Onehot -> [ [FFN-SFT]-ENC => GM => ENC ] -> Onehot
Train - Original,0.5455068771151241,-1,0,0,26.221225023269653,-1,AmazonEmployeeAccess,XGBClassifier,40,onehot,onehot,Onehot -> [ MLP-MultiHead-Encoded => GM => Encoded ] -> Onehot,GM,MLP-MultiHead,encoded,encoded,False,centroid,Onehot -> [ [FFN-SFT]-ENC => GM => ENC ] -> Onehot
Val,0.5440524815922092,-1,0,0,26.221225023269653,-1,AmazonEmployeeAccess,XGBClassifier,40,onehot,onehot,Onehot -> [ MLP-MultiHead-Encoded => GM => Encoded ] -> Onehot,GM,MLP-MultiHead,encoded,encoded,False,centroid,Onehot -> [ [FFN-SFT]-ENC => GM => ENC ] -> Onehot
Test,0.5098387298412301,-1,0,0,26.221225023269653,-1,AmazonEmployeeAccess,XGBClassifier,40,onehot,onehot,Onehot -> [ MLP-MultiHead-Encoded => GM => Encoded ] -> Onehot,GM,MLP-MultiHead,encoded,encoded,False,centroid,Onehot -> [ [FFN-SFT]-ENC => GM => ENC ] -> Onehot
Train,1.0,-1,0,0,15.074813842773438,-1,AmazonEmployeeAccess,XGBClassifier,40,onehot,onehot,Onehot -> [ MLP-MultiHead-Encoded => GM => Decoded ] -> Onehot,GM,MLP-MultiHead,encoded,decoded,False,centroid,Onehot -> [ [FFN-SFT]-ENC => GM => DEC ] -> Onehot
Train - Original,0.5057466213767611,-1,0,0,15.074813842773438,-1,AmazonEmployeeAccess,XGBClassifier,40,onehot,onehot,Onehot -> [ MLP-MultiHead-Encoded => GM => Decoded ] -> Onehot,GM,MLP-MultiHead,encoded,decoded,False,centroid,Onehot -> [ [FFN-SFT]-ENC => GM => DEC ] -> Onehot
Val,0.5075839945742258,-1,0,0,15.074813842773438,-1,AmazonEmployeeAccess,XGBClassifier,40,onehot,onehot,Onehot -> [ MLP-MultiHead-Encoded => GM => Decoded ] -> Onehot,GM,MLP-MultiHead,encoded,decoded,False,centroid,Onehot -> [ [FFN-SFT]-ENC => GM => DEC ] -> Onehot
Test,0.5029700682282255,-1,0,0,15.074813842773438,-1,AmazonEmployeeAccess,XGBClassifier,40,onehot,onehot,Onehot -> [ MLP-MultiHead-Encoded => GM => Decoded ] -> Onehot,GM,MLP-MultiHead,encoded,decoded,False,centroid,Onehot -> [ [FFN-SFT]-ENC => GM => DEC ] -> Onehot
Train,0.9875,-1,0,0,16.18336582183838,-1,AmazonEmployeeAccess,XGBClassifier,40,onehot,onehot,Onehot -> [ MLP-MultiHead-Encoded => GM => Decoded-Binary ] -> Onehot,GM,MLP-MultiHead,encoded,decoded,True,centroid,Onehot -> [ [FFN-SFT]-ENC => GM => DEC-BIN ] -> Onehot
Train - Original,0.5681142083372825,-1,0,0,16.18336582183838,-1,AmazonEmployeeAccess,XGBClassifier,40,onehot,onehot,Onehot -> [ MLP-MultiHead-Encoded => GM => Decoded-Binary ] -> Onehot,GM,MLP-MultiHead,encoded,decoded,True,centroid,Onehot -> [ [FFN-SFT]-ENC => GM => DEC-BIN ] -> Onehot
Val,0.5433978302985696,-1,0,0,16.18336582183838,-1,AmazonEmployeeAccess,XGBClassifier,40,onehot,onehot,Onehot -> [ MLP-MultiHead-Encoded => GM => Decoded-Binary ] -> Onehot,GM,MLP-MultiHead,encoded,decoded,True,centroid,Onehot -> [ [FFN-SFT]-ENC => GM => DEC-BIN ] -> Onehot
Test,0.5613375914413544,-1,0,0,16.18336582183838,-1,AmazonEmployeeAccess,XGBClassifier,40,onehot,onehot,Onehot -> [ MLP-MultiHead-Encoded => GM => Decoded-Binary ] -> Onehot,GM,MLP-MultiHead,encoded,decoded,True,centroid,Onehot -> [ [FFN-SFT]-ENC => GM => DEC-BIN ] -> Onehot
Train,1.0,-1,0,0,16.278510093688965,-1,AmazonEmployeeAccess,XGBClassifier,40,onehot,onehot,Onehot -> [ MLP-MultiHead-Encoded => GM => Encoded ] -> Onehot,GM,MLP-MultiHead,encoded,encoded,False,centroid,Onehot -> [ [FFN-SFT]-ENC => GM => ENC ] -> Onehot
Train - Original,0.5387040178297642,-1,0,0,16.278510093688965,-1,AmazonEmployeeAccess,XGBClassifier,40,onehot,onehot,Onehot -> [ MLP-MultiHead-Encoded => GM => Encoded ] -> Onehot,GM,MLP-MultiHead,encoded,encoded,False,centroid,Onehot -> [ [FFN-SFT]-ENC => GM => ENC ] -> Onehot
Val,0.5632464621457964,-1,0,0,16.278510093688965,-1,AmazonEmployeeAccess,XGBClassifier,40,onehot,onehot,Onehot -> [ MLP-MultiHead-Encoded => GM => Encoded ] -> Onehot,GM,MLP-MultiHead,encoded,encoded,False,centroid,Onehot -> [ [FFN-SFT]-ENC => GM => ENC ] -> Onehot
Test,0.5441990854917471,-1,0,0,16.278510093688965,-1,AmazonEmployeeAccess,XGBClassifier,40,onehot,onehot,Onehot -> [ MLP-MultiHead-Encoded => GM => Encoded ] -> Onehot,GM,MLP-MultiHead,encoded,encoded,False,centroid,Onehot -> [ [FFN-SFT]-ENC => GM => ENC ] -> Onehot
Train,0.99,-1,0,0,22.522076845169067,-1,AmazonEmployeeAccess,XGBClassifier,50,onehot,onehot,Onehot -> [ GM => Original ] -> Onehot,GM,N/A,original,original,False,centroid,Onehot -> [ GM => ORI ] -> Onehot
Train - Original,0.5635771452306217,-1,0,0,22.522076845169067,-1,AmazonEmployeeAccess,XGBClassifier,50,onehot,onehot,Onehot -> [ GM => Original ] -> Onehot,GM,N/A,original,original,False,centroid,Onehot -> [ GM => ORI ] -> Onehot
Val,0.550722169336468,-1,0,0,22.522076845169067,-1,AmazonEmployeeAccess,XGBClassifier,50,onehot,onehot,Onehot -> [ GM => Original ] -> Onehot,GM,N/A,original,original,False,centroid,Onehot -> [ GM => ORI ] -> Onehot
Test,0.5327271969602261,-1,0,0,22.522076845169067,-1,AmazonEmployeeAccess,XGBClassifier,50,onehot,onehot,Onehot -> [ GM => Original ] -> Onehot,GM,N/A,original,original,False,centroid,Onehot -> [ GM => ORI ] -> Onehot
Train,1.0,-1,0,0,17.2730553150177,-1,AmazonEmployeeAccess,XGBClassifier,50,onehot,onehot,Onehot -> [ GM => Original ] -> Onehot,GM,N/A,original,original,False,centroid,Onehot -> [ GM => ORI ] -> Onehot
Train - Original,0.5423205315477551,-1,0,0,17.2730553150177,-1,AmazonEmployeeAccess,XGBClassifier,50,onehot,onehot,Onehot -> [ GM => Original ] -> Onehot,GM,N/A,original,original,False,centroid,Onehot -> [ GM => ORI ] -> Onehot
Val,0.5621181200787102,-1,0,0,17.2730553150177,-1,AmazonEmployeeAccess,XGBClassifier,50,onehot,onehot,Onehot -> [ GM => Original ] -> Onehot,GM,N/A,original,original,False,centroid,Onehot -> [ GM => ORI ] -> Onehot
Test,0.551271560460209,-1,0,0,17.2730553150177,-1,AmazonEmployeeAccess,XGBClassifier,50,onehot,onehot,Onehot -> [ GM => Original ] -> Onehot,GM,N/A,original,original,False,centroid,Onehot -> [ GM => ORI ] -> Onehot
Train,0.98,-1,0,0,18.090877771377563,-1,AmazonEmployeeAccess,XGBClassifier,50,onehot,onehot,Onehot -> [ GM => Original ] -> Onehot,GM,N/A,original,original,False,centroid,Onehot -> [ GM => ORI ] -> Onehot
Train - Original,0.5516278789382425,-1,0,0,18.090877771377563,-1,AmazonEmployeeAccess,XGBClassifier,50,onehot,onehot,Onehot -> [ GM => Original ] -> Onehot,GM,N/A,original,original,False,centroid,Onehot -> [ GM => ORI ] -> Onehot
Val,0.5405245117867646,-1,0,0,18.090877771377563,-1,AmazonEmployeeAccess,XGBClassifier,50,onehot,onehot,Onehot -> [ GM => Original ] -> Onehot,GM,N/A,original,original,False,centroid,Onehot -> [ GM => ORI ] -> Onehot
Test,0.5488136774672592,-1,0,0,18.090877771377563,-1,AmazonEmployeeAccess,XGBClassifier,50,onehot,onehot,Onehot -> [ GM => Original ] -> Onehot,GM,N/A,original,original,False,centroid,Onehot -> [ GM => ORI ] -> Onehot
Train,1.0,-1,0,0,19.91322898864746,-1,AmazonEmployeeAccess,XGBClassifier,50,onehot,onehot,Onehot -> [ GM => Original ] -> Onehot,GM,N/A,original,original,False,centroid,Onehot -> [ GM => ORI ] -> Onehot
Train - Original,0.5477364339356501,-1,0,0,19.91322898864746,-1,AmazonEmployeeAccess,XGBClassifier,50,onehot,onehot,Onehot -> [ GM => Original ] -> Onehot,GM,N/A,original,original,False,centroid,Onehot -> [ GM => ORI ] -> Onehot
Val,0.5457468955386389,-1,0,0,19.91322898864746,-1,AmazonEmployeeAccess,XGBClassifier,50,onehot,onehot,Onehot -> [ GM => Original ] -> Onehot,GM,N/A,original,original,False,centroid,Onehot -> [ GM => ORI ] -> Onehot
Test,0.5334280421416313,-1,0,0,19.91322898864746,-1,AmazonEmployeeAccess,XGBClassifier,50,onehot,onehot,Onehot -> [ GM => Original ] -> Onehot,GM,N/A,original,original,False,centroid,Onehot -> [ GM => ORI ] -> Onehot
Train,0.99,-1,0,0,20.578882455825806,-1,AmazonEmployeeAccess,XGBClassifier,50,onehot,onehot,Onehot -> [ GM => Original ] -> Onehot,GM,N/A,original,original,False,centroid,Onehot -> [ GM => ORI ] -> Onehot
Train - Original,0.5753878308235254,-1,0,0,20.578882455825806,-1,AmazonEmployeeAccess,XGBClassifier,50,onehot,onehot,Onehot -> [ GM => Original ] -> Onehot,GM,N/A,original,original,False,centroid,Onehot -> [ GM => ORI ] -> Onehot
Val,0.5631890566026259,-1,0,0,20.578882455825806,-1,AmazonEmployeeAccess,XGBClassifier,50,onehot,onehot,Onehot -> [ GM => Original ] -> Onehot,GM,N/A,original,original,False,centroid,Onehot -> [ GM => ORI ] -> Onehot
Test,0.5649819863846617,-1,0,0,20.578882455825806,-1,AmazonEmployeeAccess,XGBClassifier,50,onehot,onehot,Onehot -> [ GM => Original ] -> Onehot,GM,N/A,original,original,False,centroid,Onehot -> [ GM => ORI ] -> Onehot
Train,1.0,-1,0,0,18.220628261566162,-1,AmazonEmployeeAccess,XGBClassifier,50,onehot,onehot,Onehot -> [ MLP-MultiHead-Encoded => GM => Decoded ] -> Onehot,GM,MLP-MultiHead,encoded,decoded,False,centroid,Onehot -> [ [FFN-SFT]-ENC => GM => DEC ] -> Onehot
Train - Original,0.5064319633926729,-1,0,0,18.220628261566162,-1,AmazonEmployeeAccess,XGBClassifier,50,onehot,onehot,Onehot -> [ MLP-MultiHead-Encoded => GM => Decoded ] -> Onehot,GM,MLP-MultiHead,encoded,decoded,False,centroid,Onehot -> [ [FFN-SFT]-ENC => GM => DEC ] -> Onehot
Val,0.5205519447933553,-1,0,0,18.220628261566162,-1,AmazonEmployeeAccess,XGBClassifier,50,onehot,onehot,Onehot -> [ MLP-MultiHead-Encoded => GM => Decoded ] -> Onehot,GM,MLP-MultiHead,encoded,decoded,False,centroid,Onehot -> [ [FFN-SFT]-ENC => GM => DEC ] -> Onehot
Test,0.5020229801452454,-1,0,0,18.220628261566162,-1,AmazonEmployeeAccess,XGBClassifier,50,onehot,onehot,Onehot -> [ MLP-MultiHead-Encoded => GM => Decoded ] -> Onehot,GM,MLP-MultiHead,encoded,decoded,False,centroid,Onehot -> [ [FFN-SFT]-ENC => GM => DEC ] -> Onehot
Train,1.0,-1,0,0,19.09005904197693,-1,AmazonEmployeeAccess,XGBClassifier,50,onehot,onehot,Onehot -> [ MLP-MultiHead-Encoded => GM => Decoded-Binary ] -> Onehot,GM,MLP-MultiHead,encoded,decoded,True,centroid,Onehot -> [ [FFN-SFT]-ENC => GM => DEC-BIN ] -> Onehot
Train - Original,0.5672369371052001,-1,0,0,19.09005904197693,-1,AmazonEmployeeAccess,XGBClassifier,50,onehot,onehot,Onehot -> [ MLP-MultiHead-Encoded => GM => Decoded-Binary ] -> Onehot,GM,MLP-MultiHead,encoded,decoded,True,centroid,Onehot -> [ [FFN-SFT]-ENC => GM => DEC-BIN ] -> Onehot
Val,0.5464608532212494,-1,0,0,19.09005904197693,-1,AmazonEmployeeAccess,XGBClassifier,50,onehot,onehot,Onehot -> [ MLP-MultiHead-Encoded => GM => Decoded-Binary ] -> Onehot,GM,MLP-MultiHead,encoded,decoded,True,centroid,Onehot -> [ [FFN-SFT]-ENC => GM => DEC-BIN ] -> Onehot
Test,0.5353445695863498,-1,0,0,19.09005904197693,-1,AmazonEmployeeAccess,XGBClassifier,50,onehot,onehot,Onehot -> [ MLP-MultiHead-Encoded => GM => Decoded-Binary ] -> Onehot,GM,MLP-MultiHead,encoded,decoded,True,centroid,Onehot -> [ [FFN-SFT]-ENC => GM => DEC-BIN ] -> Onehot
Train,1.0,-1,0,0,26.57486867904663,-1,AmazonEmployeeAccess,XGBClassifier,50,onehot,onehot,Onehot -> [ MLP-MultiHead-Encoded => GM => Encoded ] -> Onehot,GM,MLP-MultiHead,encoded,encoded,False,centroid,Onehot -> [ [FFN-SFT]-ENC => GM => ENC ] -> Onehot
Train - Original,0.5322936586698483,-1,0,0,26.57486867904663,-1,AmazonEmployeeAccess,XGBClassifier,50,onehot,onehot,Onehot -> [ MLP-MultiHead-Encoded => GM => Encoded ] -> Onehot,GM,MLP-MultiHead,encoded,encoded,False,centroid,Onehot -> [ [FFN-SFT]-ENC => GM => ENC ] -> Onehot
Val,0.5169855779027436,-1,0,0,26.57486867904663,-1,AmazonEmployeeAccess,XGBClassifier,50,onehot,onehot,Onehot -> [ MLP-MultiHead-Encoded => GM => Encoded ] -> Onehot,GM,MLP-MultiHead,encoded,encoded,False,centroid,Onehot -> [ [FFN-SFT]-ENC => GM => ENC ] -> Onehot
Test,0.510781650736645,-1,0,0,26.57486867904663,-1,AmazonEmployeeAccess,XGBClassifier,50,onehot,onehot,Onehot -> [ MLP-MultiHead-Encoded => GM => Encoded ] -> Onehot,GM,MLP-MultiHead,encoded,encoded,False,centroid,Onehot -> [ [FFN-SFT]-ENC => GM => ENC ] -> Onehot
Train,1.0,-1,0,0,18.18875789642334,-1,AmazonEmployeeAccess,XGBClassifier,50,onehot,onehot,Onehot -> [ MLP-MultiHead-Encoded => GM => Decoded ] -> Onehot,GM,MLP-MultiHead,encoded,decoded,False,centroid,Onehot -> [ [FFN-SFT]-ENC => GM => DEC ] -> Onehot
Train - Original,0.5,-1,0,0,18.18875789642334,-1,AmazonEmployeeAccess,XGBClassifier,50,onehot,onehot,Onehot -> [ MLP-MultiHead-Encoded => GM => Decoded ] -> Onehot,GM,MLP-MultiHead,encoded,decoded,False,centroid,Onehot -> [ [FFN-SFT]-ENC => GM => DEC ] -> Onehot
Val,0.5,-1,0,0,18.18875789642334,-1,AmazonEmployeeAccess,XGBClassifier,50,onehot,onehot,Onehot -> [ MLP-MultiHead-Encoded => GM => Decoded ] -> Onehot,GM,MLP-MultiHead,encoded,decoded,False,centroid,Onehot -> [ [FFN-SFT]-ENC => GM => DEC ] -> Onehot
Test,0.5,-1,0,0,18.18875789642334,-1,AmazonEmployeeAccess,XGBClassifier,50,onehot,onehot,Onehot -> [ MLP-MultiHead-Encoded => GM => Decoded ] -> Onehot,GM,MLP-MultiHead,encoded,decoded,False,centroid,Onehot -> [ [FFN-SFT]-ENC => GM => DEC ] -> Onehot
Train,1.0,-1,0,0,24.08520245552063,-1,AmazonEmployeeAccess,XGBClassifier,50,onehot,onehot,Onehot -> [ MLP-MultiHead-Encoded => GM => Decoded-Binary ] -> Onehot,GM,MLP-MultiHead,encoded,decoded,True,centroid,Onehot -> [ [FFN-SFT]-ENC => GM => DEC-BIN ] -> Onehot
Train - Original,0.5460036699319257,-1,0,0,24.08520245552063,-1,AmazonEmployeeAccess,XGBClassifier,50,onehot,onehot,Onehot -> [ MLP-MultiHead-Encoded => GM => Decoded-Binary ] -> Onehot,GM,MLP-MultiHead,encoded,decoded,True,centroid,Onehot -> [ [FFN-SFT]-ENC => GM => DEC-BIN ] -> Onehot
Val,0.5596941615141073,-1,0,0,24.08520245552063,-1,AmazonEmployeeAccess,XGBClassifier,50,onehot,onehot,Onehot -> [ MLP-MultiHead-Encoded => GM => Decoded-Binary ] -> Onehot,GM,MLP-MultiHead,encoded,decoded,True,centroid,Onehot -> [ [FFN-SFT]-ENC => GM => DEC-BIN ] -> Onehot
Test,0.5602329079013664,-1,0,0,24.08520245552063,-1,AmazonEmployeeAccess,XGBClassifier,50,onehot,onehot,Onehot -> [ MLP-MultiHead-Encoded => GM => Decoded-Binary ] -> Onehot,GM,MLP-MultiHead,encoded,decoded,True,centroid,Onehot -> [ [FFN-SFT]-ENC => GM => DEC-BIN ] -> Onehot
Train,1.0,-1,0,0,20.02007794380188,-1,AmazonEmployeeAccess,XGBClassifier,50,onehot,onehot,Onehot -> [ MLP-MultiHead-Encoded => GM => Encoded ] -> Onehot,GM,MLP-MultiHead,encoded,encoded,False,centroid,Onehot -> [ [FFN-SFT]-ENC => GM => ENC ] -> Onehot
Train - Original,0.5430943812268973,-1,0,0,20.02007794380188,-1,AmazonEmployeeAccess,XGBClassifier,50,onehot,onehot,Onehot -> [ MLP-MultiHead-Encoded => GM => Encoded ] -> Onehot,GM,MLP-MultiHead,encoded,encoded,False,centroid,Onehot -> [ [FFN-SFT]-ENC => GM => ENC ] -> Onehot
Val,0.4916587084589159,-1,0,0,20.02007794380188,-1,AmazonEmployeeAccess,XGBClassifier,50,onehot,onehot,Onehot -> [ MLP-MultiHead-Encoded => GM => Encoded ] -> Onehot,GM,MLP-MultiHead,encoded,encoded,False,centroid,Onehot -> [ [FFN-SFT]-ENC => GM => ENC ] -> Onehot
Test,0.5475173032992761,-1,0,0,20.02007794380188,-1,AmazonEmployeeAccess,XGBClassifier,50,onehot,onehot,Onehot -> [ MLP-MultiHead-Encoded => GM => Encoded ] -> Onehot,GM,MLP-MultiHead,encoded,encoded,False,centroid,Onehot -> [ [FFN-SFT]-ENC => GM => ENC ] -> Onehot
Train,1.0,-1,0,0,19.60001015663147,-1,AmazonEmployeeAccess,XGBClassifier,50,onehot,onehot,Onehot -> [ MLP-MultiHead-Encoded => GM => Decoded ] -> Onehot,GM,MLP-MultiHead,encoded,decoded,False,centroid,Onehot -> [ [FFN-SFT]-ENC => GM => DEC ] -> Onehot
Train - Original,0.5002018950396682,-1,0,0,19.60001015663147,-1,AmazonEmployeeAccess,XGBClassifier,50,onehot,onehot,Onehot -> [ MLP-MultiHead-Encoded => GM => Decoded ] -> Onehot,GM,MLP-MultiHead,encoded,decoded,False,centroid,Onehot -> [ [FFN-SFT]-ENC => GM => DEC ] -> Onehot
Val,0.4998502133509326,-1,0,0,19.60001015663147,-1,AmazonEmployeeAccess,XGBClassifier,50,onehot,onehot,Onehot -> [ MLP-MultiHead-Encoded => GM => Decoded ] -> Onehot,GM,MLP-MultiHead,encoded,decoded,False,centroid,Onehot -> [ [FFN-SFT]-ENC => GM => DEC ] -> Onehot
Test,0.5039944386987767,-1,0,0,19.60001015663147,-1,AmazonEmployeeAccess,XGBClassifier,50,onehot,onehot,Onehot -> [ MLP-MultiHead-Encoded => GM => Decoded ] -> Onehot,GM,MLP-MultiHead,encoded,decoded,False,centroid,Onehot -> [ [FFN-SFT]-ENC => GM => DEC ] -> Onehot
Train,0.98,-1,0,0,18.41670536994934,-1,AmazonEmployeeAccess,XGBClassifier,50,onehot,onehot,Onehot -> [ MLP-MultiHead-Encoded => GM => Decoded-Binary ] -> Onehot,GM,MLP-MultiHead,encoded,decoded,True,centroid,Onehot -> [ [FFN-SFT]-ENC => GM => DEC-BIN ] -> Onehot
Train - Original,0.5516278789382425,-1,0,0,18.41670536994934,-1,AmazonEmployeeAccess,XGBClassifier,50,onehot,onehot,Onehot -> [ MLP-MultiHead-Encoded => GM => Decoded-Binary ] -> Onehot,GM,MLP-MultiHead,encoded,decoded,True,centroid,Onehot -> [ [FFN-SFT]-ENC => GM => DEC-BIN ] -> Onehot
Val,0.5405245117867646,-1,0,0,18.41670536994934,-1,AmazonEmployeeAccess,XGBClassifier,50,onehot,onehot,Onehot -> [ MLP-MultiHead-Encoded => GM => Decoded-Binary ] -> Onehot,GM,MLP-MultiHead,encoded,decoded,True,centroid,Onehot -> [ [FFN-SFT]-ENC => GM => DEC-BIN ] -> Onehot
Test,0.5488136774672592,-1,0,0,18.41670536994934,-1,AmazonEmployeeAccess,XGBClassifier,50,onehot,onehot,Onehot -> [ MLP-MultiHead-Encoded => GM => Decoded-Binary ] -> Onehot,GM,MLP-MultiHead,encoded,decoded,True,centroid,Onehot -> [ [FFN-SFT]-ENC => GM => DEC-BIN ] -> Onehot
Train,1.0,-1,0,0,19.981983423233032,-1,AmazonEmployeeAccess,XGBClassifier,50,onehot,onehot,Onehot -> [ MLP-MultiHead-Encoded => GM => Encoded ] -> Onehot,GM,MLP-MultiHead,encoded,encoded,False,centroid,Onehot -> [ [FFN-SFT]-ENC => GM => ENC ] -> Onehot
Train - Original,0.5491038076414868,-1,0,0,19.981983423233032,-1,AmazonEmployeeAccess,XGBClassifier,50,onehot,onehot,Onehot -> [ MLP-MultiHead-Encoded => GM => Encoded ] -> Onehot,GM,MLP-MultiHead,encoded,encoded,False,centroid,Onehot -> [ [FFN-SFT]-ENC => GM => ENC ] -> Onehot
Val,0.5471174053606893,-1,0,0,19.981983423233032,-1,AmazonEmployeeAccess,XGBClassifier,50,onehot,onehot,Onehot -> [ MLP-MultiHead-Encoded => GM => Encoded ] -> Onehot,GM,MLP-MultiHead,encoded,encoded,False,centroid,Onehot -> [ [FFN-SFT]-ENC => GM => ENC ] -> Onehot
Test,0.5507302049119777,-1,0,0,19.981983423233032,-1,AmazonEmployeeAccess,XGBClassifier,50,onehot,onehot,Onehot -> [ MLP-MultiHead-Encoded => GM => Encoded ] -> Onehot,GM,MLP-MultiHead,encoded,encoded,False,centroid,Onehot -> [ [FFN-SFT]-ENC => GM => ENC ] -> Onehot
Train,1.0,-1,0,0,18.284878253936768,-1,AmazonEmployeeAccess,XGBClassifier,50,onehot,onehot,Onehot -> [ MLP-MultiHead-Encoded => GM => Decoded ] -> Onehot,GM,MLP-MultiHead,encoded,decoded,False,centroid,Onehot -> [ [FFN-SFT]-ENC => GM => DEC ] -> Onehot
Train - Original,0.521349616420332,-1,0,0,18.284878253936768,-1,AmazonEmployeeAccess,XGBClassifier,50,onehot,onehot,Onehot -> [ MLP-MultiHead-Encoded => GM => Decoded ] -> Onehot,GM,MLP-MultiHead,encoded,decoded,False,centroid,Onehot -> [ [FFN-SFT]-ENC => GM => DEC ] -> Onehot
Val,0.5091252003491473,-1,0,0,18.284878253936768,-1,AmazonEmployeeAccess,XGBClassifier,50,onehot,onehot,Onehot -> [ MLP-MultiHead-Encoded => GM => Decoded ] -> Onehot,GM,MLP-MultiHead,encoded,decoded,False,centroid,Onehot -> [ [FFN-SFT]-ENC => GM => DEC ] -> Onehot
Test,0.5232540431190262,-1,0,0,18.284878253936768,-1,AmazonEmployeeAccess,XGBClassifier,50,onehot,onehot,Onehot -> [ MLP-MultiHead-Encoded => GM => Decoded ] -> Onehot,GM,MLP-MultiHead,encoded,decoded,False,centroid,Onehot -> [ [FFN-SFT]-ENC => GM => DEC ] -> Onehot
Train,1.0,-1,0,0,27.965181350708008,-1,AmazonEmployeeAccess,XGBClassifier,50,onehot,onehot,Onehot -> [ MLP-MultiHead-Encoded => GM => Decoded-Binary ] -> Onehot,GM,MLP-MultiHead,encoded,decoded,True,centroid,Onehot -> [ [FFN-SFT]-ENC => GM => DEC-BIN ] -> Onehot
Train - Original,0.5422297589246389,-1,0,0,27.965181350708008,-1,AmazonEmployeeAccess,XGBClassifier,50,onehot,onehot,Onehot -> [ MLP-MultiHead-Encoded => GM => Decoded-Binary ] -> Onehot,GM,MLP-MultiHead,encoded,decoded,True,centroid,Onehot -> [ [FFN-SFT]-ENC => GM => DEC-BIN ] -> Onehot
Val,0.5388456847758979,-1,0,0,27.965181350708008,-1,AmazonEmployeeAccess,XGBClassifier,50,onehot,onehot,Onehot -> [ MLP-MultiHead-Encoded => GM => Decoded-Binary ] -> Onehot,GM,MLP-MultiHead,encoded,decoded,True,centroid,Onehot -> [ [FFN-SFT]-ENC => GM => DEC-BIN ] -> Onehot
Test,0.5386912000363682,-1,0,0,27.965181350708008,-1,AmazonEmployeeAccess,XGBClassifier,50,onehot,onehot,Onehot -> [ MLP-MultiHead-Encoded => GM => Decoded-Binary ] -> Onehot,GM,MLP-MultiHead,encoded,decoded,True,centroid,Onehot -> [ [FFN-SFT]-ENC => GM => DEC-BIN ] -> Onehot
Train,1.0,-1,0,0,18.634458780288696,-1,AmazonEmployeeAccess,XGBClassifier,50,onehot,onehot,Onehot -> [ MLP-MultiHead-Encoded => GM => Encoded ] -> Onehot,GM,MLP-MultiHead,encoded,encoded,False,centroid,Onehot -> [ [FFN-SFT]-ENC => GM => ENC ] -> Onehot
Train - Original,0.5484518128042015,-1,0,0,18.634458780288696,-1,AmazonEmployeeAccess,XGBClassifier,50,onehot,onehot,Onehot -> [ MLP-MultiHead-Encoded => GM => Encoded ] -> Onehot,GM,MLP-MultiHead,encoded,encoded,False,centroid,Onehot -> [ [FFN-SFT]-ENC => GM => ENC ] -> Onehot
Val,0.5230823507227776,-1,0,0,18.634458780288696,-1,AmazonEmployeeAccess,XGBClassifier,50,onehot,onehot,Onehot -> [ MLP-MultiHead-Encoded => GM => Encoded ] -> Onehot,GM,MLP-MultiHead,encoded,encoded,False,centroid,Onehot -> [ [FFN-SFT]-ENC => GM => ENC ] -> Onehot
Test,0.527759530547379,-1,0,0,18.634458780288696,-1,AmazonEmployeeAccess,XGBClassifier,50,onehot,onehot,Onehot -> [ MLP-MultiHead-Encoded => GM => Encoded ] -> Onehot,GM,MLP-MultiHead,encoded,encoded,False,centroid,Onehot -> [ [FFN-SFT]-ENC => GM => ENC ] -> Onehot
Train,1.0,-1,0,0,20.792245149612427,-1,AmazonEmployeeAccess,XGBClassifier,50,onehot,onehot,Onehot -> [ MLP-MultiHead-Encoded => GM => Decoded ] -> Onehot,GM,MLP-MultiHead,encoded,decoded,False,centroid,Onehot -> [ [FFN-SFT]-ENC => GM => DEC ] -> Onehot
Train - Original,0.512685622174027,-1,0,0,20.792245149612427,-1,AmazonEmployeeAccess,XGBClassifier,50,onehot,onehot,Onehot -> [ MLP-MultiHead-Encoded => GM => Decoded ] -> Onehot,GM,MLP-MultiHead,encoded,decoded,False,centroid,Onehot -> [ [FFN-SFT]-ENC => GM => DEC ] -> Onehot
Val,0.5124372340716725,-1,0,0,20.792245149612427,-1,AmazonEmployeeAccess,XGBClassifier,50,onehot,onehot,Onehot -> [ MLP-MultiHead-Encoded => GM => Decoded ] -> Onehot,GM,MLP-MultiHead,encoded,decoded,False,centroid,Onehot -> [ [FFN-SFT]-ENC => GM => DEC ] -> Onehot
Test,0.5461682710338792,-1,0,0,20.792245149612427,-1,AmazonEmployeeAccess,XGBClassifier,50,onehot,onehot,Onehot -> [ MLP-MultiHead-Encoded => GM => Decoded ] -> Onehot,GM,MLP-MultiHead,encoded,decoded,False,centroid,Onehot -> [ [FFN-SFT]-ENC => GM => DEC ] -> Onehot
Train,1.0,-1,0,0,21.528872966766357,-1,AmazonEmployeeAccess,XGBClassifier,50,onehot,onehot,Onehot -> [ MLP-MultiHead-Encoded => GM => Decoded-Binary ] -> Onehot,GM,MLP-MultiHead,encoded,decoded,True,centroid,Onehot -> [ [FFN-SFT]-ENC => GM => DEC-BIN ] -> Onehot
Train - Original,0.5731771951294302,-1,0,0,21.528872966766357,-1,AmazonEmployeeAccess,XGBClassifier,50,onehot,onehot,Onehot -> [ MLP-MultiHead-Encoded => GM => Decoded-Binary ] -> Onehot,GM,MLP-MultiHead,encoded,decoded,True,centroid,Onehot -> [ [FFN-SFT]-ENC => GM => DEC-BIN ] -> Onehot
Val,0.5587711107934586,-1,0,0,21.528872966766357,-1,AmazonEmployeeAccess,XGBClassifier,50,onehot,onehot,Onehot -> [ MLP-MultiHead-Encoded => GM => Decoded-Binary ] -> Onehot,GM,MLP-MultiHead,encoded,decoded,True,centroid,Onehot -> [ [FFN-SFT]-ENC => GM => DEC-BIN ] -> Onehot
Test,0.5650899544261214,-1,0,0,21.528872966766357,-1,AmazonEmployeeAccess,XGBClassifier,50,onehot,onehot,Onehot -> [ MLP-MultiHead-Encoded => GM => Decoded-Binary ] -> Onehot,GM,MLP-MultiHead,encoded,decoded,True,centroid,Onehot -> [ [FFN-SFT]-ENC => GM => DEC-BIN ] -> Onehot
Train,1.0,-1,0,0,17.006075859069824,-1,AmazonEmployeeAccess,XGBClassifier,50,onehot,onehot,Onehot -> [ MLP-MultiHead-Encoded => GM => Encoded ] -> Onehot,GM,MLP-MultiHead,encoded,encoded,False,centroid,Onehot -> [ [FFN-SFT]-ENC => GM => ENC ] -> Onehot
Train - Original,0.551137218935901,-1,0,0,17.006075859069824,-1,AmazonEmployeeAccess,XGBClassifier,50,onehot,onehot,Onehot -> [ MLP-MultiHead-Encoded => GM => Encoded ] -> Onehot,GM,MLP-MultiHead,encoded,encoded,False,centroid,Onehot -> [ [FFN-SFT]-ENC => GM => ENC ] -> Onehot
Val,0.5566672546616342,-1,0,0,17.006075859069824,-1,AmazonEmployeeAccess,XGBClassifier,50,onehot,onehot,Onehot -> [ MLP-MultiHead-Encoded => GM => Encoded ] -> Onehot,GM,MLP-MultiHead,encoded,encoded,False,centroid,Onehot -> [ [FFN-SFT]-ENC => GM => ENC ] -> Onehot
Test,0.5467619058442912,-1,0,0,17.006075859069824,-1,AmazonEmployeeAccess,XGBClassifier,50,onehot,onehot,Onehot -> [ MLP-MultiHead-Encoded => GM => Encoded ] -> Onehot,GM,MLP-MultiHead,encoded,encoded,False,centroid,Onehot -> [ [FFN-SFT]-ENC => GM => ENC ] -> Onehot
Train,1.0,-1,0,0,23.147346258163452,-1,AmazonEmployeeAccess,XGBClassifier,60,onehot,onehot,Onehot -> [ GM => Original ] -> Onehot,GM,N/A,original,original,False,centroid,Onehot -> [ GM => ORI ] -> Onehot
Train - Original,0.5492110622034645,-1,0,0,23.147346258163452,-1,AmazonEmployeeAccess,XGBClassifier,60,onehot,onehot,Onehot -> [ GM => Original ] -> Onehot,GM,N/A,original,original,False,centroid,Onehot -> [ GM => ORI ] -> Onehot
Val,0.5379332787917311,-1,0,0,23.147346258163452,-1,AmazonEmployeeAccess,XGBClassifier,60,onehot,onehot,Onehot -> [ GM => Original ] -> Onehot,GM,N/A,original,original,False,centroid,Onehot -> [ GM => ORI ] -> Onehot
Test,0.5487867801657025,-1,0,0,23.147346258163452,-1,AmazonEmployeeAccess,XGBClassifier,60,onehot,onehot,Onehot -> [ GM => Original ] -> Onehot,GM,N/A,original,original,False,centroid,Onehot -> [ GM => ORI ] -> Onehot
Train,1.0,-1,0,0,15.525566816329956,-1,AmazonEmployeeAccess,XGBClassifier,60,onehot,onehot,Onehot -> [ GM => Original ] -> Onehot,GM,N/A,original,original,False,centroid,Onehot -> [ GM => ORI ] -> Onehot
Train - Original,0.5418030404821508,-1,0,0,15.525566816329956,-1,AmazonEmployeeAccess,XGBClassifier,60,onehot,onehot,Onehot -> [ GM => Original ] -> Onehot,GM,N/A,original,original,False,centroid,Onehot -> [ GM => ORI ] -> Onehot
Val,0.5365977445324072,-1,0,0,15.525566816329956,-1,AmazonEmployeeAccess,XGBClassifier,60,onehot,onehot,Onehot -> [ GM => Original ] -> Onehot,GM,N/A,original,original,False,centroid,Onehot -> [ GM => ORI ] -> Onehot
Test,0.5642807623680233,-1,0,0,15.525566816329956,-1,AmazonEmployeeAccess,XGBClassifier,60,onehot,onehot,Onehot -> [ GM => Original ] -> Onehot,GM,N/A,original,original,False,centroid,Onehot -> [ GM => ORI ] -> Onehot
Train,0.9916666666666667,-1,0,0,26.861152172088623,-1,AmazonEmployeeAccess,XGBClassifier,60,onehot,onehot,Onehot -> [ GM => Original ] -> Onehot,GM,N/A,original,original,False,centroid,Onehot -> [ GM => ORI ] -> Onehot
Train - Original,0.5570883487675831,-1,0,0,26.861152172088623,-1,AmazonEmployeeAccess,XGBClassifier,60,onehot,onehot,Onehot -> [ GM => Original ] -> Onehot,GM,N/A,original,original,False,centroid,Onehot -> [ GM => ORI ] -> Onehot
Val,0.544171094370151,-1,0,0,26.861152172088623,-1,AmazonEmployeeAccess,XGBClassifier,60,onehot,onehot,Onehot -> [ GM => Original ] -> Onehot,GM,N/A,original,original,False,centroid,Onehot -> [ GM => ORI ] -> Onehot
Test,0.5560210177787375,-1,0,0,26.861152172088623,-1,AmazonEmployeeAccess,XGBClassifier,60,onehot,onehot,Onehot -> [ GM => Original ] -> Onehot,GM,N/A,original,original,False,centroid,Onehot -> [ GM => ORI ] -> Onehot
Train,1.0,-1,0,0,15.65685772895813,-1,AmazonEmployeeAccess,XGBClassifier,60,onehot,onehot,Onehot -> [ GM => Original ] -> Onehot,GM,N/A,original,original,False,centroid,Onehot -> [ GM => ORI ] -> Onehot
Train - Original,0.5545892965661814,-1,0,0,15.65685772895813,-1,AmazonEmployeeAccess,XGBClassifier,60,onehot,onehot,Onehot -> [ GM => Original ] -> Onehot,GM,N/A,original,original,False,centroid,Onehot -> [ GM => ORI ] -> Onehot
Val,0.5635441345981308,-1,0,0,15.65685772895813,-1,AmazonEmployeeAccess,XGBClassifier,60,onehot,onehot,Onehot -> [ GM => Original ] -> Onehot,GM,N/A,original,original,False,centroid,Onehot -> [ GM => ORI ] -> Onehot
Test,0.5613368337708879,-1,0,0,15.65685772895813,-1,AmazonEmployeeAccess,XGBClassifier,60,onehot,onehot,Onehot -> [ GM => Original ] -> Onehot,GM,N/A,original,original,False,centroid,Onehot -> [ GM => ORI ] -> Onehot
Train,0.9916666666666667,-1,0,0,21.539300441741943,-1,AmazonEmployeeAccess,XGBClassifier,60,onehot,onehot,Onehot -> [ GM => Original ] -> Onehot,GM,N/A,original,original,False,centroid,Onehot -> [ GM => ORI ] -> Onehot
Train - Original,0.5748849748833371,-1,0,0,21.539300441741943,-1,AmazonEmployeeAccess,XGBClassifier,60,onehot,onehot,Onehot -> [ GM => Original ] -> Onehot,GM,N/A,original,original,False,centroid,Onehot -> [ GM => ORI ] -> Onehot
Val,0.5527404874072768,-1,0,0,21.539300441741943,-1,AmazonEmployeeAccess,XGBClassifier,60,onehot,onehot,Onehot -> [ GM => Original ] -> Onehot,GM,N/A,original,original,False,centroid,Onehot -> [ GM => ORI ] -> Onehot
Test,0.5553455545579561,-1,0,0,21.539300441741943,-1,AmazonEmployeeAccess,XGBClassifier,60,onehot,onehot,Onehot -> [ GM => Original ] -> Onehot,GM,N/A,original,original,False,centroid,Onehot -> [ GM => ORI ] -> Onehot
Train,1.0,-1,0,0,17.368751287460327,-1,AmazonEmployeeAccess,XGBClassifier,60,onehot,onehot,Onehot -> [ MLP-MultiHead-Encoded => GM => Decoded ] -> Onehot,GM,MLP-MultiHead,encoded,decoded,False,centroid,Onehot -> [ [FFN-SFT]-ENC => GM => DEC ] -> Onehot
Train - Original,0.5340804332554652,-1,0,0,17.368751287460327,-1,AmazonEmployeeAccess,XGBClassifier,60,onehot,onehot,Onehot -> [ MLP-MultiHead-Encoded => GM => Decoded ] -> Onehot,GM,MLP-MultiHead,encoded,decoded,False,centroid,Onehot -> [ [FFN-SFT]-ENC => GM => DEC ] -> Onehot
Val,0.5157713176054818,-1,0,0,17.368751287460327,-1,AmazonEmployeeAccess,XGBClassifier,60,onehot,onehot,Onehot -> [ MLP-MultiHead-Encoded => GM => Decoded ] -> Onehot,GM,MLP-MultiHead,encoded,decoded,False,centroid,Onehot -> [ [FFN-SFT]-ENC => GM => DEC ] -> Onehot
Test,0.5172150306667121,-1,0,0,17.368751287460327,-1,AmazonEmployeeAccess,XGBClassifier,60,onehot,onehot,Onehot -> [ MLP-MultiHead-Encoded => GM => Decoded ] -> Onehot,GM,MLP-MultiHead,encoded,decoded,False,centroid,Onehot -> [ [FFN-SFT]-ENC => GM => DEC ] -> Onehot
Train,1.0,-1,0,0,15.413464069366455,-1,AmazonEmployeeAccess,XGBClassifier,60,onehot,onehot,Onehot -> [ MLP-MultiHead-Encoded => GM => Decoded-Binary ] -> Onehot,GM,MLP-MultiHead,encoded,decoded,True,centroid,Onehot -> [ [FFN-SFT]-ENC => GM => DEC-BIN ] -> Onehot
Train - Original,0.5540425700952816,-1,0,0,15.413464069366455,-1,AmazonEmployeeAccess,XGBClassifier,60,onehot,onehot,Onehot -> [ MLP-MultiHead-Encoded => GM => Decoded-Binary ] -> Onehot,GM,MLP-MultiHead,encoded,decoded,True,centroid,Onehot -> [ [FFN-SFT]-ENC => GM => DEC-BIN ] -> Onehot
Val,0.5409563839526035,-1,0,0,15.413464069366455,-1,AmazonEmployeeAccess,XGBClassifier,60,onehot,onehot,Onehot -> [ MLP-MultiHead-Encoded => GM => Decoded-Binary ] -> Onehot,GM,MLP-MultiHead,encoded,decoded,True,centroid,Onehot -> [ [FFN-SFT]-ENC => GM => DEC-BIN ] -> Onehot
Test,0.5389082726249872,-1,0,0,15.413464069366455,-1,AmazonEmployeeAccess,XGBClassifier,60,onehot,onehot,Onehot -> [ MLP-MultiHead-Encoded => GM => Decoded-Binary ] -> Onehot,GM,MLP-MultiHead,encoded,decoded,True,centroid,Onehot -> [ [FFN-SFT]-ENC => GM => DEC-BIN ] -> Onehot
Train,1.0,-1,0,0,15.306730270385742,-1,AmazonEmployeeAccess,XGBClassifier,60,onehot,onehot,Onehot -> [ MLP-MultiHead-Encoded => GM => Encoded ] -> Onehot,GM,MLP-MultiHead,encoded,encoded,False,centroid,Onehot -> [ [FFN-SFT]-ENC => GM => ENC ] -> Onehot
Train - Original,0.5373230892101493,-1,0,0,15.306730270385742,-1,AmazonEmployeeAccess,XGBClassifier,60,onehot,onehot,Onehot -> [ MLP-MultiHead-Encoded => GM => Encoded ] -> Onehot,GM,MLP-MultiHead,encoded,encoded,False,centroid,Onehot -> [ [FFN-SFT]-ENC => GM => ENC ] -> Onehot
Val,0.5426469962074325,-1,0,0,15.306730270385742,-1,AmazonEmployeeAccess,XGBClassifier,60,onehot,onehot,Onehot -> [ MLP-MultiHead-Encoded => GM => Encoded ] -> Onehot,GM,MLP-MultiHead,encoded,encoded,False,centroid,Onehot -> [ [FFN-SFT]-ENC => GM => ENC ] -> Onehot
Test,0.525033053374096,-1,0,0,15.306730270385742,-1,AmazonEmployeeAccess,XGBClassifier,60,onehot,onehot,Onehot -> [ MLP-MultiHead-Encoded => GM => Encoded ] -> Onehot,GM,MLP-MultiHead,encoded,encoded,False,centroid,Onehot -> [ [FFN-SFT]-ENC => GM => ENC ] -> Onehot
Train,1.0,-1,0,0,22.66743803024292,-1,AmazonEmployeeAccess,XGBClassifier,60,onehot,onehot,Onehot -> [ MLP-MultiHead-Encoded => GM => Decoded ] -> Onehot,GM,MLP-MultiHead,encoded,decoded,False,centroid,Onehot -> [ [FFN-SFT]-ENC => GM => DEC ] -> Onehot
Train - Original,0.5005868336836471,-1,0,0,22.66743803024292,-1,AmazonEmployeeAccess,XGBClassifier,60,onehot,onehot,Onehot -> [ MLP-MultiHead-Encoded => GM => Decoded ] -> Onehot,GM,MLP-MultiHead,encoded,decoded,False,centroid,Onehot -> [ [FFN-SFT]-ENC => GM => DEC ] -> Onehot
Val,0.5002490107998455,-1,0,0,22.66743803024292,-1,AmazonEmployeeAccess,XGBClassifier,60,onehot,onehot,Onehot -> [ MLP-MultiHead-Encoded => GM => Decoded ] -> Onehot,GM,MLP-MultiHead,encoded,decoded,False,centroid,Onehot -> [ [FFN-SFT]-ENC => GM => DEC ] -> Onehot
Test,0.49848844741956383,-1,0,0,22.66743803024292,-1,AmazonEmployeeAccess,XGBClassifier,60,onehot,onehot,Onehot -> [ MLP-MultiHead-Encoded => GM => Decoded ] -> Onehot,GM,MLP-MultiHead,encoded,decoded,False,centroid,Onehot -> [ [FFN-SFT]-ENC => GM => DEC ] -> Onehot
Train,1.0,-1,0,0,16.112793445587158,-1,AmazonEmployeeAccess,XGBClassifier,60,onehot,onehot,Onehot -> [ MLP-MultiHead-Encoded => GM => Decoded-Binary ] -> Onehot,GM,MLP-MultiHead,encoded,decoded,True,centroid,Onehot -> [ [FFN-SFT]-ENC => GM => DEC-BIN ] -> Onehot
Train - Original,0.5413992852483511,-1,0,0,16.112793445587158,-1,AmazonEmployeeAccess,XGBClassifier,60,onehot,onehot,Onehot -> [ MLP-MultiHead-Encoded => GM => Decoded-Binary ] -> Onehot,GM,MLP-MultiHead,encoded,decoded,True,centroid,Onehot -> [ [FFN-SFT]-ENC => GM => DEC-BIN ] -> Onehot
Val,0.5500188563903394,-1,0,0,16.112793445587158,-1,AmazonEmployeeAccess,XGBClassifier,60,onehot,onehot,Onehot -> [ MLP-MultiHead-Encoded => GM => Decoded-Binary ] -> Onehot,GM,MLP-MultiHead,encoded,decoded,True,centroid,Onehot -> [ [FFN-SFT]-ENC => GM => DEC-BIN ] -> Onehot
Test,0.5580193736338255,-1,0,0,16.112793445587158,-1,AmazonEmployeeAccess,XGBClassifier,60,onehot,onehot,Onehot -> [ MLP-MultiHead-Encoded => GM => Decoded-Binary ] -> Onehot,GM,MLP-MultiHead,encoded,decoded,True,centroid,Onehot -> [ [FFN-SFT]-ENC => GM => DEC-BIN ] -> Onehot
Train,1.0,-1,0,0,24.86924386024475,-1,AmazonEmployeeAccess,XGBClassifier,60,onehot,onehot,Onehot -> [ MLP-MultiHead-Encoded => GM => Encoded ] -> Onehot,GM,MLP-MultiHead,encoded,encoded,False,centroid,Onehot -> [ [FFN-SFT]-ENC => GM => ENC ] -> Onehot
Train - Original,0.5518930534725668,-1,0,0,24.86924386024475,-1,AmazonEmployeeAccess,XGBClassifier,60,onehot,onehot,Onehot -> [ MLP-MultiHead-Encoded => GM => Encoded ] -> Onehot,GM,MLP-MultiHead,encoded,encoded,False,centroid,Onehot -> [ [FFN-SFT]-ENC => GM => ENC ] -> Onehot
Val,0.515865979726339,-1,0,0,24.86924386024475,-1,AmazonEmployeeAccess,XGBClassifier,60,onehot,onehot,Onehot -> [ MLP-MultiHead-Encoded => GM => Encoded ] -> Onehot,GM,MLP-MultiHead,encoded,encoded,False,centroid,Onehot -> [ [FFN-SFT]-ENC => GM => ENC ] -> Onehot
Test,0.5437653191497422,-1,0,0,24.86924386024475,-1,AmazonEmployeeAccess,XGBClassifier,60,onehot,onehot,Onehot -> [ MLP-MultiHead-Encoded => GM => Encoded ] -> Onehot,GM,MLP-MultiHead,encoded,encoded,False,centroid,Onehot -> [ [FFN-SFT]-ENC => GM => ENC ] -> Onehot
Train,1.0,-1,0,0,12.131353378295898,-1,AmazonEmployeeAccess,XGBClassifier,60,onehot,onehot,Onehot -> [ MLP-MultiHead-Encoded => GM => Decoded ] -> Onehot,GM,MLP-MultiHead,encoded,decoded,False,centroid,Onehot -> [ [FFN-SFT]-ENC => GM => DEC ] -> Onehot
Train - Original,0.5,-1,0,0,12.131353378295898,-1,AmazonEmployeeAccess,XGBClassifier,60,onehot,onehot,Onehot -> [ MLP-MultiHead-Encoded => GM => Decoded ] -> Onehot,GM,MLP-MultiHead,encoded,decoded,False,centroid,Onehot -> [ [FFN-SFT]-ENC => GM => DEC ] -> Onehot
Val,0.5,-1,0,0,12.131353378295898,-1,AmazonEmployeeAccess,XGBClassifier,60,onehot,onehot,Onehot -> [ MLP-MultiHead-Encoded => GM => Decoded ] -> Onehot,GM,MLP-MultiHead,encoded,decoded,False,centroid,Onehot -> [ [FFN-SFT]-ENC => GM => DEC ] -> Onehot
Test,0.5,-1,0,0,12.131353378295898,-1,AmazonEmployeeAccess,XGBClassifier,60,onehot,onehot,Onehot -> [ MLP-MultiHead-Encoded => GM => Decoded ] -> Onehot,GM,MLP-MultiHead,encoded,decoded,False,centroid,Onehot -> [ [FFN-SFT]-ENC => GM => DEC ] -> Onehot
Train,0.9916666666666667,-1,0,0,12.77873945236206,-1,AmazonEmployeeAccess,XGBClassifier,60,onehot,onehot,Onehot -> [ MLP-MultiHead-Encoded => GM => Decoded-Binary ] -> Onehot,GM,MLP-MultiHead,encoded,decoded,True,centroid,Onehot -> [ [FFN-SFT]-ENC => GM => DEC-BIN ] -> Onehot
Train - Original,0.5570567438657916,-1,0,0,12.77873945236206,-1,AmazonEmployeeAccess,XGBClassifier,60,onehot,onehot,Onehot -> [ MLP-MultiHead-Encoded => GM => Decoded-Binary ] -> Onehot,GM,MLP-MultiHead,encoded,decoded,True,centroid,Onehot -> [ [FFN-SFT]-ENC => GM => DEC-BIN ] -> Onehot
Val,0.5376599371656412,-1,0,0,12.77873945236206,-1,AmazonEmployeeAccess,XGBClassifier,60,onehot,onehot,Onehot -> [ MLP-MultiHead-Encoded => GM => Decoded-Binary ] -> Onehot,GM,MLP-MultiHead,encoded,decoded,True,centroid,Onehot -> [ [FFN-SFT]-ENC => GM => DEC-BIN ] -> Onehot
Test,0.5500017047585494,-1,0,0,12.77873945236206,-1,AmazonEmployeeAccess,XGBClassifier,60,onehot,onehot,Onehot -> [ MLP-MultiHead-Encoded => GM => Decoded-Binary ] -> Onehot,GM,MLP-MultiHead,encoded,decoded,True,centroid,Onehot -> [ [FFN-SFT]-ENC => GM => DEC-BIN ] -> Onehot
Train,1.0,-1,0,0,18.557679653167725,-1,AmazonEmployeeAccess,XGBClassifier,60,onehot,onehot,Onehot -> [ MLP-MultiHead-Encoded => GM => Encoded ] -> Onehot,GM,MLP-MultiHead,encoded,encoded,False,centroid,Onehot -> [ [FFN-SFT]-ENC => GM => ENC ] -> Onehot
Train - Original,0.5546694761461394,-1,0,0,18.557679653167725,-1,AmazonEmployeeAccess,XGBClassifier,60,onehot,onehot,Onehot -> [ MLP-MultiHead-Encoded => GM => Encoded ] -> Onehot,GM,MLP-MultiHead,encoded,encoded,False,centroid,Onehot -> [ [FFN-SFT]-ENC => GM => ENC ] -> Onehot
Val,0.5268038266306976,-1,0,0,18.557679653167725,-1,AmazonEmployeeAccess,XGBClassifier,60,onehot,onehot,Onehot -> [ MLP-MultiHead-Encoded => GM => Encoded ] -> Onehot,GM,MLP-MultiHead,encoded,encoded,False,centroid,Onehot -> [ [FFN-SFT]-ENC => GM => ENC ] -> Onehot
Test,0.5560195024378047,-1,0,0,18.557679653167725,-1,AmazonEmployeeAccess,XGBClassifier,60,onehot,onehot,Onehot -> [ MLP-MultiHead-Encoded => GM => Encoded ] -> Onehot,GM,MLP-MultiHead,encoded,encoded,False,centroid,Onehot -> [ [FFN-SFT]-ENC => GM => ENC ] -> Onehot
Train,1.0,-1,0,0,17.78719186782837,-1,AmazonEmployeeAccess,XGBClassifier,60,onehot,onehot,Onehot -> [ MLP-MultiHead-Encoded => GM => Decoded ] -> Onehot,GM,MLP-MultiHead,encoded,decoded,False,centroid,Onehot -> [ [FFN-SFT]-ENC => GM => DEC ] -> Onehot
Train - Original,0.48118640689551356,-1,0,0,17.78719186782837,-1,AmazonEmployeeAccess,XGBClassifier,60,onehot,onehot,Onehot -> [ MLP-MultiHead-Encoded => GM => Decoded ] -> Onehot,GM,MLP-MultiHead,encoded,decoded,False,centroid,Onehot -> [ [FFN-SFT]-ENC => GM => DEC ] -> Onehot
Val,0.4988203350963044,-1,0,0,17.78719186782837,-1,AmazonEmployeeAccess,XGBClassifier,60,onehot,onehot,Onehot -> [ MLP-MultiHead-Encoded => GM => Decoded ] -> Onehot,GM,MLP-MultiHead,encoded,decoded,False,centroid,Onehot -> [ [FFN-SFT]-ENC => GM => DEC ] -> Onehot
Test,0.4729227517075998,-1,0,0,17.78719186782837,-1,AmazonEmployeeAccess,XGBClassifier,60,onehot,onehot,Onehot -> [ MLP-MultiHead-Encoded => GM => Decoded ] -> Onehot,GM,MLP-MultiHead,encoded,decoded,False,centroid,Onehot -> [ [FFN-SFT]-ENC => GM => DEC ] -> Onehot
Train,1.0,-1,0,0,19.73309826850891,-1,AmazonEmployeeAccess,XGBClassifier,60,onehot,onehot,Onehot -> [ MLP-MultiHead-Encoded => GM => Decoded-Binary ] -> Onehot,GM,MLP-MultiHead,encoded,decoded,True,centroid,Onehot -> [ [FFN-SFT]-ENC => GM => DEC-BIN ] -> Onehot
Train - Original,0.5548838110424112,-1,0,0,19.73309826850891,-1,AmazonEmployeeAccess,XGBClassifier,60,onehot,onehot,Onehot -> [ MLP-MultiHead-Encoded => GM => Decoded-Binary ] -> Onehot,GM,MLP-MultiHead,encoded,decoded,True,centroid,Onehot -> [ [FFN-SFT]-ENC => GM => DEC-BIN ] -> Onehot
Val,0.556435731643152,-1,0,0,19.73309826850891,-1,AmazonEmployeeAccess,XGBClassifier,60,onehot,onehot,Onehot -> [ MLP-MultiHead-Encoded => GM => Decoded-Binary ] -> Onehot,GM,MLP-MultiHead,encoded,decoded,True,centroid,Onehot -> [ [FFN-SFT]-ENC => GM => DEC-BIN ] -> Onehot
Test,0.5478688623956782,-1,0,0,19.73309826850891,-1,AmazonEmployeeAccess,XGBClassifier,60,onehot,onehot,Onehot -> [ MLP-MultiHead-Encoded => GM => Decoded-Binary ] -> Onehot,GM,MLP-MultiHead,encoded,decoded,True,centroid,Onehot -> [ [FFN-SFT]-ENC => GM => DEC-BIN ] -> Onehot
Train,1.0,-1,0,0,12.201744794845581,-1,AmazonEmployeeAccess,XGBClassifier,60,onehot,onehot,Onehot -> [ MLP-MultiHead-Encoded => GM => Encoded ] -> Onehot,GM,MLP-MultiHead,encoded,encoded,False,centroid,Onehot -> [ [FFN-SFT]-ENC => GM => ENC ] -> Onehot
Train - Original,0.5758989103103762,-1,0,0,12.201744794845581,-1,AmazonEmployeeAccess,XGBClassifier,60,onehot,onehot,Onehot -> [ MLP-MultiHead-Encoded => GM => Encoded ] -> Onehot,GM,MLP-MultiHead,encoded,encoded,False,centroid,Onehot -> [ [FFN-SFT]-ENC => GM => ENC ] -> Onehot
Val,0.5315893960176521,-1,0,0,12.201744794845581,-1,AmazonEmployeeAccess,XGBClassifier,60,onehot,onehot,Onehot -> [ MLP-MultiHead-Encoded => GM => Encoded ] -> Onehot,GM,MLP-MultiHead,encoded,encoded,False,centroid,Onehot -> [ [FFN-SFT]-ENC => GM => ENC ] -> Onehot
Test,0.5453598366462475,-1,0,0,12.201744794845581,-1,AmazonEmployeeAccess,XGBClassifier,60,onehot,onehot,Onehot -> [ MLP-MultiHead-Encoded => GM => Encoded ] -> Onehot,GM,MLP-MultiHead,encoded,encoded,False,centroid,Onehot -> [ [FFN-SFT]-ENC => GM => ENC ] -> Onehot
Train,1.0,-1,0,0,19.323119163513184,-1,AmazonEmployeeAccess,XGBClassifier,60,onehot,onehot,Onehot -> [ MLP-MultiHead-Encoded => GM => Decoded ] -> Onehot,GM,MLP-MultiHead,encoded,decoded,False,centroid,Onehot -> [ [FFN-SFT]-ENC => GM => DEC ] -> Onehot
Train - Original,0.5044612043732543,-1,0,0,19.323119163513184,-1,AmazonEmployeeAccess,XGBClassifier,60,onehot,onehot,Onehot -> [ MLP-MultiHead-Encoded => GM => Decoded ] -> Onehot,GM,MLP-MultiHead,encoded,decoded,False,centroid,Onehot -> [ [FFN-SFT]-ENC => GM => DEC ] -> Onehot
Val,0.5062028400156934,-1,0,0,19.323119163513184,-1,AmazonEmployeeAccess,XGBClassifier,60,onehot,onehot,Onehot -> [ MLP-MultiHead-Encoded => GM => Decoded ] -> Onehot,GM,MLP-MultiHead,encoded,decoded,False,centroid,Onehot -> [ [FFN-SFT]-ENC => GM => DEC ] -> Onehot
Test,0.507934703959207,-1,0,0,19.323119163513184,-1,AmazonEmployeeAccess,XGBClassifier,60,onehot,onehot,Onehot -> [ MLP-MultiHead-Encoded => GM => Decoded ] -> Onehot,GM,MLP-MultiHead,encoded,decoded,False,centroid,Onehot -> [ [FFN-SFT]-ENC => GM => DEC ] -> Onehot
Train,1.0,-1,0,0,20.325399160385132,-1,AmazonEmployeeAccess,XGBClassifier,60,onehot,onehot,Onehot -> [ MLP-MultiHead-Encoded => GM => Decoded-Binary ] -> Onehot,GM,MLP-MultiHead,encoded,decoded,True,centroid,Onehot -> [ [FFN-SFT]-ENC => GM => DEC-BIN ] -> Onehot
Train - Original,0.5665303044663615,-1,0,0,20.325399160385132,-1,AmazonEmployeeAccess,XGBClassifier,60,onehot,onehot,Onehot -> [ MLP-MultiHead-Encoded => GM => Decoded-Binary ] -> Onehot,GM,MLP-MultiHead,encoded,decoded,True,centroid,Onehot -> [ [FFN-SFT]-ENC => GM => DEC-BIN ] -> Onehot
Val,0.5519847111170586,-1,0,0,20.325399160385132,-1,AmazonEmployeeAccess,XGBClassifier,60,onehot,onehot,Onehot -> [ MLP-MultiHead-Encoded => GM => Decoded-Binary ] -> Onehot,GM,MLP-MultiHead,encoded,decoded,True,centroid,Onehot -> [ [FFN-SFT]-ENC => GM => DEC-BIN ] -> Onehot
Test,0.5468971500225407,-1,0,0,20.325399160385132,-1,AmazonEmployeeAccess,XGBClassifier,60,onehot,onehot,Onehot -> [ MLP-MultiHead-Encoded => GM => Decoded-Binary ] -> Onehot,GM,MLP-MultiHead,encoded,decoded,True,centroid,Onehot -> [ [FFN-SFT]-ENC => GM => DEC-BIN ] -> Onehot
Train,1.0,-1,0,0,22.875887393951416,-1,AmazonEmployeeAccess,XGBClassifier,60,onehot,onehot,Onehot -> [ MLP-MultiHead-Encoded => GM => Encoded ] -> Onehot,GM,MLP-MultiHead,encoded,encoded,False,centroid,Onehot -> [ [FFN-SFT]-ENC => GM => ENC ] -> Onehot
Train - Original,0.5577966191466467,-1,0,0,22.875887393951416,-1,AmazonEmployeeAccess,XGBClassifier,60,onehot,onehot,Onehot -> [ MLP-MultiHead-Encoded => GM => Encoded ] -> Onehot,GM,MLP-MultiHead,encoded,encoded,False,centroid,Onehot -> [ [FFN-SFT]-ENC => GM => ENC ] -> Onehot
Val,0.565778388751859,-1,0,0,22.875887393951416,-1,AmazonEmployeeAccess,XGBClassifier,60,onehot,onehot,Onehot -> [ MLP-MultiHead-Encoded => GM => Encoded ] -> Onehot,GM,MLP-MultiHead,encoded,encoded,False,centroid,Onehot -> [ [FFN-SFT]-ENC => GM => ENC ] -> Onehot
Test,0.5452238347975316,-1,0,0,22.875887393951416,-1,AmazonEmployeeAccess,XGBClassifier,60,onehot,onehot,Onehot -> [ MLP-MultiHead-Encoded => GM => Encoded ] -> Onehot,GM,MLP-MultiHead,encoded,encoded,False,centroid,Onehot -> [ [FFN-SFT]-ENC => GM => ENC ] -> Onehot
Train,1.0,-1,0,0,12.733365058898926,-1,AmazonEmployeeAccess,XGBClassifier,70,onehot,onehot,Onehot -> [ GM => Original ] -> Onehot,GM,N/A,original,original,False,centroid,Onehot -> [ GM => ORI ] -> Onehot
Train - Original,0.5440702653278546,-1,0,0,12.733365058898926,-1,AmazonEmployeeAccess,XGBClassifier,70,onehot,onehot,Onehot -> [ GM => Original ] -> Onehot,GM,N/A,original,original,False,centroid,Onehot -> [ GM => ORI ] -> Onehot
Val,0.5436955027509041,-1,0,0,12.733365058898926,-1,AmazonEmployeeAccess,XGBClassifier,70,onehot,onehot,Onehot -> [ GM => Original ] -> Onehot,GM,N/A,original,original,False,centroid,Onehot -> [ GM => ORI ] -> Onehot
Test,0.5383407774456656,-1,0,0,12.733365058898926,-1,AmazonEmployeeAccess,XGBClassifier,70,onehot,onehot,Onehot -> [ GM => Original ] -> Onehot,GM,N/A,original,original,False,centroid,Onehot -> [ GM => ORI ] -> Onehot
Train,1.0,-1,0,0,23.20244836807251,-1,AmazonEmployeeAccess,XGBClassifier,70,onehot,onehot,Onehot -> [ GM => Original ] -> Onehot,GM,N/A,original,original,False,centroid,Onehot -> [ GM => ORI ] -> Onehot
Train - Original,0.5507151349497945,-1,0,0,23.20244836807251,-1,AmazonEmployeeAccess,XGBClassifier,70,onehot,onehot,Onehot -> [ GM => Original ] -> Onehot,GM,N/A,original,original,False,centroid,Onehot -> [ GM => ORI ] -> Onehot
Val,0.5517376011630135,-1,0,0,23.20244836807251,-1,AmazonEmployeeAccess,XGBClassifier,70,onehot,onehot,Onehot -> [ GM => Original ] -> Onehot,GM,N/A,original,original,False,centroid,Onehot -> [ GM => ORI ] -> Onehot
Test,0.5707046714172606,-1,0,0,23.20244836807251,-1,AmazonEmployeeAccess,XGBClassifier,70,onehot,onehot,Onehot -> [ GM => Original ] -> Onehot,GM,N/A,original,original,False,centroid,Onehot -> [ GM => ORI ] -> Onehot
Train,0.9785714285714286,-1,0,0,21.257036447525024,-1,AmazonEmployeeAccess,XGBClassifier,70,onehot,onehot,Onehot -> [ GM => Original ] -> Onehot,GM,N/A,original,original,False,centroid,Onehot -> [ GM => ORI ] -> Onehot
Train - Original,0.5473136530388096,-1,0,0,21.257036447525024,-1,AmazonEmployeeAccess,XGBClassifier,70,onehot,onehot,Onehot -> [ GM => Original ] -> Onehot,GM,N/A,original,original,False,centroid,Onehot -> [ GM => ORI ] -> Onehot
Val,0.5407803656314913,-1,0,0,21.257036447525024,-1,AmazonEmployeeAccess,XGBClassifier,70,onehot,onehot,Onehot -> [ GM => Original ] -> Onehot,GM,N/A,original,original,False,centroid,Onehot -> [ GM => ORI ] -> Onehot
Test,0.5503513696787856,-1,0,0,21.257036447525024,-1,AmazonEmployeeAccess,XGBClassifier,70,onehot,onehot,Onehot -> [ GM => Original ] -> Onehot,GM,N/A,original,original,False,centroid,Onehot -> [ GM => ORI ] -> Onehot
Train,1.0,-1,0,0,21.109973430633545,-1,AmazonEmployeeAccess,XGBClassifier,70,onehot,onehot,Onehot -> [ GM => Original ] -> Onehot,GM,N/A,original,original,False,centroid,Onehot -> [ GM => ORI ] -> Onehot
Train - Original,0.5606428025847026,-1,0,0,21.109973430633545,-1,AmazonEmployeeAccess,XGBClassifier,70,onehot,onehot,Onehot -> [ GM => Original ] -> Onehot,GM,N/A,original,original,False,centroid,Onehot -> [ GM => ORI ] -> Onehot
Val,0.5602963494636574,-1,0,0,21.109973430633545,-1,AmazonEmployeeAccess,XGBClassifier,70,onehot,onehot,Onehot -> [ GM => Original ] -> Onehot,GM,N/A,original,original,False,centroid,Onehot -> [ GM => ORI ] -> Onehot
Test,0.5718089761220153,-1,0,0,21.109973430633545,-1,AmazonEmployeeAccess,XGBClassifier,70,onehot,onehot,Onehot -> [ GM => Original ] -> Onehot,GM,N/A,original,original,False,centroid,Onehot -> [ GM => ORI ] -> Onehot
Train,1.0,-1,0,0,12.489120483398438,-1,AmazonEmployeeAccess,XGBClassifier,70,onehot,onehot,Onehot -> [ GM => Original ] -> Onehot,GM,N/A,original,original,False,centroid,Onehot -> [ GM => ORI ] -> Onehot
Train - Original,0.5861467387365287,-1,0,0,12.489120483398438,-1,AmazonEmployeeAccess,XGBClassifier,70,onehot,onehot,Onehot -> [ GM => Original ] -> Onehot,GM,N/A,original,original,False,centroid,Onehot -> [ GM => ORI ] -> Onehot
Val,0.5775818808336957,-1,0,0,12.489120483398438,-1,AmazonEmployeeAccess,XGBClassifier,70,onehot,onehot,Onehot -> [ GM => Original ] -> Onehot,GM,N/A,original,original,False,centroid,Onehot -> [ GM => ORI ] -> Onehot
Test,0.5839301882432273,-1,0,0,12.489120483398438,-1,AmazonEmployeeAccess,XGBClassifier,70,onehot,onehot,Onehot -> [ GM => Original ] -> Onehot,GM,N/A,original,original,False,centroid,Onehot -> [ GM => ORI ] -> Onehot
Train,1.0,-1,0,0,13.39137864112854,-1,AmazonEmployeeAccess,XGBClassifier,70,onehot,onehot,Onehot -> [ MLP-MultiHead-Encoded => GM => Decoded ] -> Onehot,GM,MLP-MultiHead,encoded,decoded,False,centroid,Onehot -> [ [FFN-SFT]-ENC => GM => DEC ] -> Onehot
Train - Original,0.5136631788607461,-1,0,0,13.39137864112854,-1,AmazonEmployeeAccess,XGBClassifier,70,onehot,onehot,Onehot -> [ MLP-MultiHead-Encoded => GM => Decoded ] -> Onehot,GM,MLP-MultiHead,encoded,decoded,False,centroid,Onehot -> [ [FFN-SFT]-ENC => GM => DEC ] -> Onehot
Val,0.5191377155178968,-1,0,0,13.39137864112854,-1,AmazonEmployeeAccess,XGBClassifier,70,onehot,onehot,Onehot -> [ MLP-MultiHead-Encoded => GM => Decoded ] -> Onehot,GM,MLP-MultiHead,encoded,decoded,False,centroid,Onehot -> [ [FFN-SFT]-ENC => GM => DEC ] -> Onehot
Test,0.5134925956653673,-1,0,0,13.39137864112854,-1,AmazonEmployeeAccess,XGBClassifier,70,onehot,onehot,Onehot -> [ MLP-MultiHead-Encoded => GM => Decoded ] -> Onehot,GM,MLP-MultiHead,encoded,decoded,False,centroid,Onehot -> [ [FFN-SFT]-ENC => GM => DEC ] -> Onehot
Train,1.0,-1,0,0,13.255902767181396,-1,AmazonEmployeeAccess,XGBClassifier,70,onehot,onehot,Onehot -> [ MLP-MultiHead-Encoded => GM => Decoded-Binary ] -> Onehot,GM,MLP-MultiHead,encoded,decoded,True,centroid,Onehot -> [ [FFN-SFT]-ENC => GM => DEC-BIN ] -> Onehot
Train - Original,0.5419879308999069,-1,0,0,13.255902767181396,-1,AmazonEmployeeAccess,XGBClassifier,70,onehot,onehot,Onehot -> [ MLP-MultiHead-Encoded => GM => Decoded-Binary ] -> Onehot,GM,MLP-MultiHead,encoded,decoded,True,centroid,Onehot -> [ [FFN-SFT]-ENC => GM => DEC-BIN ] -> Onehot
Val,0.5411791630804043,-1,0,0,13.255902767181396,-1,AmazonEmployeeAccess,XGBClassifier,70,onehot,onehot,Onehot -> [ MLP-MultiHead-Encoded => GM => Decoded-Binary ] -> Onehot,GM,MLP-MultiHead,encoded,decoded,True,centroid,Onehot -> [ [FFN-SFT]-ENC => GM => DEC-BIN ] -> Onehot
Test,0.5399602980675615,-1,0,0,13.255902767181396,-1,AmazonEmployeeAccess,XGBClassifier,70,onehot,onehot,Onehot -> [ MLP-MultiHead-Encoded => GM => Decoded-Binary ] -> Onehot,GM,MLP-MultiHead,encoded,decoded,True,centroid,Onehot -> [ [FFN-SFT]-ENC => GM => DEC-BIN ] -> Onehot
Train,1.0,-1,0,0,12.627366304397583,-1,AmazonEmployeeAccess,XGBClassifier,70,onehot,onehot,Onehot -> [ MLP-MultiHead-Encoded => GM => Encoded ] -> Onehot,GM,MLP-MultiHead,encoded,encoded,False,centroid,Onehot -> [ [FFN-SFT]-ENC => GM => ENC ] -> Onehot
Train - Original,0.5436204442945312,-1,0,0,12.627366304397583,-1,AmazonEmployeeAccess,XGBClassifier,70,onehot,onehot,Onehot -> [ MLP-MultiHead-Encoded => GM => Encoded ] -> Onehot,GM,MLP-MultiHead,encoded,encoded,False,centroid,Onehot -> [ [FFN-SFT]-ENC => GM => ENC ] -> Onehot
Val,0.5264293600080292,-1,0,0,12.627366304397583,-1,AmazonEmployeeAccess,XGBClassifier,70,onehot,onehot,Onehot -> [ MLP-MultiHead-Encoded => GM => Encoded ] -> Onehot,GM,MLP-MultiHead,encoded,encoded,False,centroid,Onehot -> [ [FFN-SFT]-ENC => GM => ENC ] -> Onehot
Test,0.5210389935105525,-1,0,0,12.627366304397583,-1,AmazonEmployeeAccess,XGBClassifier,70,onehot,onehot,Onehot -> [ MLP-MultiHead-Encoded => GM => Encoded ] -> Onehot,GM,MLP-MultiHead,encoded,encoded,False,centroid,Onehot -> [ [FFN-SFT]-ENC => GM => ENC ] -> Onehot
Train,1.0,-1,0,0,24.23993992805481,-1,AmazonEmployeeAccess,XGBClassifier,70,onehot,onehot,Onehot -> [ MLP-MultiHead-Encoded => GM => Decoded ] -> Onehot,GM,MLP-MultiHead,encoded,decoded,False,centroid,Onehot -> [ [FFN-SFT]-ENC => GM => DEC ] -> Onehot
Train - Original,0.5130175607566778,-1,0,0,24.23993992805481,-1,AmazonEmployeeAccess,XGBClassifier,70,onehot,onehot,Onehot -> [ MLP-MultiHead-Encoded => GM => Decoded ] -> Onehot,GM,MLP-MultiHead,encoded,decoded,False,centroid,Onehot -> [ [FFN-SFT]-ENC => GM => DEC ] -> Onehot
Val,0.5080607267009529,-1,0,0,24.23993992805481,-1,AmazonEmployeeAccess,XGBClassifier,70,onehot,onehot,Onehot -> [ MLP-MultiHead-Encoded => GM => Decoded ] -> Onehot,GM,MLP-MultiHead,encoded,decoded,False,centroid,Onehot -> [ [FFN-SFT]-ENC => GM => DEC ] -> Onehot
Test,0.5083650607841131,-1,0,0,24.23993992805481,-1,AmazonEmployeeAccess,XGBClassifier,70,onehot,onehot,Onehot -> [ MLP-MultiHead-Encoded => GM => Decoded ] -> Onehot,GM,MLP-MultiHead,encoded,decoded,False,centroid,Onehot -> [ [FFN-SFT]-ENC => GM => DEC ] -> Onehot
Train,1.0,-1,0,0,16.24072790145874,-1,AmazonEmployeeAccess,XGBClassifier,70,onehot,onehot,Onehot -> [ MLP-MultiHead-Encoded => GM => Decoded-Binary ] -> Onehot,GM,MLP-MultiHead,encoded,decoded,True,centroid,Onehot -> [ [FFN-SFT]-ENC => GM => DEC-BIN ] -> Onehot
Train - Original,0.5595872267413011,-1,0,0,16.24072790145874,-1,AmazonEmployeeAccess,XGBClassifier,70,onehot,onehot,Onehot -> [ MLP-MultiHead-Encoded => GM => Decoded-Binary ] -> Onehot,GM,MLP-MultiHead,encoded,decoded,True,centroid,Onehot -> [ [FFN-SFT]-ENC => GM => DEC-BIN ] -> Onehot
Val,0.5507658887898759,-1,0,0,16.24072790145874,-1,AmazonEmployeeAccess,XGBClassifier,70,onehot,onehot,Onehot -> [ MLP-MultiHead-Encoded => GM => Decoded-Binary ] -> Onehot,GM,MLP-MultiHead,encoded,decoded,True,centroid,Onehot -> [ [FFN-SFT]-ENC => GM => DEC-BIN ] -> Onehot
Test,0.5799353707092174,-1,0,0,16.24072790145874,-1,AmazonEmployeeAccess,XGBClassifier,70,onehot,onehot,Onehot -> [ MLP-MultiHead-Encoded => GM => Decoded-Binary ] -> Onehot,GM,MLP-MultiHead,encoded,decoded,True,centroid,Onehot -> [ [FFN-SFT]-ENC => GM => DEC-BIN ] -> Onehot
Train,1.0,-1,0,0,22.688268661499023,-1,AmazonEmployeeAccess,XGBClassifier,70,onehot,onehot,Onehot -> [ MLP-MultiHead-Encoded => GM => Encoded ] -> Onehot,GM,MLP-MultiHead,encoded,encoded,False,centroid,Onehot -> [ [FFN-SFT]-ENC => GM => ENC ] -> Onehot
Train - Original,0.5447013179975804,-1,0,0,22.688268661499023,-1,AmazonEmployeeAccess,XGBClassifier,70,onehot,onehot,Onehot -> [ MLP-MultiHead-Encoded => GM => Encoded ] -> Onehot,GM,MLP-MultiHead,encoded,encoded,False,centroid,Onehot -> [ [FFN-SFT]-ENC => GM => ENC ] -> Onehot
Val,0.5013914191258542,-1,0,0,22.688268661499023,-1,AmazonEmployeeAccess,XGBClassifier,70,onehot,onehot,Onehot -> [ MLP-MultiHead-Encoded => GM => Encoded ] -> Onehot,GM,MLP-MultiHead,encoded,encoded,False,centroid,Onehot -> [ [FFN-SFT]-ENC => GM => ENC ] -> Onehot
Test,0.5465455909261385,-1,0,0,22.688268661499023,-1,AmazonEmployeeAccess,XGBClassifier,70,onehot,onehot,Onehot -> [ MLP-MultiHead-Encoded => GM => Encoded ] -> Onehot,GM,MLP-MultiHead,encoded,encoded,False,centroid,Onehot -> [ [FFN-SFT]-ENC => GM => ENC ] -> Onehot
Train,1.0,-1,0,0,12.412802696228027,-1,AmazonEmployeeAccess,XGBClassifier,70,onehot,onehot,Onehot -> [ MLP-MultiHead-Encoded => GM => Decoded ] -> Onehot,GM,MLP-MultiHead,encoded,decoded,False,centroid,Onehot -> [ [FFN-SFT]-ENC => GM => DEC ] -> Onehot
Train - Original,0.5,-1,0,0,12.412802696228027,-1,AmazonEmployeeAccess,XGBClassifier,70,onehot,onehot,Onehot -> [ MLP-MultiHead-Encoded => GM => Decoded ] -> Onehot,GM,MLP-MultiHead,encoded,decoded,False,centroid,Onehot -> [ [FFN-SFT]-ENC => GM => DEC ] -> Onehot
Val,0.5,-1,0,0,12.412802696228027,-1,AmazonEmployeeAccess,XGBClassifier,70,onehot,onehot,Onehot -> [ MLP-MultiHead-Encoded => GM => Decoded ] -> Onehot,GM,MLP-MultiHead,encoded,decoded,False,centroid,Onehot -> [ [FFN-SFT]-ENC => GM => DEC ] -> Onehot
Test,0.5,-1,0,0,12.412802696228027,-1,AmazonEmployeeAccess,XGBClassifier,70,onehot,onehot,Onehot -> [ MLP-MultiHead-Encoded => GM => Decoded ] -> Onehot,GM,MLP-MultiHead,encoded,decoded,False,centroid,Onehot -> [ [FFN-SFT]-ENC => GM => DEC ] -> Onehot
Train,0.9857142857142858,-1,0,0,16.073350429534912,-1,AmazonEmployeeAccess,XGBClassifier,70,onehot,onehot,Onehot -> [ MLP-MultiHead-Encoded => GM => Decoded-Binary ] -> Onehot,GM,MLP-MultiHead,encoded,decoded,True,centroid,Onehot -> [ [FFN-SFT]-ENC => GM => DEC-BIN ] -> Onehot
Train - Original,0.5480330042985454,-1,0,0,16.073350429534912,-1,AmazonEmployeeAccess,XGBClassifier,70,onehot,onehot,Onehot -> [ MLP-MultiHead-Encoded => GM => Decoded-Binary ] -> Onehot,GM,MLP-MultiHead,encoded,decoded,True,centroid,Onehot -> [ [FFN-SFT]-ENC => GM => DEC-BIN ] -> Onehot
Val,0.5418182274384811,-1,0,0,16.073350429534912,-1,AmazonEmployeeAccess,XGBClassifier,70,onehot,onehot,Onehot -> [ MLP-MultiHead-Encoded => GM => Decoded-Binary ] -> Onehot,GM,MLP-MultiHead,encoded,decoded,True,centroid,Onehot -> [ [FFN-SFT]-ENC => GM => DEC-BIN ] -> Onehot
Test,0.5521057556436979,-1,0,0,16.073350429534912,-1,AmazonEmployeeAccess,XGBClassifier,70,onehot,onehot,Onehot -> [ MLP-MultiHead-Encoded => GM => Decoded-Binary ] -> Onehot,GM,MLP-MultiHead,encoded,decoded,True,centroid,Onehot -> [ [FFN-SFT]-ENC => GM => DEC-BIN ] -> Onehot
Train,1.0,-1,0,0,13.605134010314941,-1,AmazonEmployeeAccess,XGBClassifier,70,onehot,onehot,Onehot -> [ MLP-MultiHead-Encoded => GM => Encoded ] -> Onehot,GM,MLP-MultiHead,encoded,encoded,False,centroid,Onehot -> [ [FFN-SFT]-ENC => GM => ENC ] -> Onehot
Train - Original,0.5553863882183059,-1,0,0,13.605134010314941,-1,AmazonEmployeeAccess,XGBClassifier,70,onehot,onehot,Onehot -> [ MLP-MultiHead-Encoded => GM => Encoded ] -> Onehot,GM,MLP-MultiHead,encoded,encoded,False,centroid,Onehot -> [ [FFN-SFT]-ENC => GM => ENC ] -> Onehot
Val,0.530779255537544,-1,0,0,13.605134010314941,-1,AmazonEmployeeAccess,XGBClassifier,70,onehot,onehot,Onehot -> [ MLP-MultiHead-Encoded => GM => Encoded ] -> Onehot,GM,MLP-MultiHead,encoded,encoded,False,centroid,Onehot -> [ [FFN-SFT]-ENC => GM => ENC ] -> Onehot
Test,0.5419828993775737,-1,0,0,13.605134010314941,-1,AmazonEmployeeAccess,XGBClassifier,70,onehot,onehot,Onehot -> [ MLP-MultiHead-Encoded => GM => Encoded ] -> Onehot,GM,MLP-MultiHead,encoded,encoded,False,centroid,Onehot -> [ [FFN-SFT]-ENC => GM => ENC ] -> Onehot
Train,1.0,-1,0,0,21.22082805633545,-1,AmazonEmployeeAccess,XGBClassifier,70,onehot,onehot,Onehot -> [ MLP-MultiHead-Encoded => GM => Decoded ] -> Onehot,GM,MLP-MultiHead,encoded,decoded,False,centroid,Onehot -> [ [FFN-SFT]-ENC => GM => DEC ] -> Onehot
Train - Original,0.48885590952426083,-1,0,0,21.22082805633545,-1,AmazonEmployeeAccess,XGBClassifier,70,onehot,onehot,Onehot -> [ MLP-MultiHead-Encoded => GM => Decoded ] -> Onehot,GM,MLP-MultiHead,encoded,decoded,False,centroid,Onehot -> [ [FFN-SFT]-ENC => GM => DEC ] -> Onehot
Val,0.49824437881879924,-1,0,0,21.22082805633545,-1,AmazonEmployeeAccess,XGBClassifier,70,onehot,onehot,Onehot -> [ MLP-MultiHead-Encoded => GM => Decoded ] -> Onehot,GM,MLP-MultiHead,encoded,decoded,False,centroid,Onehot -> [ [FFN-SFT]-ENC => GM => DEC ] -> Onehot
Test,0.4757602276042081,-1,0,0,21.22082805633545,-1,AmazonEmployeeAccess,XGBClassifier,70,onehot,onehot,Onehot -> [ MLP-MultiHead-Encoded => GM => Decoded ] -> Onehot,GM,MLP-MultiHead,encoded,decoded,False,centroid,Onehot -> [ [FFN-SFT]-ENC => GM => DEC ] -> Onehot
Train,1.0,-1,0,0,12.337204217910767,-1,AmazonEmployeeAccess,XGBClassifier,70,onehot,onehot,Onehot -> [ MLP-MultiHead-Encoded => GM => Decoded-Binary ] -> Onehot,GM,MLP-MultiHead,encoded,decoded,True,centroid,Onehot -> [ [FFN-SFT]-ENC => GM => DEC-BIN ] -> Onehot
Train - Original,0.5569451336117259,-1,0,0,12.337204217910767,-1,AmazonEmployeeAccess,XGBClassifier,70,onehot,onehot,Onehot -> [ MLP-MultiHead-Encoded => GM => Decoded-Binary ] -> Onehot,GM,MLP-MultiHead,encoded,decoded,True,centroid,Onehot -> [ [FFN-SFT]-ENC => GM => DEC-BIN ] -> Onehot
Val,0.573576418563204,-1,0,0,12.337204217910767,-1,AmazonEmployeeAccess,XGBClassifier,70,onehot,onehot,Onehot -> [ MLP-MultiHead-Encoded => GM => Decoded-Binary ] -> Onehot,GM,MLP-MultiHead,encoded,decoded,True,centroid,Onehot -> [ [FFN-SFT]-ENC => GM => DEC-BIN ] -> Onehot
Test,0.5692722954005613,-1,0,0,12.337204217910767,-1,AmazonEmployeeAccess,XGBClassifier,70,onehot,onehot,Onehot -> [ MLP-MultiHead-Encoded => GM => Decoded-Binary ] -> Onehot,GM,MLP-MultiHead,encoded,decoded,True,centroid,Onehot -> [ [FFN-SFT]-ENC => GM => DEC-BIN ] -> Onehot
Train,1.0,-1,0,0,16.337032318115234,-1,AmazonEmployeeAccess,XGBClassifier,70,onehot,onehot,Onehot -> [ MLP-MultiHead-Encoded => GM => Encoded ] -> Onehot,GM,MLP-MultiHead,encoded,encoded,False,centroid,Onehot -> [ [FFN-SFT]-ENC => GM => ENC ] -> Onehot
Train - Original,0.5725815803705334,-1,0,0,16.337032318115234,-1,AmazonEmployeeAccess,XGBClassifier,70,onehot,onehot,Onehot -> [ MLP-MultiHead-Encoded => GM => Encoded ] -> Onehot,GM,MLP-MultiHead,encoded,encoded,False,centroid,Onehot -> [ [FFN-SFT]-ENC => GM => ENC ] -> Onehot
Val,0.5310233241383086,-1,0,0,16.337032318115234,-1,AmazonEmployeeAccess,XGBClassifier,70,onehot,onehot,Onehot -> [ MLP-MultiHead-Encoded => GM => Encoded ] -> Onehot,GM,MLP-MultiHead,encoded,encoded,False,centroid,Onehot -> [ [FFN-SFT]-ENC => GM => ENC ] -> Onehot
Test,0.5604465709728867,-1,0,0,16.337032318115234,-1,AmazonEmployeeAccess,XGBClassifier,70,onehot,onehot,Onehot -> [ MLP-MultiHead-Encoded => GM => Encoded ] -> Onehot,GM,MLP-MultiHead,encoded,encoded,False,centroid,Onehot -> [ [FFN-SFT]-ENC => GM => ENC ] -> Onehot
Train,1.0,-1,0,0,12.572206258773804,-1,AmazonEmployeeAccess,XGBClassifier,70,onehot,onehot,Onehot -> [ MLP-MultiHead-Encoded => GM => Decoded ] -> Onehot,GM,MLP-MultiHead,encoded,decoded,False,centroid,Onehot -> [ [FFN-SFT]-ENC => GM => DEC ] -> Onehot
Train - Original,0.5100161404526017,-1,0,0,12.572206258773804,-1,AmazonEmployeeAccess,XGBClassifier,70,onehot,onehot,Onehot -> [ MLP-MultiHead-Encoded => GM => Decoded ] -> Onehot,GM,MLP-MultiHead,encoded,decoded,False,centroid,Onehot -> [ [FFN-SFT]-ENC => GM => DEC ] -> Onehot
Val,0.5221383906983251,-1,0,0,12.572206258773804,-1,AmazonEmployeeAccess,XGBClassifier,70,onehot,onehot,Onehot -> [ MLP-MultiHead-Encoded => GM => Decoded ] -> Onehot,GM,MLP-MultiHead,encoded,decoded,False,centroid,Onehot -> [ [FFN-SFT]-ENC => GM => DEC ] -> Onehot
Test,0.5153295677111154,-1,0,0,12.572206258773804,-1,AmazonEmployeeAccess,XGBClassifier,70,onehot,onehot,Onehot -> [ MLP-MultiHead-Encoded => GM => Decoded ] -> Onehot,GM,MLP-MultiHead,encoded,decoded,False,centroid,Onehot -> [ [FFN-SFT]-ENC => GM => DEC ] -> Onehot
Train,1.0,-1,0,0,18.640196323394775,-1,AmazonEmployeeAccess,XGBClassifier,70,onehot,onehot,Onehot -> [ MLP-MultiHead-Encoded => GM => Decoded-Binary ] -> Onehot,GM,MLP-MultiHead,encoded,decoded,True,centroid,Onehot -> [ [FFN-SFT]-ENC => GM => DEC-BIN ] -> Onehot
Train - Original,0.5778215127980688,-1,0,0,18.640196323394775,-1,AmazonEmployeeAccess,XGBClassifier,70,onehot,onehot,Onehot -> [ MLP-MultiHead-Encoded => GM => Decoded-Binary ] -> Onehot,GM,MLP-MultiHead,encoded,decoded,True,centroid,Onehot -> [ [FFN-SFT]-ENC => GM => DEC-BIN ] -> Onehot
Val,0.5742017968315181,-1,0,0,18.640196323394775,-1,AmazonEmployeeAccess,XGBClassifier,70,onehot,onehot,Onehot -> [ MLP-MultiHead-Encoded => GM => Decoded-Binary ] -> Onehot,GM,MLP-MultiHead,encoded,decoded,True,centroid,Onehot -> [ [FFN-SFT]-ENC => GM => DEC-BIN ] -> Onehot
Test,0.5725939227251892,-1,0,0,18.640196323394775,-1,AmazonEmployeeAccess,XGBClassifier,70,onehot,onehot,Onehot -> [ MLP-MultiHead-Encoded => GM => Decoded-Binary ] -> Onehot,GM,MLP-MultiHead,encoded,decoded,True,centroid,Onehot -> [ [FFN-SFT]-ENC => GM => DEC-BIN ] -> Onehot
Train,1.0,-1,0,0,12.544841527938843,-1,AmazonEmployeeAccess,XGBClassifier,70,onehot,onehot,Onehot -> [ MLP-MultiHead-Encoded => GM => Encoded ] -> Onehot,GM,MLP-MultiHead,encoded,encoded,False,centroid,Onehot -> [ [FFN-SFT]-ENC => GM => ENC ] -> Onehot
Train - Original,0.5527355837045544,-1,0,0,12.544841527938843,-1,AmazonEmployeeAccess,XGBClassifier,70,onehot,onehot,Onehot -> [ MLP-MultiHead-Encoded => GM => Encoded ] -> Onehot,GM,MLP-MultiHead,encoded,encoded,False,centroid,Onehot -> [ [FFN-SFT]-ENC => GM => ENC ] -> Onehot
Val,0.5564026569262259,-1,0,0,12.544841527938843,-1,AmazonEmployeeAccess,XGBClassifier,70,onehot,onehot,Onehot -> [ MLP-MultiHead-Encoded => GM => Encoded ] -> Onehot,GM,MLP-MultiHead,encoded,encoded,False,centroid,Onehot -> [ [FFN-SFT]-ENC => GM => ENC ] -> Onehot
Test,0.5385032977607049,-1,0,0,12.544841527938843,-1,AmazonEmployeeAccess,XGBClassifier,70,onehot,onehot,Onehot -> [ MLP-MultiHead-Encoded => GM => Encoded ] -> Onehot,GM,MLP-MultiHead,encoded,encoded,False,centroid,Onehot -> [ [FFN-SFT]-ENC => GM => ENC ] -> Onehot
Train,1.0,-1,0,0,16.60525894165039,-1,AmazonEmployeeAccess,XGBClassifier,80,onehot,onehot,Onehot -> [ GM => Original ] -> Onehot,GM,N/A,original,original,False,centroid,Onehot -> [ GM => ORI ] -> Onehot
Train - Original,0.5505591663275035,-1,0,0,16.60525894165039,-1,AmazonEmployeeAccess,XGBClassifier,80,onehot,onehot,Onehot -> [ GM => Original ] -> Onehot,GM,N/A,original,original,False,centroid,Onehot -> [ GM => ORI ] -> Onehot
Val,0.550338958823118,-1,0,0,16.60525894165039,-1,AmazonEmployeeAccess,XGBClassifier,80,onehot,onehot,Onehot -> [ GM => Original ] -> Onehot,GM,N/A,original,original,False,centroid,Onehot -> [ GM => ORI ] -> Onehot
Test,0.5390154829959806,-1,0,0,16.60525894165039,-1,AmazonEmployeeAccess,XGBClassifier,80,onehot,onehot,Onehot -> [ GM => Original ] -> Onehot,GM,N/A,original,original,False,centroid,Onehot -> [ GM => ORI ] -> Onehot
Train,1.0,-1,0,0,12.981898069381714,-1,AmazonEmployeeAccess,XGBClassifier,80,onehot,onehot,Onehot -> [ GM => Original ] -> Onehot,GM,N/A,original,original,False,centroid,Onehot -> [ GM => ORI ] -> Onehot
Train - Original,0.557994959941571,-1,0,0,12.981898069381714,-1,AmazonEmployeeAccess,XGBClassifier,80,onehot,onehot,Onehot -> [ GM => Original ] -> Onehot,GM,N/A,original,original,False,centroid,Onehot -> [ GM => ORI ] -> Onehot
Val,0.5413152636397092,-1,0,0,12.981898069381714,-1,AmazonEmployeeAccess,XGBClassifier,80,onehot,onehot,Onehot -> [ GM => Original ] -> Onehot,GM,N/A,original,original,False,centroid,Onehot -> [ GM => ORI ] -> Onehot
Test,0.561851670852796,-1,0,0,12.981898069381714,-1,AmazonEmployeeAccess,XGBClassifier,80,onehot,onehot,Onehot -> [ GM => Original ] -> Onehot,GM,N/A,original,original,False,centroid,Onehot -> [ GM => ORI ] -> Onehot
Train,0.99375,-1,0,0,20.329368591308594,-1,AmazonEmployeeAccess,XGBClassifier,80,onehot,onehot,Onehot -> [ GM => Original ] -> Onehot,GM,N/A,original,original,False,centroid,Onehot -> [ GM => ORI ] -> Onehot
Train - Original,0.5598878043409176,-1,0,0,20.329368591308594,-1,AmazonEmployeeAccess,XGBClassifier,80,onehot,onehot,Onehot -> [ GM => Original ] -> Onehot,GM,N/A,original,original,False,centroid,Onehot -> [ GM => ORI ] -> Onehot
Val,0.5268962077365944,-1,0,0,20.329368591308594,-1,AmazonEmployeeAccess,XGBClassifier,80,onehot,onehot,Onehot -> [ GM => Original ] -> Onehot,GM,N/A,original,original,False,centroid,Onehot -> [ GM => ORI ] -> Onehot
Test,0.5544276367879318,-1,0,0,20.329368591308594,-1,AmazonEmployeeAccess,XGBClassifier,80,onehot,onehot,Onehot -> [ GM => Original ] -> Onehot,GM,N/A,original,original,False,centroid,Onehot -> [ GM => ORI ] -> Onehot
Train,1.0,-1,0,0,20.13704776763916,-1,AmazonEmployeeAccess,XGBClassifier,80,onehot,onehot,Onehot -> [ GM => Original ] -> Onehot,GM,N/A,original,original,False,centroid,Onehot -> [ GM => ORI ] -> Onehot
Train - Original,0.5585561124646666,-1,0,0,20.13704776763916,-1,AmazonEmployeeAccess,XGBClassifier,80,onehot,onehot,Onehot -> [ GM => Original ] -> Onehot,GM,N/A,original,original,False,centroid,Onehot -> [ GM => ORI ] -> Onehot
Val,0.571157402197682,-1,0,0,20.13704776763916,-1,AmazonEmployeeAccess,XGBClassifier,80,onehot,onehot,Onehot -> [ GM => Original ] -> Onehot,GM,N/A,original,original,False,centroid,Onehot -> [ GM => ORI ] -> Onehot
Test,0.5600942542060181,-1,0,0,20.13704776763916,-1,AmazonEmployeeAccess,XGBClassifier,80,onehot,onehot,Onehot -> [ GM => Original ] -> Onehot,GM,N/A,original,original,False,centroid,Onehot -> [ GM => ORI ] -> Onehot
Train,0.99375,-1,0,0,21.32432985305786,-1,AmazonEmployeeAccess,XGBClassifier,80,onehot,onehot,Onehot -> [ GM => Original ] -> Onehot,GM,N/A,original,original,False,centroid,Onehot -> [ GM => ORI ] -> Onehot
Train - Original,0.5787322705909246,-1,0,0,21.32432985305786,-1,AmazonEmployeeAccess,XGBClassifier,80,onehot,onehot,Onehot -> [ GM => Original ] -> Onehot,GM,N/A,original,original,False,centroid,Onehot -> [ GM => ORI ] -> Onehot
Val,0.5795165616892892,-1,0,0,21.32432985305786,-1,AmazonEmployeeAccess,XGBClassifier,80,onehot,onehot,Onehot -> [ GM => Original ] -> Onehot,GM,N/A,original,original,False,centroid,Onehot -> [ GM => ORI ] -> Onehot
Test,0.5769395416851348,-1,0,0,21.32432985305786,-1,AmazonEmployeeAccess,XGBClassifier,80,onehot,onehot,Onehot -> [ GM => Original ] -> Onehot,GM,N/A,original,original,False,centroid,Onehot -> [ GM => ORI ] -> Onehot
Train,1.0,-1,0,0,12.33815622329712,-1,AmazonEmployeeAccess,XGBClassifier,80,onehot,onehot,Onehot -> [ MLP-MultiHead-Encoded => GM => Decoded ] -> Onehot,GM,MLP-MultiHead,encoded,decoded,False,centroid,Onehot -> [ [FFN-SFT]-ENC => GM => DEC ] -> Onehot
Train - Original,0.5176279388725656,-1,0,0,12.33815622329712,-1,AmazonEmployeeAccess,XGBClassifier,80,onehot,onehot,Onehot -> [ MLP-MultiHead-Encoded => GM => Decoded ] -> Onehot,GM,MLP-MultiHead,encoded,decoded,False,centroid,Onehot -> [ [FFN-SFT]-ENC => GM => DEC ] -> Onehot
Val,0.5126839638565576,-1,0,0,12.33815622329712,-1,AmazonEmployeeAccess,XGBClassifier,80,onehot,onehot,Onehot -> [ MLP-MultiHead-Encoded => GM => Decoded ] -> Onehot,GM,MLP-MultiHead,encoded,decoded,False,centroid,Onehot -> [ [FFN-SFT]-ENC => GM => DEC ] -> Onehot
Test,0.5161364867578144,-1,0,0,12.33815622329712,-1,AmazonEmployeeAccess,XGBClassifier,80,onehot,onehot,Onehot -> [ MLP-MultiHead-Encoded => GM => Decoded ] -> Onehot,GM,MLP-MultiHead,encoded,decoded,False,centroid,Onehot -> [ [FFN-SFT]-ENC => GM => DEC ] -> Onehot
Train,1.0,-1,0,0,15.340707302093506,-1,AmazonEmployeeAccess,XGBClassifier,80,onehot,onehot,Onehot -> [ MLP-MultiHead-Encoded => GM => Decoded-Binary ] -> Onehot,GM,MLP-MultiHead,encoded,decoded,True,centroid,Onehot -> [ [FFN-SFT]-ENC => GM => DEC-BIN ] -> Onehot
Train - Original,0.5464786145972135,-1,0,0,15.340707302093506,-1,AmazonEmployeeAccess,XGBClassifier,80,onehot,onehot,Onehot -> [ MLP-MultiHead-Encoded => GM => Decoded-Binary ] -> Onehot,GM,MLP-MultiHead,encoded,decoded,True,centroid,Onehot -> [ [FFN-SFT]-ENC => GM => DEC-BIN ] -> Onehot
Val,0.5460289810554104,-1,0,0,15.340707302093506,-1,AmazonEmployeeAccess,XGBClassifier,80,onehot,onehot,Onehot -> [ MLP-MultiHead-Encoded => GM => Decoded-Binary ] -> Onehot,GM,MLP-MultiHead,encoded,decoded,True,centroid,Onehot -> [ [FFN-SFT]-ENC => GM => DEC-BIN ] -> Onehot
Test,0.5305405599942417,-1,0,0,15.340707302093506,-1,AmazonEmployeeAccess,XGBClassifier,80,onehot,onehot,Onehot -> [ MLP-MultiHead-Encoded => GM => Decoded-Binary ] -> Onehot,GM,MLP-MultiHead,encoded,decoded,True,centroid,Onehot -> [ [FFN-SFT]-ENC => GM => DEC-BIN ] -> Onehot
Train,1.0,-1,0,0,13.07727861404419,-1,AmazonEmployeeAccess,XGBClassifier,80,onehot,onehot,Onehot -> [ MLP-MultiHead-Encoded => GM => Encoded ] -> Onehot,GM,MLP-MultiHead,encoded,encoded,False,centroid,Onehot -> [ [FFN-SFT]-ENC => GM => ENC ] -> Onehot
Train - Original,0.5483108974537669,-1,0,0,13.07727861404419,-1,AmazonEmployeeAccess,XGBClassifier,80,onehot,onehot,Onehot -> [ MLP-MultiHead-Encoded => GM => Encoded ] -> Onehot,GM,MLP-MultiHead,encoded,encoded,False,centroid,Onehot -> [ [FFN-SFT]-ENC => GM => ENC ] -> Onehot
Val,0.5320855167715427,-1,0,0,13.07727861404419,-1,AmazonEmployeeAccess,XGBClassifier,80,onehot,onehot,Onehot -> [ MLP-MultiHead-Encoded => GM => Encoded ] -> Onehot,GM,MLP-MultiHead,encoded,encoded,False,centroid,Onehot -> [ [FFN-SFT]-ENC => GM => ENC ] -> Onehot
Test,0.5179086779786868,-1,0,0,13.07727861404419,-1,AmazonEmployeeAccess,XGBClassifier,80,onehot,onehot,Onehot -> [ MLP-MultiHead-Encoded => GM => Encoded ] -> Onehot,GM,MLP-MultiHead,encoded,encoded,False,centroid,Onehot -> [ [FFN-SFT]-ENC => GM => ENC ] -> Onehot
Train,1.0,-1,0,0,22.001848459243774,-1,AmazonEmployeeAccess,XGBClassifier,80,onehot,onehot,Onehot -> [ MLP-MultiHead-Encoded => GM => Decoded ] -> Onehot,GM,MLP-MultiHead,encoded,decoded,False,centroid,Onehot -> [ [FFN-SFT]-ENC => GM => DEC ] -> Onehot
Train - Original,0.50038281306624,-1,0,0,22.001848459243774,-1,AmazonEmployeeAccess,XGBClassifier,80,onehot,onehot,Onehot -> [ MLP-MultiHead-Encoded => GM => Decoded ] -> Onehot,GM,MLP-MultiHead,encoded,decoded,False,centroid,Onehot -> [ [FFN-SFT]-ENC => GM => DEC ] -> Onehot
Val,0.4995681278341611,-1,0,0,22.001848459243774,-1,AmazonEmployeeAccess,XGBClassifier,80,onehot,onehot,Onehot -> [ MLP-MultiHead-Encoded => GM => Decoded ] -> Onehot,GM,MLP-MultiHead,encoded,decoded,False,centroid,Onehot -> [ [FFN-SFT]-ENC => GM => DEC ] -> Onehot
Test,0.4997840639170805,-1,0,0,22.001848459243774,-1,AmazonEmployeeAccess,XGBClassifier,80,onehot,onehot,Onehot -> [ MLP-MultiHead-Encoded => GM => Decoded ] -> Onehot,GM,MLP-MultiHead,encoded,decoded,False,centroid,Onehot -> [ [FFN-SFT]-ENC => GM => DEC ] -> Onehot
Train,1.0,-1,0,0,23.934425592422485,-1,AmazonEmployeeAccess,XGBClassifier,80,onehot,onehot,Onehot -> [ MLP-MultiHead-Encoded => GM => Decoded-Binary ] -> Onehot,GM,MLP-MultiHead,encoded,decoded,True,centroid,Onehot -> [ [FFN-SFT]-ENC => GM => DEC-BIN ] -> Onehot
Train - Original,0.5562428915105122,-1,0,0,23.934425592422485,-1,AmazonEmployeeAccess,XGBClassifier,80,onehot,onehot,Onehot -> [ MLP-MultiHead-Encoded => GM => Decoded-Binary ] -> Onehot,GM,MLP-MultiHead,encoded,decoded,True,centroid,Onehot -> [ [FFN-SFT]-ENC => GM => DEC-BIN ] -> Onehot
Val,0.5318403076632978,-1,0,0,23.934425592422485,-1,AmazonEmployeeAccess,XGBClassifier,80,onehot,onehot,Onehot -> [ MLP-MultiHead-Encoded => GM => Decoded-Binary ] -> Onehot,GM,MLP-MultiHead,encoded,decoded,True,centroid,Onehot -> [ [FFN-SFT]-ENC => GM => DEC-BIN ] -> Onehot
Test,0.5570476612606878,-1,0,0,23.934425592422485,-1,AmazonEmployeeAccess,XGBClassifier,80,onehot,onehot,Onehot -> [ MLP-MultiHead-Encoded => GM => Decoded-Binary ] -> Onehot,GM,MLP-MultiHead,encoded,decoded,True,centroid,Onehot -> [ [FFN-SFT]-ENC => GM => DEC-BIN ] -> Onehot
Train,1.0,-1,0,0,19.649978637695312,-1,AmazonEmployeeAccess,XGBClassifier,80,onehot,onehot,Onehot -> [ MLP-MultiHead-Encoded => GM => Encoded ] -> Onehot,GM,MLP-MultiHead,encoded,encoded,False,centroid,Onehot -> [ [FFN-SFT]-ENC => GM => ENC ] -> Onehot
Train - Original,0.550622271594476,-1,0,0,19.649978637695312,-1,AmazonEmployeeAccess,XGBClassifier,80,onehot,onehot,Onehot -> [ MLP-MultiHead-Encoded => GM => Encoded ] -> Onehot,GM,MLP-MultiHead,encoded,encoded,False,centroid,Onehot -> [ [FFN-SFT]-ENC => GM => ENC ] -> Onehot
Val,0.5312042846585017,-1,0,0,19.649978637695312,-1,AmazonEmployeeAccess,XGBClassifier,80,onehot,onehot,Onehot -> [ MLP-MultiHead-Encoded => GM => Encoded ] -> Onehot,GM,MLP-MultiHead,encoded,encoded,False,centroid,Onehot -> [ [FFN-SFT]-ENC => GM => ENC ] -> Onehot
Test,0.5592846833126868,-1,0,0,19.649978637695312,-1,AmazonEmployeeAccess,XGBClassifier,80,onehot,onehot,Onehot -> [ MLP-MultiHead-Encoded => GM => Encoded ] -> Onehot,GM,MLP-MultiHead,encoded,encoded,False,centroid,Onehot -> [ [FFN-SFT]-ENC => GM => ENC ] -> Onehot
Train,1.0,-1,0,0,12.060600757598877,-1,AmazonEmployeeAccess,XGBClassifier,80,onehot,onehot,Onehot -> [ MLP-MultiHead-Encoded => GM => Decoded ] -> Onehot,GM,MLP-MultiHead,encoded,decoded,False,centroid,Onehot -> [ [FFN-SFT]-ENC => GM => DEC ] -> Onehot
Train - Original,0.5,-1,0,0,12.060600757598877,-1,AmazonEmployeeAccess,XGBClassifier,80,onehot,onehot,Onehot -> [ MLP-MultiHead-Encoded => GM => Decoded ] -> Onehot,GM,MLP-MultiHead,encoded,decoded,False,centroid,Onehot -> [ [FFN-SFT]-ENC => GM => DEC ] -> Onehot
Val,0.5,-1,0,0,12.060600757598877,-1,AmazonEmployeeAccess,XGBClassifier,80,onehot,onehot,Onehot -> [ MLP-MultiHead-Encoded => GM => Decoded ] -> Onehot,GM,MLP-MultiHead,encoded,decoded,False,centroid,Onehot -> [ [FFN-SFT]-ENC => GM => DEC ] -> Onehot
Test,0.5,-1,0,0,12.060600757598877,-1,AmazonEmployeeAccess,XGBClassifier,80,onehot,onehot,Onehot -> [ MLP-MultiHead-Encoded => GM => Decoded ] -> Onehot,GM,MLP-MultiHead,encoded,decoded,False,centroid,Onehot -> [ [FFN-SFT]-ENC => GM => DEC ] -> Onehot
Train,1.0,-1,0,0,24.502869129180908,-1,AmazonEmployeeAccess,XGBClassifier,80,onehot,onehot,Onehot -> [ MLP-MultiHead-Encoded => GM => Decoded-Binary ] -> Onehot,GM,MLP-MultiHead,encoded,decoded,True,centroid,Onehot -> [ [FFN-SFT]-ENC => GM => DEC-BIN ] -> Onehot
Train - Original,0.567140240740844,-1,0,0,24.502869129180908,-1,AmazonEmployeeAccess,XGBClassifier,80,onehot,onehot,Onehot -> [ MLP-MultiHead-Encoded => GM => Decoded-Binary ] -> Onehot,GM,MLP-MultiHead,encoded,decoded,True,centroid,Onehot -> [ [FFN-SFT]-ENC => GM => DEC-BIN ] -> Onehot
Val,0.543629353317052,-1,0,0,24.502869129180908,-1,AmazonEmployeeAccess,XGBClassifier,80,onehot,onehot,Onehot -> [ MLP-MultiHead-Encoded => GM => Decoded-Binary ] -> Onehot,GM,MLP-MultiHead,encoded,decoded,True,centroid,Onehot -> [ [FFN-SFT]-ENC => GM => DEC-BIN ] -> Onehot
Test,0.5578822352794099,-1,0,0,24.502869129180908,-1,AmazonEmployeeAccess,XGBClassifier,80,onehot,onehot,Onehot -> [ MLP-MultiHead-Encoded => GM => Decoded-Binary ] -> Onehot,GM,MLP-MultiHead,encoded,decoded,True,centroid,Onehot -> [ [FFN-SFT]-ENC => GM => DEC-BIN ] -> Onehot
Train,1.0,-1,0,0,12.043212652206421,-1,AmazonEmployeeAccess,XGBClassifier,80,onehot,onehot,Onehot -> [ MLP-MultiHead-Encoded => GM => Encoded ] -> Onehot,GM,MLP-MultiHead,encoded,encoded,False,centroid,Onehot -> [ [FFN-SFT]-ENC => GM => ENC ] -> Onehot
Train - Original,0.5740416432040053,-1,0,0,12.043212652206421,-1,AmazonEmployeeAccess,XGBClassifier,80,onehot,onehot,Onehot -> [ MLP-MultiHead-Encoded => GM => Encoded ] -> Onehot,GM,MLP-MultiHead,encoded,encoded,False,centroid,Onehot -> [ [FFN-SFT]-ENC => GM => ENC ] -> Onehot
Val,0.5596660289962622,-1,0,0,12.043212652206421,-1,AmazonEmployeeAccess,XGBClassifier,80,onehot,onehot,Onehot -> [ MLP-MultiHead-Encoded => GM => Encoded ] -> Onehot,GM,MLP-MultiHead,encoded,encoded,False,centroid,Onehot -> [ [FFN-SFT]-ENC => GM => ENC ] -> Onehot
Test,0.5542117007050124,-1,0,0,12.043212652206421,-1,AmazonEmployeeAccess,XGBClassifier,80,onehot,onehot,Onehot -> [ MLP-MultiHead-Encoded => GM => Encoded ] -> Onehot,GM,MLP-MultiHead,encoded,encoded,False,centroid,Onehot -> [ [FFN-SFT]-ENC => GM => ENC ] -> Onehot
Train,1.0,-1,0,0,13.135159730911255,-1,AmazonEmployeeAccess,XGBClassifier,80,onehot,onehot,Onehot -> [ MLP-MultiHead-Encoded => GM => Decoded ] -> Onehot,GM,MLP-MultiHead,encoded,decoded,False,centroid,Onehot -> [ [FFN-SFT]-ENC => GM => DEC ] -> Onehot
Train - Original,0.5176466509257762,-1,0,0,13.135159730911255,-1,AmazonEmployeeAccess,XGBClassifier,80,onehot,onehot,Onehot -> [ MLP-MultiHead-Encoded => GM => Decoded ] -> Onehot,GM,MLP-MultiHead,encoded,decoded,False,centroid,Onehot -> [ [FFN-SFT]-ENC => GM => DEC ] -> Onehot
Val,0.5384636147700281,-1,0,0,13.135159730911255,-1,AmazonEmployeeAccess,XGBClassifier,80,onehot,onehot,Onehot -> [ MLP-MultiHead-Encoded => GM => Decoded ] -> Onehot,GM,MLP-MultiHead,encoded,decoded,False,centroid,Onehot -> [ [FFN-SFT]-ENC => GM => DEC ] -> Onehot
Test,0.518335246451261,-1,0,0,13.135159730911255,-1,AmazonEmployeeAccess,XGBClassifier,80,onehot,onehot,Onehot -> [ MLP-MultiHead-Encoded => GM => Decoded ] -> Onehot,GM,MLP-MultiHead,encoded,decoded,False,centroid,Onehot -> [ [FFN-SFT]-ENC => GM => DEC ] -> Onehot
Train,1.0,-1,0,0,12.220440864562988,-1,AmazonEmployeeAccess,XGBClassifier,80,onehot,onehot,Onehot -> [ MLP-MultiHead-Encoded => GM => Decoded-Binary ] -> Onehot,GM,MLP-MultiHead,encoded,decoded,True,centroid,Onehot -> [ [FFN-SFT]-ENC => GM => DEC-BIN ] -> Onehot
Train - Original,0.553226243706896,-1,0,0,12.220440864562988,-1,AmazonEmployeeAccess,XGBClassifier,80,onehot,onehot,Onehot -> [ MLP-MultiHead-Encoded => GM => Decoded-Binary ] -> Onehot,GM,MLP-MultiHead,encoded,decoded,True,centroid,Onehot -> [ [FFN-SFT]-ENC => GM => DEC-BIN ] -> Onehot
Val,0.556118670563654,-1,0,0,12.220440864562988,-1,AmazonEmployeeAccess,XGBClassifier,80,onehot,onehot,Onehot -> [ MLP-MultiHead-Encoded => GM => Decoded-Binary ] -> Onehot,GM,MLP-MultiHead,encoded,decoded,True,centroid,Onehot -> [ [FFN-SFT]-ENC => GM => DEC-BIN ] -> Onehot
Test,0.5493796573056481,-1,0,0,12.220440864562988,-1,AmazonEmployeeAccess,XGBClassifier,80,onehot,onehot,Onehot -> [ MLP-MultiHead-Encoded => GM => Decoded-Binary ] -> Onehot,GM,MLP-MultiHead,encoded,decoded,True,centroid,Onehot -> [ [FFN-SFT]-ENC => GM => DEC-BIN ] -> Onehot
Train,1.0,-1,0,0,11.859174251556396,-1,AmazonEmployeeAccess,XGBClassifier,80,onehot,onehot,Onehot -> [ MLP-MultiHead-Encoded => GM => Encoded ] -> Onehot,GM,MLP-MultiHead,encoded,encoded,False,centroid,Onehot -> [ [FFN-SFT]-ENC => GM => ENC ] -> Onehot
Train - Original,0.5670036462369608,-1,0,0,11.859174251556396,-1,AmazonEmployeeAccess,XGBClassifier,80,onehot,onehot,Onehot -> [ MLP-MultiHead-Encoded => GM => Encoded ] -> Onehot,GM,MLP-MultiHead,encoded,encoded,False,centroid,Onehot -> [ [FFN-SFT]-ENC => GM => ENC ] -> Onehot
Val,0.540209351553067,-1,0,0,11.859174251556396,-1,AmazonEmployeeAccess,XGBClassifier,80,onehot,onehot,Onehot -> [ MLP-MultiHead-Encoded => GM => Encoded ] -> Onehot,GM,MLP-MultiHead,encoded,encoded,False,centroid,Onehot -> [ [FFN-SFT]-ENC => GM => ENC ] -> Onehot
Test,0.547410850598749,-1,0,0,11.859174251556396,-1,AmazonEmployeeAccess,XGBClassifier,80,onehot,onehot,Onehot -> [ MLP-MultiHead-Encoded => GM => Encoded ] -> Onehot,GM,MLP-MultiHead,encoded,encoded,False,centroid,Onehot -> [ [FFN-SFT]-ENC => GM => ENC ] -> Onehot
Train,1.0,-1,0,0,15.629876613616943,-1,AmazonEmployeeAccess,XGBClassifier,80,onehot,onehot,Onehot -> [ MLP-MultiHead-Encoded => GM => Decoded ] -> Onehot,GM,MLP-MultiHead,encoded,decoded,False,centroid,Onehot -> [ [FFN-SFT]-ENC => GM => DEC ] -> Onehot
Train - Original,0.5005573892051315,-1,0,0,15.629876613616943,-1,AmazonEmployeeAccess,XGBClassifier,80,onehot,onehot,Onehot -> [ MLP-MultiHead-Encoded => GM => Decoded ] -> Onehot,GM,MLP-MultiHead,encoded,decoded,False,centroid,Onehot -> [ [FFN-SFT]-ENC => GM => DEC ] -> Onehot
Val,0.500896819048604,-1,0,0,15.629876613616943,-1,AmazonEmployeeAccess,XGBClassifier,80,onehot,onehot,Onehot -> [ MLP-MultiHead-Encoded => GM => Decoded ] -> Onehot,GM,MLP-MultiHead,encoded,decoded,False,centroid,Onehot -> [ [FFN-SFT]-ENC => GM => DEC ] -> Onehot
Test,0.502537059556687,-1,0,0,15.629876613616943,-1,AmazonEmployeeAccess,XGBClassifier,80,onehot,onehot,Onehot -> [ MLP-MultiHead-Encoded => GM => Decoded ] -> Onehot,GM,MLP-MultiHead,encoded,decoded,False,centroid,Onehot -> [ [FFN-SFT]-ENC => GM => DEC ] -> Onehot
Train,0.9875,-1,0,0,17.705089569091797,-1,AmazonEmployeeAccess,XGBClassifier,80,onehot,onehot,Onehot -> [ MLP-MultiHead-Encoded => GM => Decoded-Binary ] -> Onehot,GM,MLP-MultiHead,encoded,decoded,True,centroid,Onehot -> [ [FFN-SFT]-ENC => GM => DEC-BIN ] -> Onehot
Train - Original,0.5824699422400383,-1,0,0,17.705089569091797,-1,AmazonEmployeeAccess,XGBClassifier,80,onehot,onehot,Onehot -> [ MLP-MultiHead-Encoded => GM => Decoded-Binary ] -> Onehot,GM,MLP-MultiHead,encoded,decoded,True,centroid,Onehot -> [ [FFN-SFT]-ENC => GM => DEC-BIN ] -> Onehot
Val,0.5814181678279567,-1,0,0,17.705089569091797,-1,AmazonEmployeeAccess,XGBClassifier,80,onehot,onehot,Onehot -> [ MLP-MultiHead-Encoded => GM => Decoded-Binary ] -> Onehot,GM,MLP-MultiHead,encoded,decoded,True,centroid,Onehot -> [ [FFN-SFT]-ENC => GM => DEC-BIN ] -> Onehot
Test,0.5574249811529471,-1,0,0,17.705089569091797,-1,AmazonEmployeeAccess,XGBClassifier,80,onehot,onehot,Onehot -> [ MLP-MultiHead-Encoded => GM => Decoded-Binary ] -> Onehot,GM,MLP-MultiHead,encoded,decoded,True,centroid,Onehot -> [ [FFN-SFT]-ENC => GM => DEC-BIN ] -> Onehot
Train,1.0,-1,0,0,15.238342523574829,-1,AmazonEmployeeAccess,XGBClassifier,80,onehot,onehot,Onehot -> [ MLP-MultiHead-Encoded => GM => Encoded ] -> Onehot,GM,MLP-MultiHead,encoded,encoded,False,centroid,Onehot -> [ [FFN-SFT]-ENC => GM => ENC ] -> Onehot
Train - Original,0.5637826642061072,-1,0,0,15.238342523574829,-1,AmazonEmployeeAccess,XGBClassifier,80,onehot,onehot,Onehot -> [ MLP-MultiHead-Encoded => GM => Encoded ] -> Onehot,GM,MLP-MultiHead,encoded,encoded,False,centroid,Onehot -> [ [FFN-SFT]-ENC => GM => ENC ] -> Onehot
Val,0.5708859614173922,-1,0,0,15.238342523574829,-1,AmazonEmployeeAccess,XGBClassifier,80,onehot,onehot,Onehot -> [ MLP-MultiHead-Encoded => GM => Encoded ] -> Onehot,GM,MLP-MultiHead,encoded,encoded,False,centroid,Onehot -> [ [FFN-SFT]-ENC => GM => ENC ] -> Onehot
Test,0.5567495179321658,-1,0,0,15.238342523574829,-1,AmazonEmployeeAccess,XGBClassifier,80,onehot,onehot,Onehot -> [ MLP-MultiHead-Encoded => GM => Encoded ] -> Onehot,GM,MLP-MultiHead,encoded,encoded,False,centroid,Onehot -> [ [FFN-SFT]-ENC => GM => ENC ] -> Onehot
Train,1.0,-1,0,0,25.790202140808105,-1,AmazonEmployeeAccess,XGBClassifier,90,onehot,onehot,Onehot -> [ GM => Original ] -> Onehot,GM,N/A,original,original,False,centroid,Onehot -> [ GM => ORI ] -> Onehot
Train - Original,0.5494675253536125,-1,0,0,25.790202140808105,-1,AmazonEmployeeAccess,XGBClassifier,90,onehot,onehot,Onehot -> [ GM => Original ] -> Onehot,GM,N/A,original,original,False,centroid,Onehot -> [ GM => ORI ] -> Onehot
Val,0.5303998467157947,-1,0,0,25.790202140808105,-1,AmazonEmployeeAccess,XGBClassifier,90,onehot,onehot,Onehot -> [ GM => Original ] -> Onehot,GM,N/A,original,original,False,centroid,Onehot -> [ GM => ORI ] -> Onehot
Test,0.5429561270916441,-1,0,0,25.790202140808105,-1,AmazonEmployeeAccess,XGBClassifier,90,onehot,onehot,Onehot -> [ GM => Original ] -> Onehot,GM,N/A,original,original,False,centroid,Onehot -> [ GM => ORI ] -> Onehot
Train,1.0,-1,0,0,20.5885591506958,-1,AmazonEmployeeAccess,XGBClassifier,90,onehot,onehot,Onehot -> [ GM => Original ] -> Onehot,GM,N/A,original,original,False,centroid,Onehot -> [ GM => ORI ] -> Onehot
Train - Original,0.5727292906006256,-1,0,0,20.5885591506958,-1,AmazonEmployeeAccess,XGBClassifier,90,onehot,onehot,Onehot -> [ GM => Original ] -> Onehot,GM,N/A,original,original,False,centroid,Onehot -> [ GM => ORI ] -> Onehot
Val,0.5455016864303941,-1,0,0,20.5885591506958,-1,AmazonEmployeeAccess,XGBClassifier,90,onehot,onehot,Onehot -> [ GM => Original ] -> Onehot,GM,N/A,original,original,False,centroid,Onehot -> [ GM => ORI ] -> Onehot
Test,0.579828160338224,-1,0,0,20.5885591506958,-1,AmazonEmployeeAccess,XGBClassifier,90,onehot,onehot,Onehot -> [ GM => Original ] -> Onehot,GM,N/A,original,original,False,centroid,Onehot -> [ GM => ORI ] -> Onehot
Train,0.9944444444444445,-1,0,0,12.52835464477539,-1,AmazonEmployeeAccess,XGBClassifier,90,onehot,onehot,Onehot -> [ GM => Original ] -> Onehot,GM,N/A,original,original,False,centroid,Onehot -> [ GM => ORI ] -> Onehot
Train - Original,0.5797058548864593,-1,0,0,12.52835464477539,-1,AmazonEmployeeAccess,XGBClassifier,90,onehot,onehot,Onehot -> [ GM => Original ] -> Onehot,GM,N/A,original,original,False,centroid,Onehot -> [ GM => ORI ] -> Onehot
Val,0.5689250488897539,-1,0,0,12.52835464477539,-1,AmazonEmployeeAccess,XGBClassifier,90,onehot,onehot,Onehot -> [ GM => Original ] -> Onehot,GM,N/A,original,original,False,centroid,Onehot -> [ GM => ORI ] -> Onehot
Test,0.5765595699462434,-1,0,0,12.52835464477539,-1,AmazonEmployeeAccess,XGBClassifier,90,onehot,onehot,Onehot -> [ GM => Original ] -> Onehot,GM,N/A,original,original,False,centroid,Onehot -> [ GM => ORI ] -> Onehot
Train,1.0,-1,0,0,12.810033798217773,-1,AmazonEmployeeAccess,XGBClassifier,90,onehot,onehot,Onehot -> [ GM => Original ] -> Onehot,GM,N/A,original,original,False,centroid,Onehot -> [ GM => ORI ] -> Onehot
Train - Original,0.5586233643505071,-1,0,0,12.810033798217773,-1,AmazonEmployeeAccess,XGBClassifier,90,onehot,onehot,Onehot -> [ GM => Original ] -> Onehot,GM,N/A,original,original,False,centroid,Onehot -> [ GM => ORI ] -> Onehot
Val,0.5639566181368062,-1,0,0,12.810033798217773,-1,AmazonEmployeeAccess,XGBClassifier,90,onehot,onehot,Onehot -> [ GM => Original ] -> Onehot,GM,N/A,original,original,False,centroid,Onehot -> [ GM => ORI ] -> Onehot
Test,0.5682721703849345,-1,0,0,12.810033798217773,-1,AmazonEmployeeAccess,XGBClassifier,90,onehot,onehot,Onehot -> [ GM => Original ] -> Onehot,GM,N/A,original,original,False,centroid,Onehot -> [ GM => ORI ] -> Onehot
Train,0.9833333333333334,-1,0,0,17.374522924423218,-1,AmazonEmployeeAccess,XGBClassifier,90,onehot,onehot,Onehot -> [ GM => Original ] -> Onehot,GM,N/A,original,original,False,centroid,Onehot -> [ GM => ORI ] -> Onehot
Train - Original,0.5865862454909876,-1,0,0,17.374522924423218,-1,AmazonEmployeeAccess,XGBClassifier,90,onehot,onehot,Onehot -> [ GM => Original ] -> Onehot,GM,N/A,original,original,False,centroid,Onehot -> [ GM => ORI ] -> Onehot
Val,0.6002357809130751,-1,0,0,17.374522924423218,-1,AmazonEmployeeAccess,XGBClassifier,90,onehot,onehot,Onehot -> [ GM => Original ] -> Onehot,GM,N/A,original,original,False,centroid,Onehot -> [ GM => ORI ] -> Onehot
Test,0.5583152439509484,-1,0,0,17.374522924423218,-1,AmazonEmployeeAccess,XGBClassifier,90,onehot,onehot,Onehot -> [ GM => Original ] -> Onehot,GM,N/A,original,original,False,centroid,Onehot -> [ GM => ORI ] -> Onehot
Train,1.0,-1,0,0,12.196542263031006,-1,AmazonEmployeeAccess,XGBClassifier,90,onehot,onehot,Onehot -> [ MLP-MultiHead-Encoded => GM => Decoded ] -> Onehot,GM,MLP-MultiHead,encoded,decoded,False,centroid,Onehot -> [ [FFN-SFT]-ENC => GM => DEC ] -> Onehot
Train - Original,0.5032033850348177,-1,0,0,12.196542263031006,-1,AmazonEmployeeAccess,XGBClassifier,90,onehot,onehot,Onehot -> [ MLP-MultiHead-Encoded => GM => Decoded ] -> Onehot,GM,MLP-MultiHead,encoded,decoded,False,centroid,Onehot -> [ [FFN-SFT]-ENC => GM => DEC ] -> Onehot
Val,0.5091841265689582,-1,0,0,12.196542263031006,-1,AmazonEmployeeAccess,XGBClassifier,90,onehot,onehot,Onehot -> [ MLP-MultiHead-Encoded => GM => Decoded ] -> Onehot,GM,MLP-MultiHead,encoded,decoded,False,centroid,Onehot -> [ [FFN-SFT]-ENC => GM => DEC ] -> Onehot
Test,0.5090412816753609,-1,0,0,12.196542263031006,-1,AmazonEmployeeAccess,XGBClassifier,90,onehot,onehot,Onehot -> [ MLP-MultiHead-Encoded => GM => Decoded ] -> Onehot,GM,MLP-MultiHead,encoded,decoded,False,centroid,Onehot -> [ [FFN-SFT]-ENC => GM => DEC ] -> Onehot
Train,1.0,-1,0,0,12.853069305419922,-1,AmazonEmployeeAccess,XGBClassifier,90,onehot,onehot,Onehot -> [ MLP-MultiHead-Encoded => GM => Decoded-Binary ] -> Onehot,GM,MLP-MultiHead,encoded,decoded,True,centroid,Onehot -> [ [FFN-SFT]-ENC => GM => DEC-BIN ] -> Onehot
Train - Original,0.5455425937902466,-1,0,0,12.853069305419922,-1,AmazonEmployeeAccess,XGBClassifier,90,onehot,onehot,Onehot -> [ MLP-MultiHead-Encoded => GM => Decoded-Binary ] -> Onehot,GM,MLP-MultiHead,encoded,decoded,True,centroid,Onehot -> [ [FFN-SFT]-ENC => GM => DEC-BIN ] -> Onehot
Val,0.5302257292404828,-1,0,0,12.853069305419922,-1,AmazonEmployeeAccess,XGBClassifier,90,onehot,onehot,Onehot -> [ MLP-MultiHead-Encoded => GM => Decoded-Binary ] -> Onehot,GM,MLP-MultiHead,encoded,decoded,True,centroid,Onehot -> [ [FFN-SFT]-ENC => GM => DEC-BIN ] -> Onehot
Test,0.5378278345399234,-1,0,0,12.853069305419922,-1,AmazonEmployeeAccess,XGBClassifier,90,onehot,onehot,Onehot -> [ MLP-MultiHead-Encoded => GM => Decoded-Binary ] -> Onehot,GM,MLP-MultiHead,encoded,decoded,True,centroid,Onehot -> [ [FFN-SFT]-ENC => GM => DEC-BIN ] -> Onehot
Train,1.0,-1,0,0,12.11836862564087,-1,AmazonEmployeeAccess,XGBClassifier,90,onehot,onehot,Onehot -> [ MLP-MultiHead-Encoded => GM => Encoded ] -> Onehot,GM,MLP-MultiHead,encoded,encoded,False,centroid,Onehot -> [ [FFN-SFT]-ENC => GM => ENC ] -> Onehot
Train - Original,0.5541878411378043,-1,0,0,12.11836862564087,-1,AmazonEmployeeAccess,XGBClassifier,90,onehot,onehot,Onehot -> [ MLP-MultiHead-Encoded => GM => Encoded ] -> Onehot,GM,MLP-MultiHead,encoded,encoded,False,centroid,Onehot -> [ [FFN-SFT]-ENC => GM => ENC ] -> Onehot
Val,0.5348265364156435,-1,0,0,12.11836862564087,-1,AmazonEmployeeAccess,XGBClassifier,90,onehot,onehot,Onehot -> [ MLP-MultiHead-Encoded => GM => Encoded ] -> Onehot,GM,MLP-MultiHead,encoded,encoded,False,centroid,Onehot -> [ [FFN-SFT]-ENC => GM => ENC ] -> Onehot
Test,0.5580436190887497,-1,0,0,12.11836862564087,-1,AmazonEmployeeAccess,XGBClassifier,90,onehot,onehot,Onehot -> [ MLP-MultiHead-Encoded => GM => Encoded ] -> Onehot,GM,MLP-MultiHead,encoded,encoded,False,centroid,Onehot -> [ [FFN-SFT]-ENC => GM => ENC ] -> Onehot
Train,1.0,-1,0,0,12.83413314819336,-1,AmazonEmployeeAccess,XGBClassifier,90,onehot,onehot,Onehot -> [ MLP-MultiHead-Encoded => GM => Decoded ] -> Onehot,GM,MLP-MultiHead,encoded,decoded,False,centroid,Onehot -> [ [FFN-SFT]-ENC => GM => DEC ] -> Onehot
Train - Original,0.5,-1,0,0,12.83413314819336,-1,AmazonEmployeeAccess,XGBClassifier,90,onehot,onehot,Onehot -> [ MLP-MultiHead-Encoded => GM => Decoded ] -> Onehot,GM,MLP-MultiHead,encoded,decoded,False,centroid,Onehot -> [ [FFN-SFT]-ENC => GM => DEC ] -> Onehot
Val,0.5,-1,0,0,12.83413314819336,-1,AmazonEmployeeAccess,XGBClassifier,90,onehot,onehot,Onehot -> [ MLP-MultiHead-Encoded => GM => Decoded ] -> Onehot,GM,MLP-MultiHead,encoded,decoded,False,centroid,Onehot -> [ [FFN-SFT]-ENC => GM => DEC ] -> Onehot
Test,0.5,-1,0,0,12.83413314819336,-1,AmazonEmployeeAccess,XGBClassifier,90,onehot,onehot,Onehot -> [ MLP-MultiHead-Encoded => GM => Decoded ] -> Onehot,GM,MLP-MultiHead,encoded,decoded,False,centroid,Onehot -> [ [FFN-SFT]-ENC => GM => DEC ] -> Onehot
Train,1.0,-1,0,0,13.130182981491089,-1,AmazonEmployeeAccess,XGBClassifier,90,onehot,onehot,Onehot -> [ MLP-MultiHead-Encoded => GM => Decoded-Binary ] -> Onehot,GM,MLP-MultiHead,encoded,decoded,True,centroid,Onehot -> [ [FFN-SFT]-ENC => GM => DEC-BIN ] -> Onehot
Train - Original,0.568120759298183,-1,0,0,13.130182981491089,-1,AmazonEmployeeAccess,XGBClassifier,90,onehot,onehot,Onehot -> [ MLP-MultiHead-Encoded => GM => Decoded-Binary ] -> Onehot,GM,MLP-MultiHead,encoded,decoded,True,centroid,Onehot -> [ [FFN-SFT]-ENC => GM => DEC-BIN ] -> Onehot
Val,0.5600180656384866,-1,0,0,13.130182981491089,-1,AmazonEmployeeAccess,XGBClassifier,90,onehot,onehot,Onehot -> [ MLP-MultiHead-Encoded => GM => Decoded-Binary ] -> Onehot,GM,MLP-MultiHead,encoded,decoded,True,centroid,Onehot -> [ [FFN-SFT]-ENC => GM => DEC-BIN ] -> Onehot
Test,0.5790182106096595,-1,0,0,13.130182981491089,-1,AmazonEmployeeAccess,XGBClassifier,90,onehot,onehot,Onehot -> [ MLP-MultiHead-Encoded => GM => Decoded-Binary ] -> Onehot,GM,MLP-MultiHead,encoded,decoded,True,centroid,Onehot -> [ [FFN-SFT]-ENC => GM => DEC-BIN ] -> Onehot
Train,1.0,-1,0,0,12.26827883720398,-1,AmazonEmployeeAccess,XGBClassifier,90,onehot,onehot,Onehot -> [ MLP-MultiHead-Encoded => GM => Encoded ] -> Onehot,GM,MLP-MultiHead,encoded,encoded,False,centroid,Onehot -> [ [FFN-SFT]-ENC => GM => ENC ] -> Onehot
Train - Original,0.5429681358474157,-1,0,0,12.26827883720398,-1,AmazonEmployeeAccess,XGBClassifier,90,onehot,onehot,Onehot -> [ MLP-MultiHead-Encoded => GM => Encoded ] -> Onehot,GM,MLP-MultiHead,encoded,encoded,False,centroid,Onehot -> [ [FFN-SFT]-ENC => GM => ENC ] -> Onehot
Val,0.5132922345126687,-1,0,0,12.26827883720398,-1,AmazonEmployeeAccess,XGBClassifier,90,onehot,onehot,Onehot -> [ MLP-MultiHead-Encoded => GM => Encoded ] -> Onehot,GM,MLP-MultiHead,encoded,encoded,False,centroid,Onehot -> [ [FFN-SFT]-ENC => GM => ENC ] -> Onehot
Test,0.5441433967124678,-1,0,0,12.26827883720398,-1,AmazonEmployeeAccess,XGBClassifier,90,onehot,onehot,Onehot -> [ MLP-MultiHead-Encoded => GM => Encoded ] -> Onehot,GM,MLP-MultiHead,encoded,encoded,False,centroid,Onehot -> [ [FFN-SFT]-ENC => GM => ENC ] -> Onehot
Train,1.0,-1,0,0,12.420583724975586,-1,AmazonEmployeeAccess,XGBClassifier,90,onehot,onehot,Onehot -> [ MLP-MultiHead-Encoded => GM => Decoded ] -> Onehot,GM,MLP-MultiHead,encoded,decoded,False,centroid,Onehot -> [ [FFN-SFT]-ENC => GM => DEC ] -> Onehot
Train - Original,0.5,-1,0,0,12.420583724975586,-1,AmazonEmployeeAccess,XGBClassifier,90,onehot,onehot,Onehot -> [ MLP-MultiHead-Encoded => GM => Decoded ] -> Onehot,GM,MLP-MultiHead,encoded,decoded,False,centroid,Onehot -> [ [FFN-SFT]-ENC => GM => DEC ] -> Onehot
Val,0.5,-1,0,0,12.420583724975586,-1,AmazonEmployeeAccess,XGBClassifier,90,onehot,onehot,Onehot -> [ MLP-MultiHead-Encoded => GM => Decoded ] -> Onehot,GM,MLP-MultiHead,encoded,decoded,False,centroid,Onehot -> [ [FFN-SFT]-ENC => GM => DEC ] -> Onehot
Test,0.5,-1,0,0,12.420583724975586,-1,AmazonEmployeeAccess,XGBClassifier,90,onehot,onehot,Onehot -> [ MLP-MultiHead-Encoded => GM => Decoded ] -> Onehot,GM,MLP-MultiHead,encoded,decoded,False,centroid,Onehot -> [ [FFN-SFT]-ENC => GM => DEC ] -> Onehot
Train,0.9944444444444445,-1,0,0,24.987516403198242,-1,AmazonEmployeeAccess,XGBClassifier,90,onehot,onehot,Onehot -> [ MLP-MultiHead-Encoded => GM => Decoded-Binary ] -> Onehot,GM,MLP-MultiHead,encoded,decoded,True,centroid,Onehot -> [ [FFN-SFT]-ENC => GM => DEC-BIN ] -> Onehot
Train - Original,0.5867669892898759,-1,0,0,24.987516403198242,-1,AmazonEmployeeAccess,XGBClassifier,90,onehot,onehot,Onehot -> [ MLP-MultiHead-Encoded => GM => Decoded-Binary ] -> Onehot,GM,MLP-MultiHead,encoded,decoded,True,centroid,Onehot -> [ [FFN-SFT]-ENC => GM => DEC-BIN ] -> Onehot
Val,0.5653795913029462,-1,0,0,24.987516403198242,-1,AmazonEmployeeAccess,XGBClassifier,90,onehot,onehot,Onehot -> [ MLP-MultiHead-Encoded => GM => Decoded-Binary ] -> Onehot,GM,MLP-MultiHead,encoded,decoded,True,centroid,Onehot -> [ [FFN-SFT]-ENC => GM => DEC-BIN ] -> Onehot
Test,0.5654937927847041,-1,0,0,24.987516403198242,-1,AmazonEmployeeAccess,XGBClassifier,90,onehot,onehot,Onehot -> [ MLP-MultiHead-Encoded => GM => Decoded-Binary ] -> Onehot,GM,MLP-MultiHead,encoded,decoded,True,centroid,Onehot -> [ [FFN-SFT]-ENC => GM => DEC-BIN ] -> Onehot
Train,1.0,-1,0,0,11.854356288909912,-1,AmazonEmployeeAccess,XGBClassifier,90,onehot,onehot,Onehot -> [ MLP-MultiHead-Encoded => GM => Encoded ] -> Onehot,GM,MLP-MultiHead,encoded,encoded,False,centroid,Onehot -> [ [FFN-SFT]-ENC => GM => ENC ] -> Onehot
Train - Original,0.579036855427262,-1,0,0,11.854356288909912,-1,AmazonEmployeeAccess,XGBClassifier,90,onehot,onehot,Onehot -> [ MLP-MultiHead-Encoded => GM => Encoded ] -> Onehot,GM,MLP-MultiHead,encoded,encoded,False,centroid,Onehot -> [ [FFN-SFT]-ENC => GM => ENC ] -> Onehot
Val,0.57470476063029,-1,0,0,11.854356288909912,-1,AmazonEmployeeAccess,XGBClassifier,90,onehot,onehot,Onehot -> [ MLP-MultiHead-Encoded => GM => Encoded ] -> Onehot,GM,MLP-MultiHead,encoded,encoded,False,centroid,Onehot -> [ [FFN-SFT]-ENC => GM => ENC ] -> Onehot
Test,0.556424477302087,-1,0,0,11.854356288909912,-1,AmazonEmployeeAccess,XGBClassifier,90,onehot,onehot,Onehot -> [ MLP-MultiHead-Encoded => GM => Encoded ] -> Onehot,GM,MLP-MultiHead,encoded,encoded,False,centroid,Onehot -> [ [FFN-SFT]-ENC => GM => ENC ] -> Onehot
Train,1.0,-1,0,0,18.092710256576538,-1,AmazonEmployeeAccess,XGBClassifier,90,onehot,onehot,Onehot -> [ MLP-MultiHead-Encoded => GM => Decoded ] -> Onehot,GM,MLP-MultiHead,encoded,decoded,False,centroid,Onehot -> [ [FFN-SFT]-ENC => GM => DEC ] -> Onehot
Train - Original,0.5005552287818558,-1,0,0,18.092710256576538,-1,AmazonEmployeeAccess,XGBClassifier,90,onehot,onehot,Onehot -> [ MLP-MultiHead-Encoded => GM => Decoded ] -> Onehot,GM,MLP-MultiHead,encoded,decoded,False,centroid,Onehot -> [ [FFN-SFT]-ENC => GM => DEC ] -> Onehot
Val,0.4939868643951813,-1,0,0,18.092710256576538,-1,AmazonEmployeeAccess,XGBClassifier,90,onehot,onehot,Onehot -> [ MLP-MultiHead-Encoded => GM => Decoded ] -> Onehot,GM,MLP-MultiHead,encoded,decoded,False,centroid,Onehot -> [ [FFN-SFT]-ENC => GM => DEC ] -> Onehot
Test,0.5011061988809207,-1,0,0,18.092710256576538,-1,AmazonEmployeeAccess,XGBClassifier,90,onehot,onehot,Onehot -> [ MLP-MultiHead-Encoded => GM => Decoded ] -> Onehot,GM,MLP-MultiHead,encoded,decoded,False,centroid,Onehot -> [ [FFN-SFT]-ENC => GM => DEC ] -> Onehot
Train,1.0,-1,0,0,17.926743745803833,-1,AmazonEmployeeAccess,XGBClassifier,90,onehot,onehot,Onehot -> [ MLP-MultiHead-Encoded => GM => Decoded-Binary ] -> Onehot,GM,MLP-MultiHead,encoded,decoded,True,centroid,Onehot -> [ [FFN-SFT]-ENC => GM => DEC-BIN ] -> Onehot
Train - Original,0.5538739525431666,-1,0,0,17.926743745803833,-1,AmazonEmployeeAccess,XGBClassifier,90,onehot,onehot,Onehot -> [ MLP-MultiHead-Encoded => GM => Decoded-Binary ] -> Onehot,GM,MLP-MultiHead,encoded,decoded,True,centroid,Onehot -> [ [FFN-SFT]-ENC => GM => DEC-BIN ] -> Onehot
Val,0.5649701491175514,-1,0,0,17.926743745803833,-1,AmazonEmployeeAccess,XGBClassifier,90,onehot,onehot,Onehot -> [ MLP-MultiHead-Encoded => GM => Decoded-Binary ] -> Onehot,GM,MLP-MultiHead,encoded,decoded,True,centroid,Onehot -> [ [FFN-SFT]-ENC => GM => DEC-BIN ] -> Onehot
Test,0.568839286729023,-1,0,0,17.926743745803833,-1,AmazonEmployeeAccess,XGBClassifier,90,onehot,onehot,Onehot -> [ MLP-MultiHead-Encoded => GM => Decoded-Binary ] -> Onehot,GM,MLP-MultiHead,encoded,decoded,True,centroid,Onehot -> [ [FFN-SFT]-ENC => GM => DEC-BIN ] -> Onehot
Train,1.0,-1,0,0,15.307735443115234,-1,AmazonEmployeeAccess,XGBClassifier,90,onehot,onehot,Onehot -> [ MLP-MultiHead-Encoded => GM => Encoded ] -> Onehot,GM,MLP-MultiHead,encoded,encoded,False,centroid,Onehot -> [ [FFN-SFT]-ENC => GM => ENC ] -> Onehot
Train - Original,0.5746262119277665,-1,0,0,15.307735443115234,-1,AmazonEmployeeAccess,XGBClassifier,90,onehot,onehot,Onehot -> [ MLP-MultiHead-Encoded => GM => Encoded ] -> Onehot,GM,MLP-MultiHead,encoded,encoded,False,centroid,Onehot -> [ [FFN-SFT]-ENC => GM => ENC ] -> Onehot
Val,0.5452070553313402,-1,0,0,15.307735443115234,-1,AmazonEmployeeAccess,XGBClassifier,90,onehot,onehot,Onehot -> [ MLP-MultiHead-Encoded => GM => Encoded ] -> Onehot,GM,MLP-MultiHead,encoded,encoded,False,centroid,Onehot -> [ [FFN-SFT]-ENC => GM => ENC ] -> Onehot
Test,0.5537529312376168,-1,0,0,15.307735443115234,-1,AmazonEmployeeAccess,XGBClassifier,90,onehot,onehot,Onehot -> [ MLP-MultiHead-Encoded => GM => Encoded ] -> Onehot,GM,MLP-MultiHead,encoded,encoded,False,centroid,Onehot -> [ [FFN-SFT]-ENC => GM => ENC ] -> Onehot
Train,1.0,-1,0,0,19.704822540283203,-1,AmazonEmployeeAccess,XGBClassifier,90,onehot,onehot,Onehot -> [ MLP-MultiHead-Encoded => GM => Decoded ] -> Onehot,GM,MLP-MultiHead,encoded,decoded,False,centroid,Onehot -> [ [FFN-SFT]-ENC => GM => DEC ] -> Onehot
Train - Original,0.5103484623361563,-1,0,0,19.704822540283203,-1,AmazonEmployeeAccess,XGBClassifier,90,onehot,onehot,Onehot -> [ MLP-MultiHead-Encoded => GM => Decoded ] -> Onehot,GM,MLP-MultiHead,encoded,decoded,False,centroid,Onehot -> [ [FFN-SFT]-ENC => GM => DEC ] -> Onehot
Val,0.5238571354709992,-1,0,0,19.704822540283203,-1,AmazonEmployeeAccess,XGBClassifier,90,onehot,onehot,Onehot -> [ MLP-MultiHead-Encoded => GM => Decoded ] -> Onehot,GM,MLP-MultiHead,encoded,decoded,False,centroid,Onehot -> [ [FFN-SFT]-ENC => GM => DEC ] -> Onehot
Test,0.5280148654945505,-1,0,0,19.704822540283203,-1,AmazonEmployeeAccess,XGBClassifier,90,onehot,onehot,Onehot -> [ MLP-MultiHead-Encoded => GM => Decoded ] -> Onehot,GM,MLP-MultiHead,encoded,decoded,False,centroid,Onehot -> [ [FFN-SFT]-ENC => GM => DEC ] -> Onehot
Train,0.9833333333333334,-1,0,0,20.749796152114868,-1,AmazonEmployeeAccess,XGBClassifier,90,onehot,onehot,Onehot -> [ MLP-MultiHead-Encoded => GM => Decoded-Binary ] -> Onehot,GM,MLP-MultiHead,encoded,decoded,True,centroid,Onehot -> [ [FFN-SFT]-ENC => GM => DEC-BIN ] -> Onehot
Train - Original,0.58785246260377,-1,0,0,20.749796152114868,-1,AmazonEmployeeAccess,XGBClassifier,90,onehot,onehot,Onehot -> [ MLP-MultiHead-Encoded => GM => Decoded-Binary ] -> Onehot,GM,MLP-MultiHead,encoded,decoded,True,centroid,Onehot -> [ [FFN-SFT]-ENC => GM => DEC-BIN ] -> Onehot
Val,0.593268420716482,-1,0,0,20.749796152114868,-1,AmazonEmployeeAccess,XGBClassifier,90,onehot,onehot,Onehot -> [ MLP-MultiHead-Encoded => GM => Decoded-Binary ] -> Onehot,GM,MLP-MultiHead,encoded,decoded,True,centroid,Onehot -> [ [FFN-SFT]-ENC => GM => DEC-BIN ] -> Onehot
Test,0.547923793504491,-1,0,0,20.749796152114868,-1,AmazonEmployeeAccess,XGBClassifier,90,onehot,onehot,Onehot -> [ MLP-MultiHead-Encoded => GM => Decoded-Binary ] -> Onehot,GM,MLP-MultiHead,encoded,decoded,True,centroid,Onehot -> [ [FFN-SFT]-ENC => GM => DEC-BIN ] -> Onehot
Train,1.0,-1,0,0,20.624683618545532,-1,AmazonEmployeeAccess,XGBClassifier,90,onehot,onehot,Onehot -> [ MLP-MultiHead-Encoded => GM => Encoded ] -> Onehot,GM,MLP-MultiHead,encoded,encoded,False,centroid,Onehot -> [ [FFN-SFT]-ENC => GM => ENC ] -> Onehot
Train - Original,0.5655642816522917,-1,0,0,20.624683618545532,-1,AmazonEmployeeAccess,XGBClassifier,90,onehot,onehot,Onehot -> [ MLP-MultiHead-Encoded => GM => Encoded ] -> Onehot,GM,MLP-MultiHead,encoded,encoded,False,centroid,Onehot -> [ [FFN-SFT]-ENC => GM => ENC ] -> Onehot
Val,0.5793911058664664,-1,0,0,20.624683618545532,-1,AmazonEmployeeAccess,XGBClassifier,90,onehot,onehot,Onehot -> [ MLP-MultiHead-Encoded => GM => Encoded ] -> Onehot,GM,MLP-MultiHead,encoded,encoded,False,centroid,Onehot -> [ [FFN-SFT]-ENC => GM => ENC ] -> Onehot
Test,0.571486966173802,-1,0,0,20.624683618545532,-1,AmazonEmployeeAccess,XGBClassifier,90,onehot,onehot,Onehot -> [ MLP-MultiHead-Encoded => GM => Encoded ] -> Onehot,GM,MLP-MultiHead,encoded,encoded,False,centroid,Onehot -> [ [FFN-SFT]-ENC => GM => ENC ] -> Onehot
Train,1.0,-1,0,0,23.350796937942505,-1,AmazonEmployeeAccess,XGBClassifier,100,onehot,onehot,Onehot -> [ GM => Original ] -> Onehot,GM,N/A,original,original,False,centroid,Onehot -> [ GM => ORI ] -> Onehot
Train - Original,0.5478689166662021,-1,0,0,23.350796937942505,-1,AmazonEmployeeAccess,XGBClassifier,100,onehot,onehot,Onehot -> [ GM => Original ] -> Onehot,GM,N/A,original,original,False,centroid,Onehot -> [ GM => ORI ] -> Onehot
Val,0.5476066830696986,-1,0,0,23.350796937942505,-1,AmazonEmployeeAccess,XGBClassifier,100,onehot,onehot,Onehot -> [ GM => Original ] -> Onehot,GM,N/A,original,original,False,centroid,Onehot -> [ GM => ORI ] -> Onehot
Test,0.5462754814048726,-1,0,0,23.350796937942505,-1,AmazonEmployeeAccess,XGBClassifier,100,onehot,onehot,Onehot -> [ GM => Original ] -> Onehot,GM,N/A,original,original,False,centroid,Onehot -> [ GM => ORI ] -> Onehot
Train,1.0,-1,0,0,23.427347421646118,-1,AmazonEmployeeAccess,XGBClassifier,100,onehot,onehot,Onehot -> [ GM => Original ] -> Onehot,GM,N/A,original,original,False,centroid,Onehot -> [ GM => ORI ] -> Onehot
Train - Original,0.5743320110613672,-1,0,0,23.427347421646118,-1,AmazonEmployeeAccess,XGBClassifier,100,onehot,onehot,Onehot -> [ GM => Original ] -> Onehot,GM,N/A,original,original,False,centroid,Onehot -> [ GM => ORI ] -> Onehot
Val,0.5469957512294671,-1,0,0,23.427347421646118,-1,AmazonEmployeeAccess,XGBClassifier,100,onehot,onehot,Onehot -> [ GM => Original ] -> Onehot,GM,N/A,original,original,False,centroid,Onehot -> [ GM => ORI ] -> Onehot
Test,0.5894899741255536,-1,0,0,23.427347421646118,-1,AmazonEmployeeAccess,XGBClassifier,100,onehot,onehot,Onehot -> [ GM => Original ] -> Onehot,GM,N/A,original,original,False,centroid,Onehot -> [ GM => ORI ] -> Onehot
Train,0.99,-1,0,0,12.841638565063477,-1,AmazonEmployeeAccess,XGBClassifier,100,onehot,onehot,Onehot -> [ GM => Original ] -> Onehot,GM,N/A,original,original,False,centroid,Onehot -> [ GM => ORI ] -> Onehot
Train - Original,0.5830586575826675,-1,0,0,12.841638565063477,-1,AmazonEmployeeAccess,XGBClassifier,100,onehot,onehot,Onehot -> [ GM => Original ] -> Onehot,GM,N/A,original,original,False,centroid,Onehot -> [ GM => ORI ] -> Onehot
Val,0.563934188156362,-1,0,0,12.841638565063477,-1,AmazonEmployeeAccess,XGBClassifier,100,onehot,onehot,Onehot -> [ GM => Original ] -> Onehot,GM,N/A,original,original,False,centroid,Onehot -> [ GM => ORI ] -> Onehot
Test,0.5743464145139354,-1,0,0,12.841638565063477,-1,AmazonEmployeeAccess,XGBClassifier,100,onehot,onehot,Onehot -> [ GM => Original ] -> Onehot,GM,N/A,original,original,False,centroid,Onehot -> [ GM => ORI ] -> Onehot
Train,0.995,-1,0,0,13.413060188293457,-1,AmazonEmployeeAccess,XGBClassifier,100,onehot,onehot,Onehot -> [ GM => Original ] -> Onehot,GM,N/A,original,original,False,centroid,Onehot -> [ GM => ORI ] -> Onehot
Train - Original,0.5680803384756052,-1,0,0,13.413060188293457,-1,AmazonEmployeeAccess,XGBClassifier,100,onehot,onehot,Onehot -> [ GM => Original ] -> Onehot,GM,N/A,original,original,False,centroid,Onehot -> [ GM => ORI ] -> Onehot
Val,0.5775693352514135,-1,0,0,13.413060188293457,-1,AmazonEmployeeAccess,XGBClassifier,100,onehot,onehot,Onehot -> [ GM => Original ] -> Onehot,GM,N/A,original,original,False,centroid,Onehot -> [ GM => ORI ] -> Onehot
Test,0.5857360957998539,-1,0,0,13.413060188293457,-1,AmazonEmployeeAccess,XGBClassifier,100,onehot,onehot,Onehot -> [ GM => Original ] -> Onehot,GM,N/A,original,original,False,centroid,Onehot -> [ GM => ORI ] -> Onehot
Train,0.995,-1,0,0,15.88647723197937,-1,AmazonEmployeeAccess,XGBClassifier,100,onehot,onehot,Onehot -> [ GM => Original ] -> Onehot,GM,N/A,original,original,False,centroid,Onehot -> [ GM => ORI ] -> Onehot
Train - Original,0.5926713912568367,-1,0,0,15.88647723197937,-1,AmazonEmployeeAccess,XGBClassifier,100,onehot,onehot,Onehot -> [ GM => Original ] -> Onehot,GM,N/A,original,original,False,centroid,Onehot -> [ GM => ORI ] -> Onehot
Val,0.5900050486464457,-1,0,0,15.88647723197937,-1,AmazonEmployeeAccess,XGBClassifier,100,onehot,onehot,Onehot -> [ GM => Original ] -> Onehot,GM,N/A,original,original,False,centroid,Onehot -> [ GM => ORI ] -> Onehot
Test,0.5684373425466063,-1,0,0,15.88647723197937,-1,AmazonEmployeeAccess,XGBClassifier,100,onehot,onehot,Onehot -> [ GM => Original ] -> Onehot,GM,N/A,original,original,False,centroid,Onehot -> [ GM => ORI ] -> Onehot
Train,1.0,-1,0,0,12.750925779342651,-1,AmazonEmployeeAccess,XGBClassifier,100,onehot,onehot,Onehot -> [ MLP-MultiHead-Encoded => GM => Decoded ] -> Onehot,GM,MLP-MultiHead,encoded,decoded,False,centroid,Onehot -> [ [FFN-SFT]-ENC => GM => DEC ] -> Onehot
Train - Original,0.503390610103533,-1,0,0,12.750925779342651,-1,AmazonEmployeeAccess,XGBClassifier,100,onehot,onehot,Onehot -> [ MLP-MultiHead-Encoded => GM => Decoded ] -> Onehot,GM,MLP-MultiHead,encoded,decoded,False,centroid,Onehot -> [ [FFN-SFT]-ENC => GM => DEC ] -> Onehot
Val,0.503836286994261,-1,0,0,12.750925779342651,-1,AmazonEmployeeAccess,XGBClassifier,100,onehot,onehot,Onehot -> [ MLP-MultiHead-Encoded => GM => Decoded ] -> Onehot,GM,MLP-MultiHead,encoded,decoded,False,centroid,Onehot -> [ [FFN-SFT]-ENC => GM => DEC ] -> Onehot
Test,0.49649084923494224,-1,0,0,12.750925779342651,-1,AmazonEmployeeAccess,XGBClassifier,100,onehot,onehot,Onehot -> [ MLP-MultiHead-Encoded => GM => Decoded ] -> Onehot,GM,MLP-MultiHead,encoded,decoded,False,centroid,Onehot -> [ [FFN-SFT]-ENC => GM => DEC ] -> Onehot
Train,1.0,-1,0,0,12.101849555969238,-1,AmazonEmployeeAccess,XGBClassifier,100,onehot,onehot,Onehot -> [ MLP-MultiHead-Encoded => GM => Decoded-Binary ] -> Onehot,GM,MLP-MultiHead,encoded,decoded,True,centroid,Onehot -> [ [FFN-SFT]-ENC => GM => DEC-BIN ] -> Onehot
Train - Original,0.5482959138729838,-1,0,0,12.101849555969238,-1,AmazonEmployeeAccess,XGBClassifier,100,onehot,onehot,Onehot -> [ MLP-MultiHead-Encoded => GM => Decoded-Binary ] -> Onehot,GM,MLP-MultiHead,encoded,decoded,True,centroid,Onehot -> [ [FFN-SFT]-ENC => GM => DEC-BIN ] -> Onehot
Val,0.53891183420975,-1,0,0,12.101849555969238,-1,AmazonEmployeeAccess,XGBClassifier,100,onehot,onehot,Onehot -> [ MLP-MultiHead-Encoded => GM => Decoded-Binary ] -> Onehot,GM,MLP-MultiHead,encoded,decoded,True,centroid,Onehot -> [ [FFN-SFT]-ENC => GM => DEC-BIN ] -> Onehot
Test,0.545654949292904,-1,0,0,12.101849555969238,-1,AmazonEmployeeAccess,XGBClassifier,100,onehot,onehot,Onehot -> [ MLP-MultiHead-Encoded => GM => Decoded-Binary ] -> Onehot,GM,MLP-MultiHead,encoded,decoded,True,centroid,Onehot -> [ [FFN-SFT]-ENC => GM => DEC-BIN ] -> Onehot
Train,1.0,-1,0,0,12.648254632949829,-1,AmazonEmployeeAccess,XGBClassifier,100,onehot,onehot,Onehot -> [ MLP-MultiHead-Encoded => GM => Encoded ] -> Onehot,GM,MLP-MultiHead,encoded,encoded,False,centroid,Onehot -> [ [FFN-SFT]-ENC => GM => ENC ] -> Onehot
Train - Original,0.5525996861114053,-1,0,0,12.648254632949829,-1,AmazonEmployeeAccess,XGBClassifier,100,onehot,onehot,Onehot -> [ MLP-MultiHead-Encoded => GM => Encoded ] -> Onehot,GM,MLP-MultiHead,encoded,encoded,False,centroid,Onehot -> [ [FFN-SFT]-ENC => GM => ENC ] -> Onehot
Val,0.5353663766229422,-1,0,0,12.648254632949829,-1,AmazonEmployeeAccess,XGBClassifier,100,onehot,onehot,Onehot -> [ MLP-MultiHead-Encoded => GM => Encoded ] -> Onehot,GM,MLP-MultiHead,encoded,encoded,False,centroid,Onehot -> [ [FFN-SFT]-ENC => GM => ENC ] -> Onehot
Test,0.5515393969700758,-1,0,0,12.648254632949829,-1,AmazonEmployeeAccess,XGBClassifier,100,onehot,onehot,Onehot -> [ MLP-MultiHead-Encoded => GM => Encoded ] -> Onehot,GM,MLP-MultiHead,encoded,encoded,False,centroid,Onehot -> [ [FFN-SFT]-ENC => GM => ENC ] -> Onehot
Train,1.0,-1,0,0,22.34397840499878,-1,AmazonEmployeeAccess,XGBClassifier,100,onehot,onehot,Onehot -> [ MLP-MultiHead-Encoded => GM => Decoded ] -> Onehot,GM,MLP-MultiHead,encoded,decoded,False,centroid,Onehot -> [ [FFN-SFT]-ENC => GM => DEC ] -> Onehot
Train - Original,0.5,-1,0,0,22.34397840499878,-1,AmazonEmployeeAccess,XGBClassifier,100,onehot,onehot,Onehot -> [ MLP-MultiHead-Encoded => GM => Decoded ] -> Onehot,GM,MLP-MultiHead,encoded,decoded,False,centroid,Onehot -> [ [FFN-SFT]-ENC => GM => DEC ] -> Onehot
Val,0.5,-1,0,0,22.34397840499878,-1,AmazonEmployeeAccess,XGBClassifier,100,onehot,onehot,Onehot -> [ MLP-MultiHead-Encoded => GM => Decoded ] -> Onehot,GM,MLP-MultiHead,encoded,decoded,False,centroid,Onehot -> [ [FFN-SFT]-ENC => GM => DEC ] -> Onehot
Test,0.5,-1,0,0,22.34397840499878,-1,AmazonEmployeeAccess,XGBClassifier,100,onehot,onehot,Onehot -> [ MLP-MultiHead-Encoded => GM => Decoded ] -> Onehot,GM,MLP-MultiHead,encoded,decoded,False,centroid,Onehot -> [ [FFN-SFT]-ENC => GM => DEC ] -> Onehot
Train,1.0,-1,0,0,23.171550035476685,-1,AmazonEmployeeAccess,XGBClassifier,100,onehot,onehot,Onehot -> [ MLP-MultiHead-Encoded => GM => Decoded-Binary ] -> Onehot,GM,MLP-MultiHead,encoded,decoded,True,centroid,Onehot -> [ [FFN-SFT]-ENC => GM => DEC-BIN ] -> Onehot
Train - Original,0.5726598434459726,-1,0,0,23.171550035476685,-1,AmazonEmployeeAccess,XGBClassifier,100,onehot,onehot,Onehot -> [ MLP-MultiHead-Encoded => GM => Decoded-Binary ] -> Onehot,GM,MLP-MultiHead,encoded,decoded,True,centroid,Onehot -> [ [FFN-SFT]-ENC => GM => DEC-BIN ] -> Onehot
Val,0.5576758434432985,-1,0,0,23.171550035476685,-1,AmazonEmployeeAccess,XGBClassifier,100,onehot,onehot,Onehot -> [ MLP-MultiHead-Encoded => GM => Decoded-Binary ] -> Onehot,GM,MLP-MultiHead,encoded,decoded,True,centroid,Onehot -> [ [FFN-SFT]-ENC => GM => DEC-BIN ] -> Onehot
Test,0.5872499213916891,-1,0,0,23.171550035476685,-1,AmazonEmployeeAccess,XGBClassifier,100,onehot,onehot,Onehot -> [ MLP-MultiHead-Encoded => GM => Decoded-Binary ] -> Onehot,GM,MLP-MultiHead,encoded,decoded,True,centroid,Onehot -> [ [FFN-SFT]-ENC => GM => DEC-BIN ] -> Onehot
Train,1.0,-1,0,0,18.965856552124023,-1,AmazonEmployeeAccess,XGBClassifier,100,onehot,onehot,Onehot -> [ MLP-MultiHead-Encoded => GM => Encoded ] -> Onehot,GM,MLP-MultiHead,encoded,encoded,False,centroid,Onehot -> [ [FFN-SFT]-ENC => GM => ENC ] -> Onehot
Train - Original,0.5435506486845113,-1,0,0,18.965856552124023,-1,AmazonEmployeeAccess,XGBClassifier,100,onehot,onehot,Onehot -> [ MLP-MultiHead-Encoded => GM => Encoded ] -> Onehot,GM,MLP-MultiHead,encoded,encoded,False,centroid,Onehot -> [ [FFN-SFT]-ENC => GM => ENC ] -> Onehot
Val,0.5216213606406306,-1,0,0,18.965856552124023,-1,AmazonEmployeeAccess,XGBClassifier,100,onehot,onehot,Onehot -> [ MLP-MultiHead-Encoded => GM => Encoded ] -> Onehot,GM,MLP-MultiHead,encoded,encoded,False,centroid,Onehot -> [ [FFN-SFT]-ENC => GM => ENC ] -> Onehot
Test,0.5389340334208443,-1,0,0,18.965856552124023,-1,AmazonEmployeeAccess,XGBClassifier,100,onehot,onehot,Onehot -> [ MLP-MultiHead-Encoded => GM => Encoded ] -> Onehot,GM,MLP-MultiHead,encoded,encoded,False,centroid,Onehot -> [ [FFN-SFT]-ENC => GM => ENC ] -> Onehot
Train,1.0,-1,0,0,15.791179180145264,-1,AmazonEmployeeAccess,XGBClassifier,100,onehot,onehot,Onehot -> [ MLP-MultiHead-Encoded => GM => Decoded ] -> Onehot,GM,MLP-MultiHead,encoded,decoded,False,centroid,Onehot -> [ [FFN-SFT]-ENC => GM => DEC ] -> Onehot
Train - Original,0.5094987190780708,-1,0,0,15.791179180145264,-1,AmazonEmployeeAccess,XGBClassifier,100,onehot,onehot,Onehot -> [ MLP-MultiHead-Encoded => GM => Decoded ] -> Onehot,GM,MLP-MultiHead,encoded,decoded,False,centroid,Onehot -> [ [FFN-SFT]-ENC => GM => DEC ] -> Onehot
Val,0.5169228499913321,-1,0,0,15.791179180145264,-1,AmazonEmployeeAccess,XGBClassifier,100,onehot,onehot,Onehot -> [ MLP-MultiHead-Encoded => GM => Decoded ] -> Onehot,GM,MLP-MultiHead,encoded,decoded,False,centroid,Onehot -> [ [FFN-SFT]-ENC => GM => DEC ] -> Onehot
Test,0.5114158209170085,-1,0,0,15.791179180145264,-1,AmazonEmployeeAccess,XGBClassifier,100,onehot,onehot,Onehot -> [ MLP-MultiHead-Encoded => GM => Decoded ] -> Onehot,GM,MLP-MultiHead,encoded,decoded,False,centroid,Onehot -> [ [FFN-SFT]-ENC => GM => DEC ] -> Onehot
Train,0.995,-1,0,0,13.624401807785034,-1,AmazonEmployeeAccess,XGBClassifier,100,onehot,onehot,Onehot -> [ MLP-MultiHead-Encoded => GM => Decoded-Binary ] -> Onehot,GM,MLP-MultiHead,encoded,decoded,True,centroid,Onehot -> [ [FFN-SFT]-ENC => GM => DEC-BIN ] -> Onehot
Train - Original,0.5787215033200828,-1,0,0,13.624401807785034,-1,AmazonEmployeeAccess,XGBClassifier,100,onehot,onehot,Onehot -> [ MLP-MultiHead-Encoded => GM => Decoded-Binary ] -> Onehot,GM,MLP-MultiHead,encoded,decoded,True,centroid,Onehot -> [ [FFN-SFT]-ENC => GM => DEC-BIN ] -> Onehot
Val,0.5625393475080671,-1,0,0,13.624401807785034,-1,AmazonEmployeeAccess,XGBClassifier,100,onehot,onehot,Onehot -> [ MLP-MultiHead-Encoded => GM => Decoded-Binary ] -> Onehot,GM,MLP-MultiHead,encoded,decoded,True,centroid,Onehot -> [ [FFN-SFT]-ENC => GM => DEC-BIN ] -> Onehot
Test,0.572025291040168,-1,0,0,13.624401807785034,-1,AmazonEmployeeAccess,XGBClassifier,100,onehot,onehot,Onehot -> [ MLP-MultiHead-Encoded => GM => Decoded-Binary ] -> Onehot,GM,MLP-MultiHead,encoded,decoded,True,centroid,Onehot -> [ [FFN-SFT]-ENC => GM => DEC-BIN ] -> Onehot
Train,1.0,-1,0,0,24.753830194473267,-1,AmazonEmployeeAccess,XGBClassifier,100,onehot,onehot,Onehot -> [ MLP-MultiHead-Encoded => GM => Encoded ] -> Onehot,GM,MLP-MultiHead,encoded,encoded,False,centroid,Onehot -> [ [FFN-SFT]-ENC => GM => ENC ] -> Onehot
Train - Original,0.5817754358479731,-1,0,0,24.753830194473267,-1,AmazonEmployeeAccess,XGBClassifier,100,onehot,onehot,Onehot -> [ MLP-MultiHead-Encoded => GM => Encoded ] -> Onehot,GM,MLP-MultiHead,encoded,encoded,False,centroid,Onehot -> [ [FFN-SFT]-ENC => GM => ENC ] -> Onehot
Val,0.5917948850520527,-1,0,0,24.753830194473267,-1,AmazonEmployeeAccess,XGBClassifier,100,onehot,onehot,Onehot -> [ MLP-MultiHead-Encoded => GM => Encoded ] -> Onehot,GM,MLP-MultiHead,encoded,encoded,False,centroid,Onehot -> [ [FFN-SFT]-ENC => GM => ENC ] -> Onehot
Test,0.5771259286198653,-1,0,0,24.753830194473267,-1,AmazonEmployeeAccess,XGBClassifier,100,onehot,onehot,Onehot -> [ MLP-MultiHead-Encoded => GM => Encoded ] -> Onehot,GM,MLP-MultiHead,encoded,encoded,False,centroid,Onehot -> [ [FFN-SFT]-ENC => GM => ENC ] -> Onehot
Train,1.0,-1,0,0,17.67324662208557,-1,AmazonEmployeeAccess,XGBClassifier,100,onehot,onehot,Onehot -> [ MLP-MultiHead-Encoded => GM => Decoded ] -> Onehot,GM,MLP-MultiHead,encoded,decoded,False,centroid,Onehot -> [ [FFN-SFT]-ENC => GM => DEC ] -> Onehot
Train - Original,0.5092525353612507,-1,0,0,17.67324662208557,-1,AmazonEmployeeAccess,XGBClassifier,100,onehot,onehot,Onehot -> [ MLP-MultiHead-Encoded => GM => Decoded ] -> Onehot,GM,MLP-MultiHead,encoded,decoded,False,centroid,Onehot -> [ [FFN-SFT]-ENC => GM => DEC ] -> Onehot
Val,0.5227268925581127,-1,0,0,17.67324662208557,-1,AmazonEmployeeAccess,XGBClassifier,100,onehot,onehot,Onehot -> [ MLP-MultiHead-Encoded => GM => Decoded ] -> Onehot,GM,MLP-MultiHead,encoded,decoded,False,centroid,Onehot -> [ [FFN-SFT]-ENC => GM => DEC ] -> Onehot
Test,0.5097959214598794,-1,0,0,17.67324662208557,-1,AmazonEmployeeAccess,XGBClassifier,100,onehot,onehot,Onehot -> [ MLP-MultiHead-Encoded => GM => Decoded ] -> Onehot,GM,MLP-MultiHead,encoded,decoded,False,centroid,Onehot -> [ [FFN-SFT]-ENC => GM => DEC ] -> Onehot
Train,1.0,-1,0,0,22.18743324279785,-1,AmazonEmployeeAccess,XGBClassifier,100,onehot,onehot,Onehot -> [ MLP-MultiHead-Encoded => GM => Decoded-Binary ] -> Onehot,GM,MLP-MultiHead,encoded,decoded,True,centroid,Onehot -> [ [FFN-SFT]-ENC => GM => DEC-BIN ] -> Onehot
Train - Original,0.5676449783400144,-1,0,0,22.18743324279785,-1,AmazonEmployeeAccess,XGBClassifier,100,onehot,onehot,Onehot -> [ MLP-MultiHead-Encoded => GM => Decoded-Binary ] -> Onehot,GM,MLP-MultiHead,encoded,decoded,True,centroid,Onehot -> [ [FFN-SFT]-ENC => GM => DEC-BIN ] -> Onehot
Val,0.5899769161286006,-1,0,0,22.18743324279785,-1,AmazonEmployeeAccess,XGBClassifier,100,onehot,onehot,Onehot -> [ MLP-MultiHead-Encoded => GM => Decoded-Binary ] -> Onehot,GM,MLP-MultiHead,encoded,decoded,True,centroid,Onehot -> [ [FFN-SFT]-ENC => GM => DEC-BIN ] -> Onehot
Test,0.5728348619334993,-1,0,0,22.18743324279785,-1,AmazonEmployeeAccess,XGBClassifier,100,onehot,onehot,Onehot -> [ MLP-MultiHead-Encoded => GM => Decoded-Binary ] -> Onehot,GM,MLP-MultiHead,encoded,decoded,True,centroid,Onehot -> [ [FFN-SFT]-ENC => GM => DEC-BIN ] -> Onehot
Train,1.0,-1,0,0,24.736955642700195,-1,AmazonEmployeeAccess,XGBClassifier,100,onehot,onehot,Onehot -> [ MLP-MultiHead-Encoded => GM => Encoded ] -> Onehot,GM,MLP-MultiHead,encoded,encoded,False,centroid,Onehot -> [ [FFN-SFT]-ENC => GM => ENC ] -> Onehot
Train - Original,0.5703457513534007,-1,0,0,24.736955642700195,-1,AmazonEmployeeAccess,XGBClassifier,100,onehot,onehot,Onehot -> [ MLP-MultiHead-Encoded => GM => Encoded ] -> Onehot,GM,MLP-MultiHead,encoded,encoded,False,centroid,Onehot -> [ [FFN-SFT]-ENC => GM => ENC ] -> Onehot
Val,0.546952031776059,-1,0,0,24.736955642700195,-1,AmazonEmployeeAccess,XGBClassifier,100,onehot,onehot,Onehot -> [ MLP-MultiHead-Encoded => GM => Encoded ] -> Onehot,GM,MLP-MultiHead,encoded,encoded,False,centroid,Onehot -> [ [FFN-SFT]-ENC => GM => ENC ] -> Onehot
Test,0.5544821890615115,-1,0,0,24.736955642700195,-1,AmazonEmployeeAccess,XGBClassifier,100,onehot,onehot,Onehot -> [ MLP-MultiHead-Encoded => GM => Encoded ] -> Onehot,GM,MLP-MultiHead,encoded,encoded,False,centroid,Onehot -> [ [FFN-SFT]-ENC => GM => ENC ] -> Onehot
Train,1.0,-1,0,0,12.86225938796997,-1,AmazonEmployeeAccess,XGBClassifier,100,onehot,onehot,Onehot -> [ MLP-MultiHead-Encoded => GM => Decoded ] -> Onehot,GM,MLP-MultiHead,encoded,decoded,False,centroid,Onehot -> [ [FFN-SFT]-ENC => GM => DEC ] -> Onehot
Train - Original,0.5012871941258787,-1,0,0,12.86225938796997,-1,AmazonEmployeeAccess,XGBClassifier,100,onehot,onehot,Onehot -> [ MLP-MultiHead-Encoded => GM => Decoded ] -> Onehot,GM,MLP-MultiHead,encoded,decoded,False,centroid,Onehot -> [ [FFN-SFT]-ENC => GM => DEC ] -> Onehot
Val,0.49599643857530845,-1,0,0,12.86225938796997,-1,AmazonEmployeeAccess,XGBClassifier,100,onehot,onehot,Onehot -> [ MLP-MultiHead-Encoded => GM => Decoded ] -> Onehot,GM,MLP-MultiHead,encoded,decoded,False,centroid,Onehot -> [ [FFN-SFT]-ENC => GM => DEC ] -> Onehot
Test,0.5092303204567237,-1,0,0,12.86225938796997,-1,AmazonEmployeeAccess,XGBClassifier,100,onehot,onehot,Onehot -> [ MLP-MultiHead-Encoded => GM => Decoded ] -> Onehot,GM,MLP-MultiHead,encoded,decoded,False,centroid,Onehot -> [ [FFN-SFT]-ENC => GM => DEC ] -> Onehot
Train,0.995,-1,0,0,25.326672792434692,-1,AmazonEmployeeAccess,XGBClassifier,100,onehot,onehot,Onehot -> [ MLP-MultiHead-Encoded => GM => Decoded-Binary ] -> Onehot,GM,MLP-MultiHead,encoded,decoded,True,centroid,Onehot -> [ [FFN-SFT]-ENC => GM => DEC-BIN ] -> Onehot
Train - Original,0.5900735868044134,-1,0,0,25.326672792434692,-1,AmazonEmployeeAccess,XGBClassifier,100,onehot,onehot,Onehot -> [ MLP-MultiHead-Encoded => GM => Decoded-Binary ] -> Onehot,GM,MLP-MultiHead,encoded,decoded,True,centroid,Onehot -> [ [FFN-SFT]-ENC => GM => DEC-BIN ] -> Onehot
Val,0.5804951171073081,-1,0,0,25.326672792434692,-1,AmazonEmployeeAccess,XGBClassifier,100,onehot,onehot,Onehot -> [ MLP-MultiHead-Encoded => GM => Decoded-Binary ] -> Onehot,GM,MLP-MultiHead,encoded,decoded,True,centroid,Onehot -> [ [FFN-SFT]-ENC => GM => DEC-BIN ] -> Onehot
Test,0.5626873813772175,-1,0,0,25.326672792434692,-1,AmazonEmployeeAccess,XGBClassifier,100,onehot,onehot,Onehot -> [ MLP-MultiHead-Encoded => GM => Decoded-Binary ] -> Onehot,GM,MLP-MultiHead,encoded,decoded,True,centroid,Onehot -> [ [FFN-SFT]-ENC => GM => DEC-BIN ] -> Onehot
Train,1.0,-1,0,0,15.906599998474121,-1,AmazonEmployeeAccess,XGBClassifier,100,onehot,onehot,Onehot -> [ MLP-MultiHead-Encoded => GM => Encoded ] -> Onehot,GM,MLP-MultiHead,encoded,encoded,False,centroid,Onehot -> [ [FFN-SFT]-ENC => GM => ENC ] -> Onehot
Train - Original,0.5698405956077898,-1,0,0,15.906599998474121,-1,AmazonEmployeeAccess,XGBClassifier,100,onehot,onehot,Onehot -> [ MLP-MultiHead-Encoded => GM => Encoded ] -> Onehot,GM,MLP-MultiHead,encoded,encoded,False,centroid,Onehot -> [ [FFN-SFT]-ENC => GM => ENC ] -> Onehot
Val,0.5713596521908388,-1,0,0,15.906599998474121,-1,AmazonEmployeeAccess,XGBClassifier,100,onehot,onehot,Onehot -> [ MLP-MultiHead-Encoded => GM => Encoded ] -> Onehot,GM,MLP-MultiHead,encoded,encoded,False,centroid,Onehot -> [ [FFN-SFT]-ENC => GM => ENC ] -> Onehot
Test,0.5741312361014824,-1,0,0,15.906599998474121,-1,AmazonEmployeeAccess,XGBClassifier,100,onehot,onehot,Onehot -> [ MLP-MultiHead-Encoded => GM => Encoded ] -> Onehot,GM,MLP-MultiHead,encoded,encoded,False,centroid,Onehot -> [ [FFN-SFT]-ENC => GM => ENC ] -> Onehot
