Subset,Score,Default Train Time,Opt Train Time,Opt Train Time Total,Data Distill Time,Inference Time,Dataset,Classifier,N,Data Parse Mode,Post Data Parse Mode,Data Mode,Distill Method,Encoder,Distill Space,Output Space,Convert Binary,Cluster Center,Short Name
Train,0.8,-1,0,0,3.903390884399414,-1,HomeEquityCredit,LogisticRegression,10,onehot,onehot,Onehot -> [ Agglo / Centroid => Original ] -> Onehot,Agglo,N/A,original,original,False,centroid,Onehot -> [ AG/SYN => ORI ] -> Onehot
Train - Original,0.6971428571428572,-1,0,0,3.903390884399414,-1,HomeEquityCredit,LogisticRegression,10,onehot,onehot,Onehot -> [ Agglo / Centroid => Original ] -> Onehot,Agglo,N/A,original,original,False,centroid,Onehot -> [ AG/SYN => ORI ] -> Onehot
Val,0.6793333333333333,-1,0,0,3.903390884399414,-1,HomeEquityCredit,LogisticRegression,10,onehot,onehot,Onehot -> [ Agglo / Centroid => Original ] -> Onehot,Agglo,N/A,original,original,False,centroid,Onehot -> [ AG/SYN => ORI ] -> Onehot
Test,0.6826666666666666,-1,0,0,3.903390884399414,-1,HomeEquityCredit,LogisticRegression,10,onehot,onehot,Onehot -> [ Agglo / Centroid => Original ] -> Onehot,Agglo,N/A,original,original,False,centroid,Onehot -> [ AG/SYN => ORI ] -> Onehot
Train,0.95,-1,0,0,4.096297264099121,-1,HomeEquityCredit,LogisticRegression,10,onehot,onehot,Onehot -> [ Agglo / Closest => Original ] -> Onehot,Agglo,N/A,original,original,False,closest,Onehot -> [ AG/REAL => ORI ] -> Onehot
Train - Original,0.6268571428571428,-1,0,0,4.096297264099121,-1,HomeEquityCredit,LogisticRegression,10,onehot,onehot,Onehot -> [ Agglo / Closest => Original ] -> Onehot,Agglo,N/A,original,original,False,closest,Onehot -> [ AG/REAL => ORI ] -> Onehot
Val,0.614,-1,0,0,4.096297264099121,-1,HomeEquityCredit,LogisticRegression,10,onehot,onehot,Onehot -> [ Agglo / Closest => Original ] -> Onehot,Agglo,N/A,original,original,False,closest,Onehot -> [ AG/REAL => ORI ] -> Onehot
Test,0.6133333333333333,-1,0,0,4.096297264099121,-1,HomeEquityCredit,LogisticRegression,10,onehot,onehot,Onehot -> [ Agglo / Closest => Original ] -> Onehot,Agglo,N/A,original,original,False,closest,Onehot -> [ AG/REAL => ORI ] -> Onehot
Train,0.9,-1,0,0,1.8086252212524414,-1,HomeEquityCredit,LogisticRegression,10,onehot,onehot,Onehot -> [ GNN-MultiHead-Encoded => Agglo / Centroid => Decoded ] -> Onehot,Agglo,GNN-MultiHead,encoded,decoded,False,centroid,Onehot -> [ [GNN-SFT]-ENC => AG/SYN => DEC ] -> Onehot
Train - Original,0.6125714285714285,-1,0,0,1.8086252212524414,-1,HomeEquityCredit,LogisticRegression,10,onehot,onehot,Onehot -> [ GNN-MultiHead-Encoded => Agglo / Centroid => Decoded ] -> Onehot,Agglo,GNN-MultiHead,encoded,decoded,False,centroid,Onehot -> [ [GNN-SFT]-ENC => AG/SYN => DEC ] -> Onehot
Val,0.608,-1,0,0,1.8086252212524414,-1,HomeEquityCredit,LogisticRegression,10,onehot,onehot,Onehot -> [ GNN-MultiHead-Encoded => Agglo / Centroid => Decoded ] -> Onehot,Agglo,GNN-MultiHead,encoded,decoded,False,centroid,Onehot -> [ [GNN-SFT]-ENC => AG/SYN => DEC ] -> Onehot
Test,0.614,-1,0,0,1.8086252212524414,-1,HomeEquityCredit,LogisticRegression,10,onehot,onehot,Onehot -> [ GNN-MultiHead-Encoded => Agglo / Centroid => Decoded ] -> Onehot,Agglo,GNN-MultiHead,encoded,decoded,False,centroid,Onehot -> [ [GNN-SFT]-ENC => AG/SYN => DEC ] -> Onehot
Train,0.95,-1,0,0,1.332327127456665,-1,HomeEquityCredit,LogisticRegression,10,onehot,onehot,Onehot -> [ GNN-MultiHead-Encoded => Agglo / Centroid => Decoded-Binary ] -> Onehot,Agglo,GNN-MultiHead,encoded,decoded,True,centroid,Onehot -> [ [GNN-SFT]-ENC => AG/SYN => DEC-BIN ] -> Onehot
Train - Original,0.604,-1,0,0,1.332327127456665,-1,HomeEquityCredit,LogisticRegression,10,onehot,onehot,Onehot -> [ GNN-MultiHead-Encoded => Agglo / Centroid => Decoded-Binary ] -> Onehot,Agglo,GNN-MultiHead,encoded,decoded,True,centroid,Onehot -> [ [GNN-SFT]-ENC => AG/SYN => DEC-BIN ] -> Onehot
Val,0.6126666666666667,-1,0,0,1.332327127456665,-1,HomeEquityCredit,LogisticRegression,10,onehot,onehot,Onehot -> [ GNN-MultiHead-Encoded => Agglo / Centroid => Decoded-Binary ] -> Onehot,Agglo,GNN-MultiHead,encoded,decoded,True,centroid,Onehot -> [ [GNN-SFT]-ENC => AG/SYN => DEC-BIN ] -> Onehot
Test,0.6066666666666667,-1,0,0,1.332327127456665,-1,HomeEquityCredit,LogisticRegression,10,onehot,onehot,Onehot -> [ GNN-MultiHead-Encoded => Agglo / Centroid => Decoded-Binary ] -> Onehot,Agglo,GNN-MultiHead,encoded,decoded,True,centroid,Onehot -> [ [GNN-SFT]-ENC => AG/SYN => DEC-BIN ] -> Onehot
Train,0.75,-1,0,0,1.4190728664398193,-1,HomeEquityCredit,LogisticRegression,10,onehot,onehot,Onehot -> [ GNN-MultiHead-Encoded => Agglo / Centroid => Encoded ] -> Onehot,Agglo,GNN-MultiHead,encoded,encoded,False,centroid,Onehot -> [ [GNN-SFT]-ENC => AG/SYN => ENC ] -> Onehot
Train - Original,0.6971428571428572,-1,0,0,1.4190728664398193,-1,HomeEquityCredit,LogisticRegression,10,onehot,onehot,Onehot -> [ GNN-MultiHead-Encoded => Agglo / Centroid => Encoded ] -> Onehot,Agglo,GNN-MultiHead,encoded,encoded,False,centroid,Onehot -> [ [GNN-SFT]-ENC => AG/SYN => ENC ] -> Onehot
Val,0.6673333333333333,-1,0,0,1.4190728664398193,-1,HomeEquityCredit,LogisticRegression,10,onehot,onehot,Onehot -> [ GNN-MultiHead-Encoded => Agglo / Centroid => Encoded ] -> Onehot,Agglo,GNN-MultiHead,encoded,encoded,False,centroid,Onehot -> [ [GNN-SFT]-ENC => AG/SYN => ENC ] -> Onehot
Test,0.6753333333333333,-1,0,0,1.4190728664398193,-1,HomeEquityCredit,LogisticRegression,10,onehot,onehot,Onehot -> [ GNN-MultiHead-Encoded => Agglo / Centroid => Encoded ] -> Onehot,Agglo,GNN-MultiHead,encoded,encoded,False,centroid,Onehot -> [ [GNN-SFT]-ENC => AG/SYN => ENC ] -> Onehot
Train,0.95,-1,0,0,1.7406806945800781,-1,HomeEquityCredit,LogisticRegression,10,onehot,onehot,Onehot -> [ GNN-MultiHead-Encoded => Agglo / Closest => Decoded ] -> Onehot,Agglo,GNN-MultiHead,encoded,decoded,False,closest,Onehot -> [ [GNN-SFT]-ENC => AG/REAL => DEC ] -> Onehot
Train - Original,0.6165714285714285,-1,0,0,1.7406806945800781,-1,HomeEquityCredit,LogisticRegression,10,onehot,onehot,Onehot -> [ GNN-MultiHead-Encoded => Agglo / Closest => Decoded ] -> Onehot,Agglo,GNN-MultiHead,encoded,decoded,False,closest,Onehot -> [ [GNN-SFT]-ENC => AG/REAL => DEC ] -> Onehot
Val,0.6000000000000001,-1,0,0,1.7406806945800781,-1,HomeEquityCredit,LogisticRegression,10,onehot,onehot,Onehot -> [ GNN-MultiHead-Encoded => Agglo / Closest => Decoded ] -> Onehot,Agglo,GNN-MultiHead,encoded,decoded,False,closest,Onehot -> [ [GNN-SFT]-ENC => AG/REAL => DEC ] -> Onehot
Test,0.6113333333333333,-1,0,0,1.7406806945800781,-1,HomeEquityCredit,LogisticRegression,10,onehot,onehot,Onehot -> [ GNN-MultiHead-Encoded => Agglo / Closest => Decoded ] -> Onehot,Agglo,GNN-MultiHead,encoded,decoded,False,closest,Onehot -> [ [GNN-SFT]-ENC => AG/REAL => DEC ] -> Onehot
Train,0.95,-1,0,0,1.4705770015716553,-1,HomeEquityCredit,LogisticRegression,10,onehot,onehot,Onehot -> [ GNN-MultiHead-Encoded => Agglo / Closest => Decoded-Binary ] -> Onehot,Agglo,GNN-MultiHead,encoded,decoded,True,closest,Onehot -> [ [GNN-SFT]-ENC => AG/REAL => DEC-BIN ] -> Onehot
Train - Original,0.6111428571428572,-1,0,0,1.4705770015716553,-1,HomeEquityCredit,LogisticRegression,10,onehot,onehot,Onehot -> [ GNN-MultiHead-Encoded => Agglo / Closest => Decoded-Binary ] -> Onehot,Agglo,GNN-MultiHead,encoded,decoded,True,closest,Onehot -> [ [GNN-SFT]-ENC => AG/REAL => DEC-BIN ] -> Onehot
Val,0.6046666666666667,-1,0,0,1.4705770015716553,-1,HomeEquityCredit,LogisticRegression,10,onehot,onehot,Onehot -> [ GNN-MultiHead-Encoded => Agglo / Closest => Decoded-Binary ] -> Onehot,Agglo,GNN-MultiHead,encoded,decoded,True,closest,Onehot -> [ [GNN-SFT]-ENC => AG/REAL => DEC-BIN ] -> Onehot
Test,0.616,-1,0,0,1.4705770015716553,-1,HomeEquityCredit,LogisticRegression,10,onehot,onehot,Onehot -> [ GNN-MultiHead-Encoded => Agglo / Closest => Decoded-Binary ] -> Onehot,Agglo,GNN-MultiHead,encoded,decoded,True,closest,Onehot -> [ [GNN-SFT]-ENC => AG/REAL => DEC-BIN ] -> Onehot
Train,0.8500000000000001,-1,0,0,1.7003884315490723,-1,HomeEquityCredit,LogisticRegression,10,onehot,onehot,Onehot -> [ GNN-MultiHead-Encoded => Agglo / Closest => Encoded ] -> Onehot,Agglo,GNN-MultiHead,encoded,encoded,False,closest,Onehot -> [ [GNN-SFT]-ENC => AG/REAL => ENC ] -> Onehot
Train - Original,0.6567142857142857,-1,0,0,1.7003884315490723,-1,HomeEquityCredit,LogisticRegression,10,onehot,onehot,Onehot -> [ GNN-MultiHead-Encoded => Agglo / Closest => Encoded ] -> Onehot,Agglo,GNN-MultiHead,encoded,encoded,False,closest,Onehot -> [ [GNN-SFT]-ENC => AG/REAL => ENC ] -> Onehot
Val,0.6539999999999999,-1,0,0,1.7003884315490723,-1,HomeEquityCredit,LogisticRegression,10,onehot,onehot,Onehot -> [ GNN-MultiHead-Encoded => Agglo / Closest => Encoded ] -> Onehot,Agglo,GNN-MultiHead,encoded,encoded,False,closest,Onehot -> [ [GNN-SFT]-ENC => AG/REAL => ENC ] -> Onehot
Test,0.6693333333333333,-1,0,0,1.7003884315490723,-1,HomeEquityCredit,LogisticRegression,10,onehot,onehot,Onehot -> [ GNN-MultiHead-Encoded => Agglo / Closest => Encoded ] -> Onehot,Agglo,GNN-MultiHead,encoded,encoded,False,closest,Onehot -> [ [GNN-SFT]-ENC => AG/REAL => ENC ] -> Onehot
Train,0.95,-1,0,0,1.403151035308838,-1,HomeEquityCredit,LogisticRegression,10,onehot,onehot,Onehot -> [ GNN-MultiHead-Encoded => Agglo / Closest => Original ] -> Onehot,Agglo,GNN-MultiHead,encoded,original,False,closest,Onehot -> [ [GNN-SFT]-ENC => AG/REAL => ORI ] -> Onehot
Train - Original,0.5844285714285715,-1,0,0,1.403151035308838,-1,HomeEquityCredit,LogisticRegression,10,onehot,onehot,Onehot -> [ GNN-MultiHead-Encoded => Agglo / Closest => Original ] -> Onehot,Agglo,GNN-MultiHead,encoded,original,False,closest,Onehot -> [ [GNN-SFT]-ENC => AG/REAL => ORI ] -> Onehot
Val,0.5866666666666667,-1,0,0,1.403151035308838,-1,HomeEquityCredit,LogisticRegression,10,onehot,onehot,Onehot -> [ GNN-MultiHead-Encoded => Agglo / Closest => Original ] -> Onehot,Agglo,GNN-MultiHead,encoded,original,False,closest,Onehot -> [ [GNN-SFT]-ENC => AG/REAL => ORI ] -> Onehot
Test,0.5926666666666667,-1,0,0,1.403151035308838,-1,HomeEquityCredit,LogisticRegression,10,onehot,onehot,Onehot -> [ GNN-MultiHead-Encoded => Agglo / Closest => Original ] -> Onehot,Agglo,GNN-MultiHead,encoded,original,False,closest,Onehot -> [ [GNN-SFT]-ENC => AG/REAL => ORI ] -> Onehot
Train,0.85,-1,0,0,3.9125912189483643,-1,HomeEquityCredit,LogisticRegression,20,onehot,onehot,Onehot -> [ Agglo / Centroid => Original ] -> Onehot,Agglo,N/A,original,original,False,centroid,Onehot -> [ AG/SYN => ORI ] -> Onehot
Train - Original,0.6931428571428571,-1,0,0,3.9125912189483643,-1,HomeEquityCredit,LogisticRegression,20,onehot,onehot,Onehot -> [ Agglo / Centroid => Original ] -> Onehot,Agglo,N/A,original,original,False,centroid,Onehot -> [ AG/SYN => ORI ] -> Onehot
Val,0.6846666666666668,-1,0,0,3.9125912189483643,-1,HomeEquityCredit,LogisticRegression,20,onehot,onehot,Onehot -> [ Agglo / Centroid => Original ] -> Onehot,Agglo,N/A,original,original,False,centroid,Onehot -> [ AG/SYN => ORI ] -> Onehot
Test,0.672,-1,0,0,3.9125912189483643,-1,HomeEquityCredit,LogisticRegression,20,onehot,onehot,Onehot -> [ Agglo / Centroid => Original ] -> Onehot,Agglo,N/A,original,original,False,centroid,Onehot -> [ AG/SYN => ORI ] -> Onehot
Train,0.975,-1,0,0,4.352437973022461,-1,HomeEquityCredit,LogisticRegression,20,onehot,onehot,Onehot -> [ Agglo / Closest => Original ] -> Onehot,Agglo,N/A,original,original,False,closest,Onehot -> [ AG/REAL => ORI ] -> Onehot
Train - Original,0.6637142857142857,-1,0,0,4.352437973022461,-1,HomeEquityCredit,LogisticRegression,20,onehot,onehot,Onehot -> [ Agglo / Closest => Original ] -> Onehot,Agglo,N/A,original,original,False,closest,Onehot -> [ AG/REAL => ORI ] -> Onehot
Val,0.66,-1,0,0,4.352437973022461,-1,HomeEquityCredit,LogisticRegression,20,onehot,onehot,Onehot -> [ Agglo / Closest => Original ] -> Onehot,Agglo,N/A,original,original,False,closest,Onehot -> [ AG/REAL => ORI ] -> Onehot
Test,0.654,-1,0,0,4.352437973022461,-1,HomeEquityCredit,LogisticRegression,20,onehot,onehot,Onehot -> [ Agglo / Closest => Original ] -> Onehot,Agglo,N/A,original,original,False,closest,Onehot -> [ AG/REAL => ORI ] -> Onehot
Train,0.875,-1,0,0,1.2727413177490234,-1,HomeEquityCredit,LogisticRegression,20,onehot,onehot,Onehot -> [ GNN-MultiHead-Encoded => Agglo / Centroid => Decoded ] -> Onehot,Agglo,GNN-MultiHead,encoded,decoded,False,centroid,Onehot -> [ [GNN-SFT]-ENC => AG/SYN => DEC ] -> Onehot
Train - Original,0.6242857142857143,-1,0,0,1.2727413177490234,-1,HomeEquityCredit,LogisticRegression,20,onehot,onehot,Onehot -> [ GNN-MultiHead-Encoded => Agglo / Centroid => Decoded ] -> Onehot,Agglo,GNN-MultiHead,encoded,decoded,False,centroid,Onehot -> [ [GNN-SFT]-ENC => AG/SYN => DEC ] -> Onehot
Val,0.6133333333333333,-1,0,0,1.2727413177490234,-1,HomeEquityCredit,LogisticRegression,20,onehot,onehot,Onehot -> [ GNN-MultiHead-Encoded => Agglo / Centroid => Decoded ] -> Onehot,Agglo,GNN-MultiHead,encoded,decoded,False,centroid,Onehot -> [ [GNN-SFT]-ENC => AG/SYN => DEC ] -> Onehot
Test,0.62,-1,0,0,1.2727413177490234,-1,HomeEquityCredit,LogisticRegression,20,onehot,onehot,Onehot -> [ GNN-MultiHead-Encoded => Agglo / Centroid => Decoded ] -> Onehot,Agglo,GNN-MultiHead,encoded,decoded,False,centroid,Onehot -> [ [GNN-SFT]-ENC => AG/SYN => DEC ] -> Onehot
Train,0.95,-1,0,0,1.2548654079437256,-1,HomeEquityCredit,LogisticRegression,20,onehot,onehot,Onehot -> [ GNN-MultiHead-Encoded => Agglo / Centroid => Decoded-Binary ] -> Onehot,Agglo,GNN-MultiHead,encoded,decoded,True,centroid,Onehot -> [ [GNN-SFT]-ENC => AG/SYN => DEC-BIN ] -> Onehot
Train - Original,0.592,-1,0,0,1.2548654079437256,-1,HomeEquityCredit,LogisticRegression,20,onehot,onehot,Onehot -> [ GNN-MultiHead-Encoded => Agglo / Centroid => Decoded-Binary ] -> Onehot,Agglo,GNN-MultiHead,encoded,decoded,True,centroid,Onehot -> [ [GNN-SFT]-ENC => AG/SYN => DEC-BIN ] -> Onehot
Val,0.5906666666666667,-1,0,0,1.2548654079437256,-1,HomeEquityCredit,LogisticRegression,20,onehot,onehot,Onehot -> [ GNN-MultiHead-Encoded => Agglo / Centroid => Decoded-Binary ] -> Onehot,Agglo,GNN-MultiHead,encoded,decoded,True,centroid,Onehot -> [ [GNN-SFT]-ENC => AG/SYN => DEC-BIN ] -> Onehot
Test,0.5673333333333334,-1,0,0,1.2548654079437256,-1,HomeEquityCredit,LogisticRegression,20,onehot,onehot,Onehot -> [ GNN-MultiHead-Encoded => Agglo / Centroid => Decoded-Binary ] -> Onehot,Agglo,GNN-MultiHead,encoded,decoded,True,centroid,Onehot -> [ [GNN-SFT]-ENC => AG/SYN => DEC-BIN ] -> Onehot
Train,0.7,-1,0,0,1.5962109565734863,-1,HomeEquityCredit,LogisticRegression,20,onehot,onehot,Onehot -> [ GNN-MultiHead-Encoded => Agglo / Centroid => Encoded ] -> Onehot,Agglo,GNN-MultiHead,encoded,encoded,False,centroid,Onehot -> [ [GNN-SFT]-ENC => AG/SYN => ENC ] -> Onehot
Train - Original,0.6908571428571428,-1,0,0,1.5962109565734863,-1,HomeEquityCredit,LogisticRegression,20,onehot,onehot,Onehot -> [ GNN-MultiHead-Encoded => Agglo / Centroid => Encoded ] -> Onehot,Agglo,GNN-MultiHead,encoded,encoded,False,centroid,Onehot -> [ [GNN-SFT]-ENC => AG/SYN => ENC ] -> Onehot
Val,0.6746666666666667,-1,0,0,1.5962109565734863,-1,HomeEquityCredit,LogisticRegression,20,onehot,onehot,Onehot -> [ GNN-MultiHead-Encoded => Agglo / Centroid => Encoded ] -> Onehot,Agglo,GNN-MultiHead,encoded,encoded,False,centroid,Onehot -> [ [GNN-SFT]-ENC => AG/SYN => ENC ] -> Onehot
Test,0.6666666666666667,-1,0,0,1.5962109565734863,-1,HomeEquityCredit,LogisticRegression,20,onehot,onehot,Onehot -> [ GNN-MultiHead-Encoded => Agglo / Centroid => Encoded ] -> Onehot,Agglo,GNN-MultiHead,encoded,encoded,False,centroid,Onehot -> [ [GNN-SFT]-ENC => AG/SYN => ENC ] -> Onehot
Train,0.975,-1,0,0,1.7654328346252441,-1,HomeEquityCredit,LogisticRegression,20,onehot,onehot,Onehot -> [ GNN-MultiHead-Encoded => Agglo / Closest => Decoded ] -> Onehot,Agglo,GNN-MultiHead,encoded,decoded,False,closest,Onehot -> [ [GNN-SFT]-ENC => AG/REAL => DEC ] -> Onehot
Train - Original,0.5891428571428572,-1,0,0,1.7654328346252441,-1,HomeEquityCredit,LogisticRegression,20,onehot,onehot,Onehot -> [ GNN-MultiHead-Encoded => Agglo / Closest => Decoded ] -> Onehot,Agglo,GNN-MultiHead,encoded,decoded,False,closest,Onehot -> [ [GNN-SFT]-ENC => AG/REAL => DEC ] -> Onehot
Val,0.6053333333333333,-1,0,0,1.7654328346252441,-1,HomeEquityCredit,LogisticRegression,20,onehot,onehot,Onehot -> [ GNN-MultiHead-Encoded => Agglo / Closest => Decoded ] -> Onehot,Agglo,GNN-MultiHead,encoded,decoded,False,closest,Onehot -> [ [GNN-SFT]-ENC => AG/REAL => DEC ] -> Onehot
Test,0.5706666666666667,-1,0,0,1.7654328346252441,-1,HomeEquityCredit,LogisticRegression,20,onehot,onehot,Onehot -> [ GNN-MultiHead-Encoded => Agglo / Closest => Decoded ] -> Onehot,Agglo,GNN-MultiHead,encoded,decoded,False,closest,Onehot -> [ [GNN-SFT]-ENC => AG/REAL => DEC ] -> Onehot
Train,0.975,-1,0,0,1.6868631839752197,-1,HomeEquityCredit,LogisticRegression,20,onehot,onehot,Onehot -> [ GNN-MultiHead-Encoded => Agglo / Closest => Decoded-Binary ] -> Onehot,Agglo,GNN-MultiHead,encoded,decoded,True,closest,Onehot -> [ [GNN-SFT]-ENC => AG/REAL => DEC-BIN ] -> Onehot
Train - Original,0.5954285714285714,-1,0,0,1.6868631839752197,-1,HomeEquityCredit,LogisticRegression,20,onehot,onehot,Onehot -> [ GNN-MultiHead-Encoded => Agglo / Closest => Decoded-Binary ] -> Onehot,Agglo,GNN-MultiHead,encoded,decoded,True,closest,Onehot -> [ [GNN-SFT]-ENC => AG/REAL => DEC-BIN ] -> Onehot
Val,0.5946666666666667,-1,0,0,1.6868631839752197,-1,HomeEquityCredit,LogisticRegression,20,onehot,onehot,Onehot -> [ GNN-MultiHead-Encoded => Agglo / Closest => Decoded-Binary ] -> Onehot,Agglo,GNN-MultiHead,encoded,decoded,True,closest,Onehot -> [ [GNN-SFT]-ENC => AG/REAL => DEC-BIN ] -> Onehot
Test,0.568,-1,0,0,1.6868631839752197,-1,HomeEquityCredit,LogisticRegression,20,onehot,onehot,Onehot -> [ GNN-MultiHead-Encoded => Agglo / Closest => Decoded-Binary ] -> Onehot,Agglo,GNN-MultiHead,encoded,decoded,True,closest,Onehot -> [ [GNN-SFT]-ENC => AG/REAL => DEC-BIN ] -> Onehot
Train,0.775,-1,0,0,1.62870454788208,-1,HomeEquityCredit,LogisticRegression,20,onehot,onehot,Onehot -> [ GNN-MultiHead-Encoded => Agglo / Closest => Encoded ] -> Onehot,Agglo,GNN-MultiHead,encoded,encoded,False,closest,Onehot -> [ [GNN-SFT]-ENC => AG/REAL => ENC ] -> Onehot
Train - Original,0.6174285714285714,-1,0,0,1.62870454788208,-1,HomeEquityCredit,LogisticRegression,20,onehot,onehot,Onehot -> [ GNN-MultiHead-Encoded => Agglo / Closest => Encoded ] -> Onehot,Agglo,GNN-MultiHead,encoded,encoded,False,closest,Onehot -> [ [GNN-SFT]-ENC => AG/REAL => ENC ] -> Onehot
Val,0.6133333333333333,-1,0,0,1.62870454788208,-1,HomeEquityCredit,LogisticRegression,20,onehot,onehot,Onehot -> [ GNN-MultiHead-Encoded => Agglo / Closest => Encoded ] -> Onehot,Agglo,GNN-MultiHead,encoded,encoded,False,closest,Onehot -> [ [GNN-SFT]-ENC => AG/REAL => ENC ] -> Onehot
Test,0.6193333333333333,-1,0,0,1.62870454788208,-1,HomeEquityCredit,LogisticRegression,20,onehot,onehot,Onehot -> [ GNN-MultiHead-Encoded => Agglo / Closest => Encoded ] -> Onehot,Agglo,GNN-MultiHead,encoded,encoded,False,closest,Onehot -> [ [GNN-SFT]-ENC => AG/REAL => ENC ] -> Onehot
Train,0.975,-1,0,0,1.7456717491149902,-1,HomeEquityCredit,LogisticRegression,20,onehot,onehot,Onehot -> [ GNN-MultiHead-Encoded => Agglo / Closest => Original ] -> Onehot,Agglo,GNN-MultiHead,encoded,original,False,closest,Onehot -> [ [GNN-SFT]-ENC => AG/REAL => ORI ] -> Onehot
Train - Original,0.6134285714285714,-1,0,0,1.7456717491149902,-1,HomeEquityCredit,LogisticRegression,20,onehot,onehot,Onehot -> [ GNN-MultiHead-Encoded => Agglo / Closest => Original ] -> Onehot,Agglo,GNN-MultiHead,encoded,original,False,closest,Onehot -> [ [GNN-SFT]-ENC => AG/REAL => ORI ] -> Onehot
Val,0.6173333333333333,-1,0,0,1.7456717491149902,-1,HomeEquityCredit,LogisticRegression,20,onehot,onehot,Onehot -> [ GNN-MultiHead-Encoded => Agglo / Closest => Original ] -> Onehot,Agglo,GNN-MultiHead,encoded,original,False,closest,Onehot -> [ [GNN-SFT]-ENC => AG/REAL => ORI ] -> Onehot
Test,0.5953333333333333,-1,0,0,1.7456717491149902,-1,HomeEquityCredit,LogisticRegression,20,onehot,onehot,Onehot -> [ GNN-MultiHead-Encoded => Agglo / Closest => Original ] -> Onehot,Agglo,GNN-MultiHead,encoded,original,False,closest,Onehot -> [ [GNN-SFT]-ENC => AG/REAL => ORI ] -> Onehot
Train,0.8833333333333333,-1,0,0,4.492029905319214,-1,HomeEquityCredit,LogisticRegression,30,onehot,onehot,Onehot -> [ Agglo / Centroid => Original ] -> Onehot,Agglo,N/A,original,original,False,centroid,Onehot -> [ AG/SYN => ORI ] -> Onehot
Train - Original,0.6910000000000001,-1,0,0,4.492029905319214,-1,HomeEquityCredit,LogisticRegression,30,onehot,onehot,Onehot -> [ Agglo / Centroid => Original ] -> Onehot,Agglo,N/A,original,original,False,centroid,Onehot -> [ AG/SYN => ORI ] -> Onehot
Val,0.6806666666666666,-1,0,0,4.492029905319214,-1,HomeEquityCredit,LogisticRegression,30,onehot,onehot,Onehot -> [ Agglo / Centroid => Original ] -> Onehot,Agglo,N/A,original,original,False,centroid,Onehot -> [ AG/SYN => ORI ] -> Onehot
Test,0.664,-1,0,0,4.492029905319214,-1,HomeEquityCredit,LogisticRegression,30,onehot,onehot,Onehot -> [ Agglo / Centroid => Original ] -> Onehot,Agglo,N/A,original,original,False,centroid,Onehot -> [ AG/SYN => ORI ] -> Onehot
Train,0.9833333333333334,-1,0,0,4.566577434539795,-1,HomeEquityCredit,LogisticRegression,30,onehot,onehot,Onehot -> [ Agglo / Closest => Original ] -> Onehot,Agglo,N/A,original,original,False,closest,Onehot -> [ AG/REAL => ORI ] -> Onehot
Train - Original,0.6705714285714286,-1,0,0,4.566577434539795,-1,HomeEquityCredit,LogisticRegression,30,onehot,onehot,Onehot -> [ Agglo / Closest => Original ] -> Onehot,Agglo,N/A,original,original,False,closest,Onehot -> [ AG/REAL => ORI ] -> Onehot
Val,0.6686666666666667,-1,0,0,4.566577434539795,-1,HomeEquityCredit,LogisticRegression,30,onehot,onehot,Onehot -> [ Agglo / Closest => Original ] -> Onehot,Agglo,N/A,original,original,False,closest,Onehot -> [ AG/REAL => ORI ] -> Onehot
Test,0.6466666666666666,-1,0,0,4.566577434539795,-1,HomeEquityCredit,LogisticRegression,30,onehot,onehot,Onehot -> [ Agglo / Closest => Original ] -> Onehot,Agglo,N/A,original,original,False,closest,Onehot -> [ AG/REAL => ORI ] -> Onehot
Train,0.9333333333333333,-1,0,0,1.6010518074035645,-1,HomeEquityCredit,LogisticRegression,30,onehot,onehot,Onehot -> [ GNN-MultiHead-Encoded => Agglo / Centroid => Decoded ] -> Onehot,Agglo,GNN-MultiHead,encoded,decoded,False,centroid,Onehot -> [ [GNN-SFT]-ENC => AG/SYN => DEC ] -> Onehot
Train - Original,0.6012857142857143,-1,0,0,1.6010518074035645,-1,HomeEquityCredit,LogisticRegression,30,onehot,onehot,Onehot -> [ GNN-MultiHead-Encoded => Agglo / Centroid => Decoded ] -> Onehot,Agglo,GNN-MultiHead,encoded,decoded,False,centroid,Onehot -> [ [GNN-SFT]-ENC => AG/SYN => DEC ] -> Onehot
Val,0.6106666666666667,-1,0,0,1.6010518074035645,-1,HomeEquityCredit,LogisticRegression,30,onehot,onehot,Onehot -> [ GNN-MultiHead-Encoded => Agglo / Centroid => Decoded ] -> Onehot,Agglo,GNN-MultiHead,encoded,decoded,False,centroid,Onehot -> [ [GNN-SFT]-ENC => AG/SYN => DEC ] -> Onehot
Test,0.5986666666666667,-1,0,0,1.6010518074035645,-1,HomeEquityCredit,LogisticRegression,30,onehot,onehot,Onehot -> [ GNN-MultiHead-Encoded => Agglo / Centroid => Decoded ] -> Onehot,Agglo,GNN-MultiHead,encoded,decoded,False,centroid,Onehot -> [ [GNN-SFT]-ENC => AG/SYN => DEC ] -> Onehot
Train,0.95,-1,0,0,1.0310487747192383,-1,HomeEquityCredit,LogisticRegression,30,onehot,onehot,Onehot -> [ GNN-MultiHead-Encoded => Agglo / Centroid => Decoded-Binary ] -> Onehot,Agglo,GNN-MultiHead,encoded,decoded,True,centroid,Onehot -> [ [GNN-SFT]-ENC => AG/SYN => DEC-BIN ] -> Onehot
Train - Original,0.5798571428571428,-1,0,0,1.0310487747192383,-1,HomeEquityCredit,LogisticRegression,30,onehot,onehot,Onehot -> [ GNN-MultiHead-Encoded => Agglo / Centroid => Decoded-Binary ] -> Onehot,Agglo,GNN-MultiHead,encoded,decoded,True,centroid,Onehot -> [ [GNN-SFT]-ENC => AG/SYN => DEC-BIN ] -> Onehot
Val,0.5673333333333334,-1,0,0,1.0310487747192383,-1,HomeEquityCredit,LogisticRegression,30,onehot,onehot,Onehot -> [ GNN-MultiHead-Encoded => Agglo / Centroid => Decoded-Binary ] -> Onehot,Agglo,GNN-MultiHead,encoded,decoded,True,centroid,Onehot -> [ [GNN-SFT]-ENC => AG/SYN => DEC-BIN ] -> Onehot
Test,0.5733333333333334,-1,0,0,1.0310487747192383,-1,HomeEquityCredit,LogisticRegression,30,onehot,onehot,Onehot -> [ GNN-MultiHead-Encoded => Agglo / Centroid => Decoded-Binary ] -> Onehot,Agglo,GNN-MultiHead,encoded,decoded,True,centroid,Onehot -> [ [GNN-SFT]-ENC => AG/SYN => DEC-BIN ] -> Onehot
Train,0.7,-1,0,0,1.3191866874694824,-1,HomeEquityCredit,LogisticRegression,30,onehot,onehot,Onehot -> [ GNN-MultiHead-Encoded => Agglo / Centroid => Encoded ] -> Onehot,Agglo,GNN-MultiHead,encoded,encoded,False,centroid,Onehot -> [ [GNN-SFT]-ENC => AG/SYN => ENC ] -> Onehot
Train - Original,0.6987142857142857,-1,0,0,1.3191866874694824,-1,HomeEquityCredit,LogisticRegression,30,onehot,onehot,Onehot -> [ GNN-MultiHead-Encoded => Agglo / Centroid => Encoded ] -> Onehot,Agglo,GNN-MultiHead,encoded,encoded,False,centroid,Onehot -> [ [GNN-SFT]-ENC => AG/SYN => ENC ] -> Onehot
Val,0.6733333333333333,-1,0,0,1.3191866874694824,-1,HomeEquityCredit,LogisticRegression,30,onehot,onehot,Onehot -> [ GNN-MultiHead-Encoded => Agglo / Centroid => Encoded ] -> Onehot,Agglo,GNN-MultiHead,encoded,encoded,False,centroid,Onehot -> [ [GNN-SFT]-ENC => AG/SYN => ENC ] -> Onehot
Test,0.6746666666666667,-1,0,0,1.3191866874694824,-1,HomeEquityCredit,LogisticRegression,30,onehot,onehot,Onehot -> [ GNN-MultiHead-Encoded => Agglo / Centroid => Encoded ] -> Onehot,Agglo,GNN-MultiHead,encoded,encoded,False,centroid,Onehot -> [ [GNN-SFT]-ENC => AG/SYN => ENC ] -> Onehot
Train,0.9666666666666667,-1,0,0,1.4731087684631348,-1,HomeEquityCredit,LogisticRegression,30,onehot,onehot,Onehot -> [ GNN-MultiHead-Encoded => Agglo / Closest => Decoded ] -> Onehot,Agglo,GNN-MultiHead,encoded,decoded,False,closest,Onehot -> [ [GNN-SFT]-ENC => AG/REAL => DEC ] -> Onehot
Train - Original,0.6454285714285715,-1,0,0,1.4731087684631348,-1,HomeEquityCredit,LogisticRegression,30,onehot,onehot,Onehot -> [ GNN-MultiHead-Encoded => Agglo / Closest => Decoded ] -> Onehot,Agglo,GNN-MultiHead,encoded,decoded,False,closest,Onehot -> [ [GNN-SFT]-ENC => AG/REAL => DEC ] -> Onehot
Val,0.624,-1,0,0,1.4731087684631348,-1,HomeEquityCredit,LogisticRegression,30,onehot,onehot,Onehot -> [ GNN-MultiHead-Encoded => Agglo / Closest => Decoded ] -> Onehot,Agglo,GNN-MultiHead,encoded,decoded,False,closest,Onehot -> [ [GNN-SFT]-ENC => AG/REAL => DEC ] -> Onehot
Test,0.6106666666666667,-1,0,0,1.4731087684631348,-1,HomeEquityCredit,LogisticRegression,30,onehot,onehot,Onehot -> [ GNN-MultiHead-Encoded => Agglo / Closest => Decoded ] -> Onehot,Agglo,GNN-MultiHead,encoded,decoded,False,closest,Onehot -> [ [GNN-SFT]-ENC => AG/REAL => DEC ] -> Onehot
Train,0.9833333333333334,-1,0,0,1.0957670211791992,-1,HomeEquityCredit,LogisticRegression,30,onehot,onehot,Onehot -> [ GNN-MultiHead-Encoded => Agglo / Closest => Decoded-Binary ] -> Onehot,Agglo,GNN-MultiHead,encoded,decoded,True,closest,Onehot -> [ [GNN-SFT]-ENC => AG/REAL => DEC-BIN ] -> Onehot
Train - Original,0.6302857142857143,-1,0,0,1.0957670211791992,-1,HomeEquityCredit,LogisticRegression,30,onehot,onehot,Onehot -> [ GNN-MultiHead-Encoded => Agglo / Closest => Decoded-Binary ] -> Onehot,Agglo,GNN-MultiHead,encoded,decoded,True,closest,Onehot -> [ [GNN-SFT]-ENC => AG/REAL => DEC-BIN ] -> Onehot
Val,0.6186666666666667,-1,0,0,1.0957670211791992,-1,HomeEquityCredit,LogisticRegression,30,onehot,onehot,Onehot -> [ GNN-MultiHead-Encoded => Agglo / Closest => Decoded-Binary ] -> Onehot,Agglo,GNN-MultiHead,encoded,decoded,True,closest,Onehot -> [ [GNN-SFT]-ENC => AG/REAL => DEC-BIN ] -> Onehot
Test,0.6106666666666667,-1,0,0,1.0957670211791992,-1,HomeEquityCredit,LogisticRegression,30,onehot,onehot,Onehot -> [ GNN-MultiHead-Encoded => Agglo / Closest => Decoded-Binary ] -> Onehot,Agglo,GNN-MultiHead,encoded,decoded,True,closest,Onehot -> [ [GNN-SFT]-ENC => AG/REAL => DEC-BIN ] -> Onehot
Train,0.7833333333333334,-1,0,0,1.8314998149871826,-1,HomeEquityCredit,LogisticRegression,30,onehot,onehot,Onehot -> [ GNN-MultiHead-Encoded => Agglo / Closest => Encoded ] -> Onehot,Agglo,GNN-MultiHead,encoded,encoded,False,closest,Onehot -> [ [GNN-SFT]-ENC => AG/REAL => ENC ] -> Onehot
Train - Original,0.6415714285714286,-1,0,0,1.8314998149871826,-1,HomeEquityCredit,LogisticRegression,30,onehot,onehot,Onehot -> [ GNN-MultiHead-Encoded => Agglo / Closest => Encoded ] -> Onehot,Agglo,GNN-MultiHead,encoded,encoded,False,closest,Onehot -> [ [GNN-SFT]-ENC => AG/REAL => ENC ] -> Onehot
Val,0.6513333333333333,-1,0,0,1.8314998149871826,-1,HomeEquityCredit,LogisticRegression,30,onehot,onehot,Onehot -> [ GNN-MultiHead-Encoded => Agglo / Closest => Encoded ] -> Onehot,Agglo,GNN-MultiHead,encoded,encoded,False,closest,Onehot -> [ [GNN-SFT]-ENC => AG/REAL => ENC ] -> Onehot
Test,0.6186666666666667,-1,0,0,1.8314998149871826,-1,HomeEquityCredit,LogisticRegression,30,onehot,onehot,Onehot -> [ GNN-MultiHead-Encoded => Agglo / Closest => Encoded ] -> Onehot,Agglo,GNN-MultiHead,encoded,encoded,False,closest,Onehot -> [ [GNN-SFT]-ENC => AG/REAL => ENC ] -> Onehot
Train,0.9833333333333334,-1,0,0,1.2149162292480469,-1,HomeEquityCredit,LogisticRegression,30,onehot,onehot,Onehot -> [ GNN-MultiHead-Encoded => Agglo / Closest => Original ] -> Onehot,Agglo,GNN-MultiHead,encoded,original,False,closest,Onehot -> [ [GNN-SFT]-ENC => AG/REAL => ORI ] -> Onehot
Train - Original,0.6412857142857142,-1,0,0,1.2149162292480469,-1,HomeEquityCredit,LogisticRegression,30,onehot,onehot,Onehot -> [ GNN-MultiHead-Encoded => Agglo / Closest => Original ] -> Onehot,Agglo,GNN-MultiHead,encoded,original,False,closest,Onehot -> [ [GNN-SFT]-ENC => AG/REAL => ORI ] -> Onehot
Val,0.6286666666666667,-1,0,0,1.2149162292480469,-1,HomeEquityCredit,LogisticRegression,30,onehot,onehot,Onehot -> [ GNN-MultiHead-Encoded => Agglo / Closest => Original ] -> Onehot,Agglo,GNN-MultiHead,encoded,original,False,closest,Onehot -> [ [GNN-SFT]-ENC => AG/REAL => ORI ] -> Onehot
Test,0.6046666666666667,-1,0,0,1.2149162292480469,-1,HomeEquityCredit,LogisticRegression,30,onehot,onehot,Onehot -> [ GNN-MultiHead-Encoded => Agglo / Closest => Original ] -> Onehot,Agglo,GNN-MultiHead,encoded,original,False,closest,Onehot -> [ [GNN-SFT]-ENC => AG/REAL => ORI ] -> Onehot
Train,0.8625,-1,0,0,3.595641851425171,-1,HomeEquityCredit,LogisticRegression,40,onehot,onehot,Onehot -> [ Agglo / Centroid => Original ] -> Onehot,Agglo,N/A,original,original,False,centroid,Onehot -> [ AG/SYN => ORI ] -> Onehot
Train - Original,0.685,-1,0,0,3.595641851425171,-1,HomeEquityCredit,LogisticRegression,40,onehot,onehot,Onehot -> [ Agglo / Centroid => Original ] -> Onehot,Agglo,N/A,original,original,False,centroid,Onehot -> [ AG/SYN => ORI ] -> Onehot
Val,0.6699999999999999,-1,0,0,3.595641851425171,-1,HomeEquityCredit,LogisticRegression,40,onehot,onehot,Onehot -> [ Agglo / Centroid => Original ] -> Onehot,Agglo,N/A,original,original,False,centroid,Onehot -> [ AG/SYN => ORI ] -> Onehot
Test,0.6506666666666667,-1,0,0,3.595641851425171,-1,HomeEquityCredit,LogisticRegression,40,onehot,onehot,Onehot -> [ Agglo / Centroid => Original ] -> Onehot,Agglo,N/A,original,original,False,centroid,Onehot -> [ AG/SYN => ORI ] -> Onehot
Train,0.875,-1,0,0,4.908274173736572,-1,HomeEquityCredit,LogisticRegression,40,onehot,onehot,Onehot -> [ Agglo / Closest => Original ] -> Onehot,Agglo,N/A,original,original,False,closest,Onehot -> [ AG/REAL => ORI ] -> Onehot
Train - Original,0.6664285714285714,-1,0,0,4.908274173736572,-1,HomeEquityCredit,LogisticRegression,40,onehot,onehot,Onehot -> [ Agglo / Closest => Original ] -> Onehot,Agglo,N/A,original,original,False,closest,Onehot -> [ AG/REAL => ORI ] -> Onehot
Val,0.6526666666666667,-1,0,0,4.908274173736572,-1,HomeEquityCredit,LogisticRegression,40,onehot,onehot,Onehot -> [ Agglo / Closest => Original ] -> Onehot,Agglo,N/A,original,original,False,closest,Onehot -> [ AG/REAL => ORI ] -> Onehot
Test,0.624,-1,0,0,4.908274173736572,-1,HomeEquityCredit,LogisticRegression,40,onehot,onehot,Onehot -> [ Agglo / Closest => Original ] -> Onehot,Agglo,N/A,original,original,False,closest,Onehot -> [ AG/REAL => ORI ] -> Onehot
Train,0.8625,-1,0,0,1.6661286354064941,-1,HomeEquityCredit,LogisticRegression,40,onehot,onehot,Onehot -> [ GNN-MultiHead-Encoded => Agglo / Centroid => Decoded ] -> Onehot,Agglo,GNN-MultiHead,encoded,decoded,False,centroid,Onehot -> [ [GNN-SFT]-ENC => AG/SYN => DEC ] -> Onehot
Train - Original,0.636,-1,0,0,1.6661286354064941,-1,HomeEquityCredit,LogisticRegression,40,onehot,onehot,Onehot -> [ GNN-MultiHead-Encoded => Agglo / Centroid => Decoded ] -> Onehot,Agglo,GNN-MultiHead,encoded,decoded,False,centroid,Onehot -> [ [GNN-SFT]-ENC => AG/SYN => DEC ] -> Onehot
Val,0.6366666666666667,-1,0,0,1.6661286354064941,-1,HomeEquityCredit,LogisticRegression,40,onehot,onehot,Onehot -> [ GNN-MultiHead-Encoded => Agglo / Centroid => Decoded ] -> Onehot,Agglo,GNN-MultiHead,encoded,decoded,False,centroid,Onehot -> [ [GNN-SFT]-ENC => AG/SYN => DEC ] -> Onehot
Test,0.6293333333333333,-1,0,0,1.6661286354064941,-1,HomeEquityCredit,LogisticRegression,40,onehot,onehot,Onehot -> [ GNN-MultiHead-Encoded => Agglo / Centroid => Decoded ] -> Onehot,Agglo,GNN-MultiHead,encoded,decoded,False,centroid,Onehot -> [ [GNN-SFT]-ENC => AG/SYN => DEC ] -> Onehot
Train,0.9375,-1,0,0,1.7285668849945068,-1,HomeEquityCredit,LogisticRegression,40,onehot,onehot,Onehot -> [ GNN-MultiHead-Encoded => Agglo / Centroid => Decoded-Binary ] -> Onehot,Agglo,GNN-MultiHead,encoded,decoded,True,centroid,Onehot -> [ [GNN-SFT]-ENC => AG/SYN => DEC-BIN ] -> Onehot
Train - Original,0.6145714285714285,-1,0,0,1.7285668849945068,-1,HomeEquityCredit,LogisticRegression,40,onehot,onehot,Onehot -> [ GNN-MultiHead-Encoded => Agglo / Centroid => Decoded-Binary ] -> Onehot,Agglo,GNN-MultiHead,encoded,decoded,True,centroid,Onehot -> [ [GNN-SFT]-ENC => AG/SYN => DEC-BIN ] -> Onehot
Val,0.6026666666666667,-1,0,0,1.7285668849945068,-1,HomeEquityCredit,LogisticRegression,40,onehot,onehot,Onehot -> [ GNN-MultiHead-Encoded => Agglo / Centroid => Decoded-Binary ] -> Onehot,Agglo,GNN-MultiHead,encoded,decoded,True,centroid,Onehot -> [ [GNN-SFT]-ENC => AG/SYN => DEC-BIN ] -> Onehot
Test,0.586,-1,0,0,1.7285668849945068,-1,HomeEquityCredit,LogisticRegression,40,onehot,onehot,Onehot -> [ GNN-MultiHead-Encoded => Agglo / Centroid => Decoded-Binary ] -> Onehot,Agglo,GNN-MultiHead,encoded,decoded,True,centroid,Onehot -> [ [GNN-SFT]-ENC => AG/SYN => DEC-BIN ] -> Onehot
Train,0.725,-1,0,0,1.4914944171905518,-1,HomeEquityCredit,LogisticRegression,40,onehot,onehot,Onehot -> [ GNN-MultiHead-Encoded => Agglo / Centroid => Encoded ] -> Onehot,Agglo,GNN-MultiHead,encoded,encoded,False,centroid,Onehot -> [ [GNN-SFT]-ENC => AG/SYN => ENC ] -> Onehot
Train - Original,0.6868571428571428,-1,0,0,1.4914944171905518,-1,HomeEquityCredit,LogisticRegression,40,onehot,onehot,Onehot -> [ GNN-MultiHead-Encoded => Agglo / Centroid => Encoded ] -> Onehot,Agglo,GNN-MultiHead,encoded,encoded,False,centroid,Onehot -> [ [GNN-SFT]-ENC => AG/SYN => ENC ] -> Onehot
Val,0.6679999999999999,-1,0,0,1.4914944171905518,-1,HomeEquityCredit,LogisticRegression,40,onehot,onehot,Onehot -> [ GNN-MultiHead-Encoded => Agglo / Centroid => Encoded ] -> Onehot,Agglo,GNN-MultiHead,encoded,encoded,False,centroid,Onehot -> [ [GNN-SFT]-ENC => AG/SYN => ENC ] -> Onehot
Test,0.6653333333333333,-1,0,0,1.4914944171905518,-1,HomeEquityCredit,LogisticRegression,40,onehot,onehot,Onehot -> [ GNN-MultiHead-Encoded => Agglo / Centroid => Encoded ] -> Onehot,Agglo,GNN-MultiHead,encoded,encoded,False,centroid,Onehot -> [ [GNN-SFT]-ENC => AG/SYN => ENC ] -> Onehot
Train,0.9625,-1,0,0,1.5074999332427979,-1,HomeEquityCredit,LogisticRegression,40,onehot,onehot,Onehot -> [ GNN-MultiHead-Encoded => Agglo / Closest => Decoded ] -> Onehot,Agglo,GNN-MultiHead,encoded,decoded,False,closest,Onehot -> [ [GNN-SFT]-ENC => AG/REAL => DEC ] -> Onehot
Train - Original,0.6612857142857143,-1,0,0,1.5074999332427979,-1,HomeEquityCredit,LogisticRegression,40,onehot,onehot,Onehot -> [ GNN-MultiHead-Encoded => Agglo / Closest => Decoded ] -> Onehot,Agglo,GNN-MultiHead,encoded,decoded,False,closest,Onehot -> [ [GNN-SFT]-ENC => AG/REAL => DEC ] -> Onehot
Val,0.6646666666666667,-1,0,0,1.5074999332427979,-1,HomeEquityCredit,LogisticRegression,40,onehot,onehot,Onehot -> [ GNN-MultiHead-Encoded => Agglo / Closest => Decoded ] -> Onehot,Agglo,GNN-MultiHead,encoded,decoded,False,closest,Onehot -> [ [GNN-SFT]-ENC => AG/REAL => DEC ] -> Onehot
Test,0.6453333333333333,-1,0,0,1.5074999332427979,-1,HomeEquityCredit,LogisticRegression,40,onehot,onehot,Onehot -> [ GNN-MultiHead-Encoded => Agglo / Closest => Decoded ] -> Onehot,Agglo,GNN-MultiHead,encoded,decoded,False,closest,Onehot -> [ [GNN-SFT]-ENC => AG/REAL => DEC ] -> Onehot
Train,0.9624999999999999,-1,0,0,1.3736093044281006,-1,HomeEquityCredit,LogisticRegression,40,onehot,onehot,Onehot -> [ GNN-MultiHead-Encoded => Agglo / Closest => Decoded-Binary ] -> Onehot,Agglo,GNN-MultiHead,encoded,decoded,True,closest,Onehot -> [ [GNN-SFT]-ENC => AG/REAL => DEC-BIN ] -> Onehot
Train - Original,0.6552857142857142,-1,0,0,1.3736093044281006,-1,HomeEquityCredit,LogisticRegression,40,onehot,onehot,Onehot -> [ GNN-MultiHead-Encoded => Agglo / Closest => Decoded-Binary ] -> Onehot,Agglo,GNN-MultiHead,encoded,decoded,True,closest,Onehot -> [ [GNN-SFT]-ENC => AG/REAL => DEC-BIN ] -> Onehot
Val,0.6539999999999999,-1,0,0,1.3736093044281006,-1,HomeEquityCredit,LogisticRegression,40,onehot,onehot,Onehot -> [ GNN-MultiHead-Encoded => Agglo / Closest => Decoded-Binary ] -> Onehot,Agglo,GNN-MultiHead,encoded,decoded,True,closest,Onehot -> [ [GNN-SFT]-ENC => AG/REAL => DEC-BIN ] -> Onehot
Test,0.6473333333333333,-1,0,0,1.3736093044281006,-1,HomeEquityCredit,LogisticRegression,40,onehot,onehot,Onehot -> [ GNN-MultiHead-Encoded => Agglo / Closest => Decoded-Binary ] -> Onehot,Agglo,GNN-MultiHead,encoded,decoded,True,closest,Onehot -> [ [GNN-SFT]-ENC => AG/REAL => DEC-BIN ] -> Onehot
Train,0.775,-1,0,0,1.156665325164795,-1,HomeEquityCredit,LogisticRegression,40,onehot,onehot,Onehot -> [ GNN-MultiHead-Encoded => Agglo / Closest => Encoded ] -> Onehot,Agglo,GNN-MultiHead,encoded,encoded,False,closest,Onehot -> [ [GNN-SFT]-ENC => AG/REAL => ENC ] -> Onehot
Train - Original,0.6671428571428571,-1,0,0,1.156665325164795,-1,HomeEquityCredit,LogisticRegression,40,onehot,onehot,Onehot -> [ GNN-MultiHead-Encoded => Agglo / Closest => Encoded ] -> Onehot,Agglo,GNN-MultiHead,encoded,encoded,False,closest,Onehot -> [ [GNN-SFT]-ENC => AG/REAL => ENC ] -> Onehot
Val,0.6653333333333333,-1,0,0,1.156665325164795,-1,HomeEquityCredit,LogisticRegression,40,onehot,onehot,Onehot -> [ GNN-MultiHead-Encoded => Agglo / Closest => Encoded ] -> Onehot,Agglo,GNN-MultiHead,encoded,encoded,False,closest,Onehot -> [ [GNN-SFT]-ENC => AG/REAL => ENC ] -> Onehot
Test,0.658,-1,0,0,1.156665325164795,-1,HomeEquityCredit,LogisticRegression,40,onehot,onehot,Onehot -> [ GNN-MultiHead-Encoded => Agglo / Closest => Encoded ] -> Onehot,Agglo,GNN-MultiHead,encoded,encoded,False,closest,Onehot -> [ [GNN-SFT]-ENC => AG/REAL => ENC ] -> Onehot
Train,0.9875,-1,0,0,1.0921409130096436,-1,HomeEquityCredit,LogisticRegression,40,onehot,onehot,Onehot -> [ GNN-MultiHead-Encoded => Agglo / Closest => Original ] -> Onehot,Agglo,GNN-MultiHead,encoded,original,False,closest,Onehot -> [ [GNN-SFT]-ENC => AG/REAL => ORI ] -> Onehot
Train - Original,0.6642857142857144,-1,0,0,1.0921409130096436,-1,HomeEquityCredit,LogisticRegression,40,onehot,onehot,Onehot -> [ GNN-MultiHead-Encoded => Agglo / Closest => Original ] -> Onehot,Agglo,GNN-MultiHead,encoded,original,False,closest,Onehot -> [ [GNN-SFT]-ENC => AG/REAL => ORI ] -> Onehot
Val,0.6673333333333333,-1,0,0,1.0921409130096436,-1,HomeEquityCredit,LogisticRegression,40,onehot,onehot,Onehot -> [ GNN-MultiHead-Encoded => Agglo / Closest => Original ] -> Onehot,Agglo,GNN-MultiHead,encoded,original,False,closest,Onehot -> [ [GNN-SFT]-ENC => AG/REAL => ORI ] -> Onehot
Test,0.6533333333333333,-1,0,0,1.0921409130096436,-1,HomeEquityCredit,LogisticRegression,40,onehot,onehot,Onehot -> [ GNN-MultiHead-Encoded => Agglo / Closest => Original ] -> Onehot,Agglo,GNN-MultiHead,encoded,original,False,closest,Onehot -> [ [GNN-SFT]-ENC => AG/REAL => ORI ] -> Onehot
Train,0.8200000000000001,-1,0,0,4.847851037979126,-1,HomeEquityCredit,LogisticRegression,50,onehot,onehot,Onehot -> [ Agglo / Centroid => Original ] -> Onehot,Agglo,N/A,original,original,False,centroid,Onehot -> [ AG/SYN => ORI ] -> Onehot
Train - Original,0.6765714285714286,-1,0,0,4.847851037979126,-1,HomeEquityCredit,LogisticRegression,50,onehot,onehot,Onehot -> [ Agglo / Centroid => Original ] -> Onehot,Agglo,N/A,original,original,False,centroid,Onehot -> [ AG/SYN => ORI ] -> Onehot
Val,0.6779999999999999,-1,0,0,4.847851037979126,-1,HomeEquityCredit,LogisticRegression,50,onehot,onehot,Onehot -> [ Agglo / Centroid => Original ] -> Onehot,Agglo,N/A,original,original,False,centroid,Onehot -> [ AG/SYN => ORI ] -> Onehot
Test,0.6506666666666667,-1,0,0,4.847851037979126,-1,HomeEquityCredit,LogisticRegression,50,onehot,onehot,Onehot -> [ Agglo / Centroid => Original ] -> Onehot,Agglo,N/A,original,original,False,centroid,Onehot -> [ AG/SYN => ORI ] -> Onehot
Train,0.89,-1,0,0,4.407811880111694,-1,HomeEquityCredit,LogisticRegression,50,onehot,onehot,Onehot -> [ Agglo / Closest => Original ] -> Onehot,Agglo,N/A,original,original,False,closest,Onehot -> [ AG/REAL => ORI ] -> Onehot
Train - Original,0.651,-1,0,0,4.407811880111694,-1,HomeEquityCredit,LogisticRegression,50,onehot,onehot,Onehot -> [ Agglo / Closest => Original ] -> Onehot,Agglo,N/A,original,original,False,closest,Onehot -> [ AG/REAL => ORI ] -> Onehot
Val,0.632,-1,0,0,4.407811880111694,-1,HomeEquityCredit,LogisticRegression,50,onehot,onehot,Onehot -> [ Agglo / Closest => Original ] -> Onehot,Agglo,N/A,original,original,False,closest,Onehot -> [ AG/REAL => ORI ] -> Onehot
Test,0.6126666666666667,-1,0,0,4.407811880111694,-1,HomeEquityCredit,LogisticRegression,50,onehot,onehot,Onehot -> [ Agglo / Closest => Original ] -> Onehot,Agglo,N/A,original,original,False,closest,Onehot -> [ AG/REAL => ORI ] -> Onehot
Train,0.86,-1,0,0,1.602323055267334,-1,HomeEquityCredit,LogisticRegression,50,onehot,onehot,Onehot -> [ GNN-MultiHead-Encoded => Agglo / Centroid => Decoded ] -> Onehot,Agglo,GNN-MultiHead,encoded,decoded,False,centroid,Onehot -> [ [GNN-SFT]-ENC => AG/SYN => DEC ] -> Onehot
Train - Original,0.619,-1,0,0,1.602323055267334,-1,HomeEquityCredit,LogisticRegression,50,onehot,onehot,Onehot -> [ GNN-MultiHead-Encoded => Agglo / Centroid => Decoded ] -> Onehot,Agglo,GNN-MultiHead,encoded,decoded,False,centroid,Onehot -> [ [GNN-SFT]-ENC => AG/SYN => DEC ] -> Onehot
Val,0.5986666666666667,-1,0,0,1.602323055267334,-1,HomeEquityCredit,LogisticRegression,50,onehot,onehot,Onehot -> [ GNN-MultiHead-Encoded => Agglo / Centroid => Decoded ] -> Onehot,Agglo,GNN-MultiHead,encoded,decoded,False,centroid,Onehot -> [ [GNN-SFT]-ENC => AG/SYN => DEC ] -> Onehot
Test,0.5953333333333333,-1,0,0,1.602323055267334,-1,HomeEquityCredit,LogisticRegression,50,onehot,onehot,Onehot -> [ GNN-MultiHead-Encoded => Agglo / Centroid => Decoded ] -> Onehot,Agglo,GNN-MultiHead,encoded,decoded,False,centroid,Onehot -> [ [GNN-SFT]-ENC => AG/SYN => DEC ] -> Onehot
Train,0.83,-1,0,0,1.2297635078430176,-1,HomeEquityCredit,LogisticRegression,50,onehot,onehot,Onehot -> [ GNN-MultiHead-Encoded => Agglo / Centroid => Decoded-Binary ] -> Onehot,Agglo,GNN-MultiHead,encoded,decoded,True,centroid,Onehot -> [ [GNN-SFT]-ENC => AG/SYN => DEC-BIN ] -> Onehot
Train - Original,0.5987142857142858,-1,0,0,1.2297635078430176,-1,HomeEquityCredit,LogisticRegression,50,onehot,onehot,Onehot -> [ GNN-MultiHead-Encoded => Agglo / Centroid => Decoded-Binary ] -> Onehot,Agglo,GNN-MultiHead,encoded,decoded,True,centroid,Onehot -> [ [GNN-SFT]-ENC => AG/SYN => DEC-BIN ] -> Onehot
Val,0.5866666666666667,-1,0,0,1.2297635078430176,-1,HomeEquityCredit,LogisticRegression,50,onehot,onehot,Onehot -> [ GNN-MultiHead-Encoded => Agglo / Centroid => Decoded-Binary ] -> Onehot,Agglo,GNN-MultiHead,encoded,decoded,True,centroid,Onehot -> [ [GNN-SFT]-ENC => AG/SYN => DEC-BIN ] -> Onehot
Test,0.5686666666666667,-1,0,0,1.2297635078430176,-1,HomeEquityCredit,LogisticRegression,50,onehot,onehot,Onehot -> [ GNN-MultiHead-Encoded => Agglo / Centroid => Decoded-Binary ] -> Onehot,Agglo,GNN-MultiHead,encoded,decoded,True,centroid,Onehot -> [ [GNN-SFT]-ENC => AG/SYN => DEC-BIN ] -> Onehot
Train,0.77,-1,0,0,0.794748067855835,-1,HomeEquityCredit,LogisticRegression,50,onehot,onehot,Onehot -> [ GNN-MultiHead-Encoded => Agglo / Centroid => Encoded ] -> Onehot,Agglo,GNN-MultiHead,encoded,encoded,False,centroid,Onehot -> [ [GNN-SFT]-ENC => AG/SYN => ENC ] -> Onehot
Train - Original,0.6934285714285715,-1,0,0,0.794748067855835,-1,HomeEquityCredit,LogisticRegression,50,onehot,onehot,Onehot -> [ GNN-MultiHead-Encoded => Agglo / Centroid => Encoded ] -> Onehot,Agglo,GNN-MultiHead,encoded,encoded,False,centroid,Onehot -> [ [GNN-SFT]-ENC => AG/SYN => ENC ] -> Onehot
Val,0.6726666666666667,-1,0,0,0.794748067855835,-1,HomeEquityCredit,LogisticRegression,50,onehot,onehot,Onehot -> [ GNN-MultiHead-Encoded => Agglo / Centroid => Encoded ] -> Onehot,Agglo,GNN-MultiHead,encoded,encoded,False,centroid,Onehot -> [ [GNN-SFT]-ENC => AG/SYN => ENC ] -> Onehot
Test,0.6753333333333333,-1,0,0,0.794748067855835,-1,HomeEquityCredit,LogisticRegression,50,onehot,onehot,Onehot -> [ GNN-MultiHead-Encoded => Agglo / Centroid => Encoded ] -> Onehot,Agglo,GNN-MultiHead,encoded,encoded,False,centroid,Onehot -> [ [GNN-SFT]-ENC => AG/SYN => ENC ] -> Onehot
Train,0.95,-1,0,0,1.4729244709014893,-1,HomeEquityCredit,LogisticRegression,50,onehot,onehot,Onehot -> [ GNN-MultiHead-Encoded => Agglo / Closest => Decoded ] -> Onehot,Agglo,GNN-MultiHead,encoded,decoded,False,closest,Onehot -> [ [GNN-SFT]-ENC => AG/REAL => DEC ] -> Onehot
Train - Original,0.6684285714285714,-1,0,0,1.4729244709014893,-1,HomeEquityCredit,LogisticRegression,50,onehot,onehot,Onehot -> [ GNN-MultiHead-Encoded => Agglo / Closest => Decoded ] -> Onehot,Agglo,GNN-MultiHead,encoded,decoded,False,closest,Onehot -> [ [GNN-SFT]-ENC => AG/REAL => DEC ] -> Onehot
Val,0.6726666666666666,-1,0,0,1.4729244709014893,-1,HomeEquityCredit,LogisticRegression,50,onehot,onehot,Onehot -> [ GNN-MultiHead-Encoded => Agglo / Closest => Decoded ] -> Onehot,Agglo,GNN-MultiHead,encoded,decoded,False,closest,Onehot -> [ [GNN-SFT]-ENC => AG/REAL => DEC ] -> Onehot
Test,0.6506666666666667,-1,0,0,1.4729244709014893,-1,HomeEquityCredit,LogisticRegression,50,onehot,onehot,Onehot -> [ GNN-MultiHead-Encoded => Agglo / Closest => Decoded ] -> Onehot,Agglo,GNN-MultiHead,encoded,decoded,False,closest,Onehot -> [ [GNN-SFT]-ENC => AG/REAL => DEC ] -> Onehot
Train,0.97,-1,0,0,1.3149783611297607,-1,HomeEquityCredit,LogisticRegression,50,onehot,onehot,Onehot -> [ GNN-MultiHead-Encoded => Agglo / Closest => Decoded-Binary ] -> Onehot,Agglo,GNN-MultiHead,encoded,decoded,True,closest,Onehot -> [ [GNN-SFT]-ENC => AG/REAL => DEC-BIN ] -> Onehot
Train - Original,0.6591428571428571,-1,0,0,1.3149783611297607,-1,HomeEquityCredit,LogisticRegression,50,onehot,onehot,Onehot -> [ GNN-MultiHead-Encoded => Agglo / Closest => Decoded-Binary ] -> Onehot,Agglo,GNN-MultiHead,encoded,decoded,True,closest,Onehot -> [ [GNN-SFT]-ENC => AG/REAL => DEC-BIN ] -> Onehot
Val,0.6573333333333333,-1,0,0,1.3149783611297607,-1,HomeEquityCredit,LogisticRegression,50,onehot,onehot,Onehot -> [ GNN-MultiHead-Encoded => Agglo / Closest => Decoded-Binary ] -> Onehot,Agglo,GNN-MultiHead,encoded,decoded,True,closest,Onehot -> [ [GNN-SFT]-ENC => AG/REAL => DEC-BIN ] -> Onehot
Test,0.6506666666666667,-1,0,0,1.3149783611297607,-1,HomeEquityCredit,LogisticRegression,50,onehot,onehot,Onehot -> [ GNN-MultiHead-Encoded => Agglo / Closest => Decoded-Binary ] -> Onehot,Agglo,GNN-MultiHead,encoded,decoded,True,closest,Onehot -> [ [GNN-SFT]-ENC => AG/REAL => DEC-BIN ] -> Onehot
Train,0.76,-1,0,0,1.2489073276519775,-1,HomeEquityCredit,LogisticRegression,50,onehot,onehot,Onehot -> [ GNN-MultiHead-Encoded => Agglo / Closest => Encoded ] -> Onehot,Agglo,GNN-MultiHead,encoded,encoded,False,closest,Onehot -> [ [GNN-SFT]-ENC => AG/REAL => ENC ] -> Onehot
Train - Original,0.6732857142857143,-1,0,0,1.2489073276519775,-1,HomeEquityCredit,LogisticRegression,50,onehot,onehot,Onehot -> [ GNN-MultiHead-Encoded => Agglo / Closest => Encoded ] -> Onehot,Agglo,GNN-MultiHead,encoded,encoded,False,closest,Onehot -> [ [GNN-SFT]-ENC => AG/REAL => ENC ] -> Onehot
Val,0.6619999999999999,-1,0,0,1.2489073276519775,-1,HomeEquityCredit,LogisticRegression,50,onehot,onehot,Onehot -> [ GNN-MultiHead-Encoded => Agglo / Closest => Encoded ] -> Onehot,Agglo,GNN-MultiHead,encoded,encoded,False,closest,Onehot -> [ [GNN-SFT]-ENC => AG/REAL => ENC ] -> Onehot
Test,0.656,-1,0,0,1.2489073276519775,-1,HomeEquityCredit,LogisticRegression,50,onehot,onehot,Onehot -> [ GNN-MultiHead-Encoded => Agglo / Closest => Encoded ] -> Onehot,Agglo,GNN-MultiHead,encoded,encoded,False,closest,Onehot -> [ [GNN-SFT]-ENC => AG/REAL => ENC ] -> Onehot
Train,0.99,-1,0,0,1.830334186553955,-1,HomeEquityCredit,LogisticRegression,50,onehot,onehot,Onehot -> [ GNN-MultiHead-Encoded => Agglo / Closest => Original ] -> Onehot,Agglo,GNN-MultiHead,encoded,original,False,closest,Onehot -> [ [GNN-SFT]-ENC => AG/REAL => ORI ] -> Onehot
Train - Original,0.6687142857142857,-1,0,0,1.830334186553955,-1,HomeEquityCredit,LogisticRegression,50,onehot,onehot,Onehot -> [ GNN-MultiHead-Encoded => Agglo / Closest => Original ] -> Onehot,Agglo,GNN-MultiHead,encoded,original,False,closest,Onehot -> [ [GNN-SFT]-ENC => AG/REAL => ORI ] -> Onehot
Val,0.6779999999999999,-1,0,0,1.830334186553955,-1,HomeEquityCredit,LogisticRegression,50,onehot,onehot,Onehot -> [ GNN-MultiHead-Encoded => Agglo / Closest => Original ] -> Onehot,Agglo,GNN-MultiHead,encoded,original,False,closest,Onehot -> [ [GNN-SFT]-ENC => AG/REAL => ORI ] -> Onehot
Test,0.6633333333333333,-1,0,0,1.830334186553955,-1,HomeEquityCredit,LogisticRegression,50,onehot,onehot,Onehot -> [ GNN-MultiHead-Encoded => Agglo / Closest => Original ] -> Onehot,Agglo,GNN-MultiHead,encoded,original,False,closest,Onehot -> [ [GNN-SFT]-ENC => AG/REAL => ORI ] -> Onehot
Train,0.8166666666666667,-1,0,0,4.151120662689209,-1,HomeEquityCredit,LogisticRegression,60,onehot,onehot,Onehot -> [ Agglo / Centroid => Original ] -> Onehot,Agglo,N/A,original,original,False,centroid,Onehot -> [ AG/SYN => ORI ] -> Onehot
Train - Original,0.6765714285714286,-1,0,0,4.151120662689209,-1,HomeEquityCredit,LogisticRegression,60,onehot,onehot,Onehot -> [ Agglo / Centroid => Original ] -> Onehot,Agglo,N/A,original,original,False,centroid,Onehot -> [ AG/SYN => ORI ] -> Onehot
Val,0.6833333333333333,-1,0,0,4.151120662689209,-1,HomeEquityCredit,LogisticRegression,60,onehot,onehot,Onehot -> [ Agglo / Centroid => Original ] -> Onehot,Agglo,N/A,original,original,False,centroid,Onehot -> [ AG/SYN => ORI ] -> Onehot
Test,0.6486666666666667,-1,0,0,4.151120662689209,-1,HomeEquityCredit,LogisticRegression,60,onehot,onehot,Onehot -> [ Agglo / Centroid => Original ] -> Onehot,Agglo,N/A,original,original,False,centroid,Onehot -> [ AG/SYN => ORI ] -> Onehot
Train,0.875,-1,0,0,4.294883728027344,-1,HomeEquityCredit,LogisticRegression,60,onehot,onehot,Onehot -> [ Agglo / Closest => Original ] -> Onehot,Agglo,N/A,original,original,False,closest,Onehot -> [ AG/REAL => ORI ] -> Onehot
Train - Original,0.666,-1,0,0,4.294883728027344,-1,HomeEquityCredit,LogisticRegression,60,onehot,onehot,Onehot -> [ Agglo / Closest => Original ] -> Onehot,Agglo,N/A,original,original,False,closest,Onehot -> [ AG/REAL => ORI ] -> Onehot
Val,0.6353333333333333,-1,0,0,4.294883728027344,-1,HomeEquityCredit,LogisticRegression,60,onehot,onehot,Onehot -> [ Agglo / Closest => Original ] -> Onehot,Agglo,N/A,original,original,False,closest,Onehot -> [ AG/REAL => ORI ] -> Onehot
Test,0.63,-1,0,0,4.294883728027344,-1,HomeEquityCredit,LogisticRegression,60,onehot,onehot,Onehot -> [ Agglo / Closest => Original ] -> Onehot,Agglo,N/A,original,original,False,closest,Onehot -> [ AG/REAL => ORI ] -> Onehot
Train,0.875,-1,0,0,1.6696572303771973,-1,HomeEquityCredit,LogisticRegression,60,onehot,onehot,Onehot -> [ GNN-MultiHead-Encoded => Agglo / Centroid => Decoded ] -> Onehot,Agglo,GNN-MultiHead,encoded,decoded,False,centroid,Onehot -> [ [GNN-SFT]-ENC => AG/SYN => DEC ] -> Onehot
Train - Original,0.6068571428571429,-1,0,0,1.6696572303771973,-1,HomeEquityCredit,LogisticRegression,60,onehot,onehot,Onehot -> [ GNN-MultiHead-Encoded => Agglo / Centroid => Decoded ] -> Onehot,Agglo,GNN-MultiHead,encoded,decoded,False,centroid,Onehot -> [ [GNN-SFT]-ENC => AG/SYN => DEC ] -> Onehot
Val,0.5793333333333334,-1,0,0,1.6696572303771973,-1,HomeEquityCredit,LogisticRegression,60,onehot,onehot,Onehot -> [ GNN-MultiHead-Encoded => Agglo / Centroid => Decoded ] -> Onehot,Agglo,GNN-MultiHead,encoded,decoded,False,centroid,Onehot -> [ [GNN-SFT]-ENC => AG/SYN => DEC ] -> Onehot
Test,0.604,-1,0,0,1.6696572303771973,-1,HomeEquityCredit,LogisticRegression,60,onehot,onehot,Onehot -> [ GNN-MultiHead-Encoded => Agglo / Centroid => Decoded ] -> Onehot,Agglo,GNN-MultiHead,encoded,decoded,False,centroid,Onehot -> [ [GNN-SFT]-ENC => AG/SYN => DEC ] -> Onehot
Train,0.8583333333333334,-1,0,0,1.813706398010254,-1,HomeEquityCredit,LogisticRegression,60,onehot,onehot,Onehot -> [ GNN-MultiHead-Encoded => Agglo / Centroid => Decoded-Binary ] -> Onehot,Agglo,GNN-MultiHead,encoded,decoded,True,centroid,Onehot -> [ [GNN-SFT]-ENC => AG/SYN => DEC-BIN ] -> Onehot
Train - Original,0.5945714285714285,-1,0,0,1.813706398010254,-1,HomeEquityCredit,LogisticRegression,60,onehot,onehot,Onehot -> [ GNN-MultiHead-Encoded => Agglo / Centroid => Decoded-Binary ] -> Onehot,Agglo,GNN-MultiHead,encoded,decoded,True,centroid,Onehot -> [ [GNN-SFT]-ENC => AG/SYN => DEC-BIN ] -> Onehot
Val,0.584,-1,0,0,1.813706398010254,-1,HomeEquityCredit,LogisticRegression,60,onehot,onehot,Onehot -> [ GNN-MultiHead-Encoded => Agglo / Centroid => Decoded-Binary ] -> Onehot,Agglo,GNN-MultiHead,encoded,decoded,True,centroid,Onehot -> [ [GNN-SFT]-ENC => AG/SYN => DEC-BIN ] -> Onehot
Test,0.5653333333333334,-1,0,0,1.813706398010254,-1,HomeEquityCredit,LogisticRegression,60,onehot,onehot,Onehot -> [ GNN-MultiHead-Encoded => Agglo / Centroid => Decoded-Binary ] -> Onehot,Agglo,GNN-MultiHead,encoded,decoded,True,centroid,Onehot -> [ [GNN-SFT]-ENC => AG/SYN => DEC-BIN ] -> Onehot
Train,0.725,-1,0,0,1.6518261432647705,-1,HomeEquityCredit,LogisticRegression,60,onehot,onehot,Onehot -> [ GNN-MultiHead-Encoded => Agglo / Centroid => Encoded ] -> Onehot,Agglo,GNN-MultiHead,encoded,encoded,False,centroid,Onehot -> [ [GNN-SFT]-ENC => AG/SYN => ENC ] -> Onehot
Train - Original,0.7025714285714286,-1,0,0,1.6518261432647705,-1,HomeEquityCredit,LogisticRegression,60,onehot,onehot,Onehot -> [ GNN-MultiHead-Encoded => Agglo / Centroid => Encoded ] -> Onehot,Agglo,GNN-MultiHead,encoded,encoded,False,centroid,Onehot -> [ [GNN-SFT]-ENC => AG/SYN => ENC ] -> Onehot
Val,0.6799999999999999,-1,0,0,1.6518261432647705,-1,HomeEquityCredit,LogisticRegression,60,onehot,onehot,Onehot -> [ GNN-MultiHead-Encoded => Agglo / Centroid => Encoded ] -> Onehot,Agglo,GNN-MultiHead,encoded,encoded,False,centroid,Onehot -> [ [GNN-SFT]-ENC => AG/SYN => ENC ] -> Onehot
Test,0.6859999999999999,-1,0,0,1.6518261432647705,-1,HomeEquityCredit,LogisticRegression,60,onehot,onehot,Onehot -> [ GNN-MultiHead-Encoded => Agglo / Centroid => Encoded ] -> Onehot,Agglo,GNN-MultiHead,encoded,encoded,False,centroid,Onehot -> [ [GNN-SFT]-ENC => AG/SYN => ENC ] -> Onehot
Train,0.9166666666666667,-1,0,0,1.7997972965240479,-1,HomeEquityCredit,LogisticRegression,60,onehot,onehot,Onehot -> [ GNN-MultiHead-Encoded => Agglo / Closest => Decoded ] -> Onehot,Agglo,GNN-MultiHead,encoded,decoded,False,closest,Onehot -> [ [GNN-SFT]-ENC => AG/REAL => DEC ] -> Onehot
Train - Original,0.6747142857142857,-1,0,0,1.7997972965240479,-1,HomeEquityCredit,LogisticRegression,60,onehot,onehot,Onehot -> [ GNN-MultiHead-Encoded => Agglo / Closest => Decoded ] -> Onehot,Agglo,GNN-MultiHead,encoded,decoded,False,closest,Onehot -> [ [GNN-SFT]-ENC => AG/REAL => DEC ] -> Onehot
Val,0.6506666666666667,-1,0,0,1.7997972965240479,-1,HomeEquityCredit,LogisticRegression,60,onehot,onehot,Onehot -> [ GNN-MultiHead-Encoded => Agglo / Closest => Decoded ] -> Onehot,Agglo,GNN-MultiHead,encoded,decoded,False,closest,Onehot -> [ [GNN-SFT]-ENC => AG/REAL => DEC ] -> Onehot
Test,0.6686666666666666,-1,0,0,1.7997972965240479,-1,HomeEquityCredit,LogisticRegression,60,onehot,onehot,Onehot -> [ GNN-MultiHead-Encoded => Agglo / Closest => Decoded ] -> Onehot,Agglo,GNN-MultiHead,encoded,decoded,False,closest,Onehot -> [ [GNN-SFT]-ENC => AG/REAL => DEC ] -> Onehot
Train,0.9333333333333333,-1,0,0,1.1346266269683838,-1,HomeEquityCredit,LogisticRegression,60,onehot,onehot,Onehot -> [ GNN-MultiHead-Encoded => Agglo / Closest => Decoded-Binary ] -> Onehot,Agglo,GNN-MultiHead,encoded,decoded,True,closest,Onehot -> [ [GNN-SFT]-ENC => AG/REAL => DEC-BIN ] -> Onehot
Train - Original,0.6728571428571428,-1,0,0,1.1346266269683838,-1,HomeEquityCredit,LogisticRegression,60,onehot,onehot,Onehot -> [ GNN-MultiHead-Encoded => Agglo / Closest => Decoded-Binary ] -> Onehot,Agglo,GNN-MultiHead,encoded,decoded,True,closest,Onehot -> [ [GNN-SFT]-ENC => AG/REAL => DEC-BIN ] -> Onehot
Val,0.6673333333333333,-1,0,0,1.1346266269683838,-1,HomeEquityCredit,LogisticRegression,60,onehot,onehot,Onehot -> [ GNN-MultiHead-Encoded => Agglo / Closest => Decoded-Binary ] -> Onehot,Agglo,GNN-MultiHead,encoded,decoded,True,closest,Onehot -> [ [GNN-SFT]-ENC => AG/REAL => DEC-BIN ] -> Onehot
Test,0.6779999999999999,-1,0,0,1.1346266269683838,-1,HomeEquityCredit,LogisticRegression,60,onehot,onehot,Onehot -> [ GNN-MultiHead-Encoded => Agglo / Closest => Decoded-Binary ] -> Onehot,Agglo,GNN-MultiHead,encoded,decoded,True,closest,Onehot -> [ [GNN-SFT]-ENC => AG/REAL => DEC-BIN ] -> Onehot
Train,0.7416666666666667,-1,0,0,1.1412394046783447,-1,HomeEquityCredit,LogisticRegression,60,onehot,onehot,Onehot -> [ GNN-MultiHead-Encoded => Agglo / Closest => Encoded ] -> Onehot,Agglo,GNN-MultiHead,encoded,encoded,False,closest,Onehot -> [ [GNN-SFT]-ENC => AG/REAL => ENC ] -> Onehot
Train - Original,0.6981428571428572,-1,0,0,1.1412394046783447,-1,HomeEquityCredit,LogisticRegression,60,onehot,onehot,Onehot -> [ GNN-MultiHead-Encoded => Agglo / Closest => Encoded ] -> Onehot,Agglo,GNN-MultiHead,encoded,encoded,False,closest,Onehot -> [ [GNN-SFT]-ENC => AG/REAL => ENC ] -> Onehot
Val,0.6779999999999999,-1,0,0,1.1412394046783447,-1,HomeEquityCredit,LogisticRegression,60,onehot,onehot,Onehot -> [ GNN-MultiHead-Encoded => Agglo / Closest => Encoded ] -> Onehot,Agglo,GNN-MultiHead,encoded,encoded,False,closest,Onehot -> [ [GNN-SFT]-ENC => AG/REAL => ENC ] -> Onehot
Test,0.6786666666666666,-1,0,0,1.1412394046783447,-1,HomeEquityCredit,LogisticRegression,60,onehot,onehot,Onehot -> [ GNN-MultiHead-Encoded => Agglo / Closest => Encoded ] -> Onehot,Agglo,GNN-MultiHead,encoded,encoded,False,closest,Onehot -> [ [GNN-SFT]-ENC => AG/REAL => ENC ] -> Onehot
Train,0.975,-1,0,0,1.7344491481781006,-1,HomeEquityCredit,LogisticRegression,60,onehot,onehot,Onehot -> [ GNN-MultiHead-Encoded => Agglo / Closest => Original ] -> Onehot,Agglo,GNN-MultiHead,encoded,original,False,closest,Onehot -> [ [GNN-SFT]-ENC => AG/REAL => ORI ] -> Onehot
Train - Original,0.6791428571428572,-1,0,0,1.7344491481781006,-1,HomeEquityCredit,LogisticRegression,60,onehot,onehot,Onehot -> [ GNN-MultiHead-Encoded => Agglo / Closest => Original ] -> Onehot,Agglo,GNN-MultiHead,encoded,original,False,closest,Onehot -> [ [GNN-SFT]-ENC => AG/REAL => ORI ] -> Onehot
Val,0.6779999999999999,-1,0,0,1.7344491481781006,-1,HomeEquityCredit,LogisticRegression,60,onehot,onehot,Onehot -> [ GNN-MultiHead-Encoded => Agglo / Closest => Original ] -> Onehot,Agglo,GNN-MultiHead,encoded,original,False,closest,Onehot -> [ [GNN-SFT]-ENC => AG/REAL => ORI ] -> Onehot
Test,0.6799999999999999,-1,0,0,1.7344491481781006,-1,HomeEquityCredit,LogisticRegression,60,onehot,onehot,Onehot -> [ GNN-MultiHead-Encoded => Agglo / Closest => Original ] -> Onehot,Agglo,GNN-MultiHead,encoded,original,False,closest,Onehot -> [ [GNN-SFT]-ENC => AG/REAL => ORI ] -> Onehot
Train,0.8142857142857143,-1,0,0,4.734129428863525,-1,HomeEquityCredit,LogisticRegression,70,onehot,onehot,Onehot -> [ Agglo / Centroid => Original ] -> Onehot,Agglo,N/A,original,original,False,centroid,Onehot -> [ AG/SYN => ORI ] -> Onehot
Train - Original,0.6785714285714286,-1,0,0,4.734129428863525,-1,HomeEquityCredit,LogisticRegression,70,onehot,onehot,Onehot -> [ Agglo / Centroid => Original ] -> Onehot,Agglo,N/A,original,original,False,centroid,Onehot -> [ AG/SYN => ORI ] -> Onehot
Val,0.6719999999999999,-1,0,0,4.734129428863525,-1,HomeEquityCredit,LogisticRegression,70,onehot,onehot,Onehot -> [ Agglo / Centroid => Original ] -> Onehot,Agglo,N/A,original,original,False,centroid,Onehot -> [ AG/SYN => ORI ] -> Onehot
Test,0.6539999999999999,-1,0,0,4.734129428863525,-1,HomeEquityCredit,LogisticRegression,70,onehot,onehot,Onehot -> [ Agglo / Centroid => Original ] -> Onehot,Agglo,N/A,original,original,False,centroid,Onehot -> [ AG/SYN => ORI ] -> Onehot
Train,0.9,-1,0,0,4.29222559928894,-1,HomeEquityCredit,LogisticRegression,70,onehot,onehot,Onehot -> [ Agglo / Closest => Original ] -> Onehot,Agglo,N/A,original,original,False,closest,Onehot -> [ AG/REAL => ORI ] -> Onehot
Train - Original,0.6674285714285715,-1,0,0,4.29222559928894,-1,HomeEquityCredit,LogisticRegression,70,onehot,onehot,Onehot -> [ Agglo / Closest => Original ] -> Onehot,Agglo,N/A,original,original,False,closest,Onehot -> [ AG/REAL => ORI ] -> Onehot
Val,0.6453333333333333,-1,0,0,4.29222559928894,-1,HomeEquityCredit,LogisticRegression,70,onehot,onehot,Onehot -> [ Agglo / Closest => Original ] -> Onehot,Agglo,N/A,original,original,False,closest,Onehot -> [ AG/REAL => ORI ] -> Onehot
Test,0.6406666666666667,-1,0,0,4.29222559928894,-1,HomeEquityCredit,LogisticRegression,70,onehot,onehot,Onehot -> [ Agglo / Closest => Original ] -> Onehot,Agglo,N/A,original,original,False,closest,Onehot -> [ AG/REAL => ORI ] -> Onehot
Train,0.8428571428571429,-1,0,0,1.3897202014923096,-1,HomeEquityCredit,LogisticRegression,70,onehot,onehot,Onehot -> [ GNN-MultiHead-Encoded => Agglo / Centroid => Decoded ] -> Onehot,Agglo,GNN-MultiHead,encoded,decoded,False,centroid,Onehot -> [ [GNN-SFT]-ENC => AG/SYN => DEC ] -> Onehot
Train - Original,0.6228571428571428,-1,0,0,1.3897202014923096,-1,HomeEquityCredit,LogisticRegression,70,onehot,onehot,Onehot -> [ GNN-MultiHead-Encoded => Agglo / Centroid => Decoded ] -> Onehot,Agglo,GNN-MultiHead,encoded,decoded,False,centroid,Onehot -> [ [GNN-SFT]-ENC => AG/SYN => DEC ] -> Onehot
Val,0.6026666666666667,-1,0,0,1.3897202014923096,-1,HomeEquityCredit,LogisticRegression,70,onehot,onehot,Onehot -> [ GNN-MultiHead-Encoded => Agglo / Centroid => Decoded ] -> Onehot,Agglo,GNN-MultiHead,encoded,decoded,False,centroid,Onehot -> [ [GNN-SFT]-ENC => AG/SYN => DEC ] -> Onehot
Test,0.6113333333333334,-1,0,0,1.3897202014923096,-1,HomeEquityCredit,LogisticRegression,70,onehot,onehot,Onehot -> [ GNN-MultiHead-Encoded => Agglo / Centroid => Decoded ] -> Onehot,Agglo,GNN-MultiHead,encoded,decoded,False,centroid,Onehot -> [ [GNN-SFT]-ENC => AG/SYN => DEC ] -> Onehot
Train,0.8714285714285714,-1,0,0,2.0437822341918945,-1,HomeEquityCredit,LogisticRegression,70,onehot,onehot,Onehot -> [ GNN-MultiHead-Encoded => Agglo / Centroid => Decoded-Binary ] -> Onehot,Agglo,GNN-MultiHead,encoded,decoded,True,centroid,Onehot -> [ [GNN-SFT]-ENC => AG/SYN => DEC-BIN ] -> Onehot
Train - Original,0.6101428571428571,-1,0,0,2.0437822341918945,-1,HomeEquityCredit,LogisticRegression,70,onehot,onehot,Onehot -> [ GNN-MultiHead-Encoded => Agglo / Centroid => Decoded-Binary ] -> Onehot,Agglo,GNN-MultiHead,encoded,decoded,True,centroid,Onehot -> [ [GNN-SFT]-ENC => AG/SYN => DEC-BIN ] -> Onehot
Val,0.6,-1,0,0,2.0437822341918945,-1,HomeEquityCredit,LogisticRegression,70,onehot,onehot,Onehot -> [ GNN-MultiHead-Encoded => Agglo / Centroid => Decoded-Binary ] -> Onehot,Agglo,GNN-MultiHead,encoded,decoded,True,centroid,Onehot -> [ [GNN-SFT]-ENC => AG/SYN => DEC-BIN ] -> Onehot
Test,0.596,-1,0,0,2.0437822341918945,-1,HomeEquityCredit,LogisticRegression,70,onehot,onehot,Onehot -> [ GNN-MultiHead-Encoded => Agglo / Centroid => Decoded-Binary ] -> Onehot,Agglo,GNN-MultiHead,encoded,decoded,True,centroid,Onehot -> [ [GNN-SFT]-ENC => AG/SYN => DEC-BIN ] -> Onehot
Train,0.7214285714285714,-1,0,0,1.4611034393310547,-1,HomeEquityCredit,LogisticRegression,70,onehot,onehot,Onehot -> [ GNN-MultiHead-Encoded => Agglo / Centroid => Encoded ] -> Onehot,Agglo,GNN-MultiHead,encoded,encoded,False,centroid,Onehot -> [ [GNN-SFT]-ENC => AG/SYN => ENC ] -> Onehot
Train - Original,0.6994285714285714,-1,0,0,1.4611034393310547,-1,HomeEquityCredit,LogisticRegression,70,onehot,onehot,Onehot -> [ GNN-MultiHead-Encoded => Agglo / Centroid => Encoded ] -> Onehot,Agglo,GNN-MultiHead,encoded,encoded,False,centroid,Onehot -> [ [GNN-SFT]-ENC => AG/SYN => ENC ] -> Onehot
Val,0.6679999999999999,-1,0,0,1.4611034393310547,-1,HomeEquityCredit,LogisticRegression,70,onehot,onehot,Onehot -> [ GNN-MultiHead-Encoded => Agglo / Centroid => Encoded ] -> Onehot,Agglo,GNN-MultiHead,encoded,encoded,False,centroid,Onehot -> [ [GNN-SFT]-ENC => AG/SYN => ENC ] -> Onehot
Test,0.6866666666666668,-1,0,0,1.4611034393310547,-1,HomeEquityCredit,LogisticRegression,70,onehot,onehot,Onehot -> [ GNN-MultiHead-Encoded => Agglo / Centroid => Encoded ] -> Onehot,Agglo,GNN-MultiHead,encoded,encoded,False,centroid,Onehot -> [ [GNN-SFT]-ENC => AG/SYN => ENC ] -> Onehot
Train,0.85,-1,0,0,1.777890920639038,-1,HomeEquityCredit,LogisticRegression,70,onehot,onehot,Onehot -> [ GNN-MultiHead-Encoded => Agglo / Closest => Decoded ] -> Onehot,Agglo,GNN-MultiHead,encoded,decoded,False,closest,Onehot -> [ [GNN-SFT]-ENC => AG/REAL => DEC ] -> Onehot
Train - Original,0.6788571428571428,-1,0,0,1.777890920639038,-1,HomeEquityCredit,LogisticRegression,70,onehot,onehot,Onehot -> [ GNN-MultiHead-Encoded => Agglo / Closest => Decoded ] -> Onehot,Agglo,GNN-MultiHead,encoded,decoded,False,closest,Onehot -> [ [GNN-SFT]-ENC => AG/REAL => DEC ] -> Onehot
Val,0.6526666666666667,-1,0,0,1.777890920639038,-1,HomeEquityCredit,LogisticRegression,70,onehot,onehot,Onehot -> [ GNN-MultiHead-Encoded => Agglo / Closest => Decoded ] -> Onehot,Agglo,GNN-MultiHead,encoded,decoded,False,closest,Onehot -> [ [GNN-SFT]-ENC => AG/REAL => DEC ] -> Onehot
Test,0.6686666666666666,-1,0,0,1.777890920639038,-1,HomeEquityCredit,LogisticRegression,70,onehot,onehot,Onehot -> [ GNN-MultiHead-Encoded => Agglo / Closest => Decoded ] -> Onehot,Agglo,GNN-MultiHead,encoded,decoded,False,closest,Onehot -> [ [GNN-SFT]-ENC => AG/REAL => DEC ] -> Onehot
Train,0.8928571428571428,-1,0,0,1.7184562683105469,-1,HomeEquityCredit,LogisticRegression,70,onehot,onehot,Onehot -> [ GNN-MultiHead-Encoded => Agglo / Closest => Decoded-Binary ] -> Onehot,Agglo,GNN-MultiHead,encoded,decoded,True,closest,Onehot -> [ [GNN-SFT]-ENC => AG/REAL => DEC-BIN ] -> Onehot
Train - Original,0.6692857142857143,-1,0,0,1.7184562683105469,-1,HomeEquityCredit,LogisticRegression,70,onehot,onehot,Onehot -> [ GNN-MultiHead-Encoded => Agglo / Closest => Decoded-Binary ] -> Onehot,Agglo,GNN-MultiHead,encoded,decoded,True,closest,Onehot -> [ [GNN-SFT]-ENC => AG/REAL => DEC-BIN ] -> Onehot
Val,0.6593333333333333,-1,0,0,1.7184562683105469,-1,HomeEquityCredit,LogisticRegression,70,onehot,onehot,Onehot -> [ GNN-MultiHead-Encoded => Agglo / Closest => Decoded-Binary ] -> Onehot,Agglo,GNN-MultiHead,encoded,decoded,True,closest,Onehot -> [ [GNN-SFT]-ENC => AG/REAL => DEC-BIN ] -> Onehot
Test,0.6739999999999999,-1,0,0,1.7184562683105469,-1,HomeEquityCredit,LogisticRegression,70,onehot,onehot,Onehot -> [ GNN-MultiHead-Encoded => Agglo / Closest => Decoded-Binary ] -> Onehot,Agglo,GNN-MultiHead,encoded,decoded,True,closest,Onehot -> [ [GNN-SFT]-ENC => AG/REAL => DEC-BIN ] -> Onehot
Train,0.7428571428571429,-1,0,0,0.7988481521606445,-1,HomeEquityCredit,LogisticRegression,70,onehot,onehot,Onehot -> [ GNN-MultiHead-Encoded => Agglo / Closest => Encoded ] -> Onehot,Agglo,GNN-MultiHead,encoded,encoded,False,closest,Onehot -> [ [GNN-SFT]-ENC => AG/REAL => ENC ] -> Onehot
Train - Original,0.6944285714285714,-1,0,0,0.7988481521606445,-1,HomeEquityCredit,LogisticRegression,70,onehot,onehot,Onehot -> [ GNN-MultiHead-Encoded => Agglo / Closest => Encoded ] -> Onehot,Agglo,GNN-MultiHead,encoded,encoded,False,closest,Onehot -> [ [GNN-SFT]-ENC => AG/REAL => ENC ] -> Onehot
Val,0.6786666666666668,-1,0,0,0.7988481521606445,-1,HomeEquityCredit,LogisticRegression,70,onehot,onehot,Onehot -> [ GNN-MultiHead-Encoded => Agglo / Closest => Encoded ] -> Onehot,Agglo,GNN-MultiHead,encoded,encoded,False,closest,Onehot -> [ [GNN-SFT]-ENC => AG/REAL => ENC ] -> Onehot
Test,0.6799999999999999,-1,0,0,0.7988481521606445,-1,HomeEquityCredit,LogisticRegression,70,onehot,onehot,Onehot -> [ GNN-MultiHead-Encoded => Agglo / Closest => Encoded ] -> Onehot,Agglo,GNN-MultiHead,encoded,encoded,False,closest,Onehot -> [ [GNN-SFT]-ENC => AG/REAL => ENC ] -> Onehot
Train,0.9357142857142857,-1,0,0,1.8189878463745117,-1,HomeEquityCredit,LogisticRegression,70,onehot,onehot,Onehot -> [ GNN-MultiHead-Encoded => Agglo / Closest => Original ] -> Onehot,Agglo,GNN-MultiHead,encoded,original,False,closest,Onehot -> [ [GNN-SFT]-ENC => AG/REAL => ORI ] -> Onehot
Train - Original,0.6822857142857143,-1,0,0,1.8189878463745117,-1,HomeEquityCredit,LogisticRegression,70,onehot,onehot,Onehot -> [ GNN-MultiHead-Encoded => Agglo / Closest => Original ] -> Onehot,Agglo,GNN-MultiHead,encoded,original,False,closest,Onehot -> [ [GNN-SFT]-ENC => AG/REAL => ORI ] -> Onehot
Val,0.6799999999999999,-1,0,0,1.8189878463745117,-1,HomeEquityCredit,LogisticRegression,70,onehot,onehot,Onehot -> [ GNN-MultiHead-Encoded => Agglo / Closest => Original ] -> Onehot,Agglo,GNN-MultiHead,encoded,original,False,closest,Onehot -> [ [GNN-SFT]-ENC => AG/REAL => ORI ] -> Onehot
Test,0.6726666666666667,-1,0,0,1.8189878463745117,-1,HomeEquityCredit,LogisticRegression,70,onehot,onehot,Onehot -> [ GNN-MultiHead-Encoded => Agglo / Closest => Original ] -> Onehot,Agglo,GNN-MultiHead,encoded,original,False,closest,Onehot -> [ [GNN-SFT]-ENC => AG/REAL => ORI ] -> Onehot
Train,0.81875,-1,0,0,4.70755934715271,-1,HomeEquityCredit,LogisticRegression,80,onehot,onehot,Onehot -> [ Agglo / Centroid => Original ] -> Onehot,Agglo,N/A,original,original,False,centroid,Onehot -> [ AG/SYN => ORI ] -> Onehot
Train - Original,0.6781428571428572,-1,0,0,4.70755934715271,-1,HomeEquityCredit,LogisticRegression,80,onehot,onehot,Onehot -> [ Agglo / Centroid => Original ] -> Onehot,Agglo,N/A,original,original,False,centroid,Onehot -> [ AG/SYN => ORI ] -> Onehot
Val,0.674,-1,0,0,4.70755934715271,-1,HomeEquityCredit,LogisticRegression,80,onehot,onehot,Onehot -> [ Agglo / Centroid => Original ] -> Onehot,Agglo,N/A,original,original,False,centroid,Onehot -> [ AG/SYN => ORI ] -> Onehot
Test,0.6579999999999999,-1,0,0,4.70755934715271,-1,HomeEquityCredit,LogisticRegression,80,onehot,onehot,Onehot -> [ Agglo / Centroid => Original ] -> Onehot,Agglo,N/A,original,original,False,centroid,Onehot -> [ AG/SYN => ORI ] -> Onehot
Train,0.8812500000000001,-1,0,0,3.445566177368164,-1,HomeEquityCredit,LogisticRegression,80,onehot,onehot,Onehot -> [ Agglo / Closest => Original ] -> Onehot,Agglo,N/A,original,original,False,closest,Onehot -> [ AG/REAL => ORI ] -> Onehot
Train - Original,0.6688571428571428,-1,0,0,3.445566177368164,-1,HomeEquityCredit,LogisticRegression,80,onehot,onehot,Onehot -> [ Agglo / Closest => Original ] -> Onehot,Agglo,N/A,original,original,False,closest,Onehot -> [ AG/REAL => ORI ] -> Onehot
Val,0.6386666666666667,-1,0,0,3.445566177368164,-1,HomeEquityCredit,LogisticRegression,80,onehot,onehot,Onehot -> [ Agglo / Closest => Original ] -> Onehot,Agglo,N/A,original,original,False,closest,Onehot -> [ AG/REAL => ORI ] -> Onehot
Test,0.6333333333333333,-1,0,0,3.445566177368164,-1,HomeEquityCredit,LogisticRegression,80,onehot,onehot,Onehot -> [ Agglo / Closest => Original ] -> Onehot,Agglo,N/A,original,original,False,closest,Onehot -> [ AG/REAL => ORI ] -> Onehot
Train,0.825,-1,0,0,1.7907326221466064,-1,HomeEquityCredit,LogisticRegression,80,onehot,onehot,Onehot -> [ GNN-MultiHead-Encoded => Agglo / Centroid => Decoded ] -> Onehot,Agglo,GNN-MultiHead,encoded,decoded,False,centroid,Onehot -> [ [GNN-SFT]-ENC => AG/SYN => DEC ] -> Onehot
Train - Original,0.634,-1,0,0,1.7907326221466064,-1,HomeEquityCredit,LogisticRegression,80,onehot,onehot,Onehot -> [ GNN-MultiHead-Encoded => Agglo / Centroid => Decoded ] -> Onehot,Agglo,GNN-MultiHead,encoded,decoded,False,centroid,Onehot -> [ [GNN-SFT]-ENC => AG/SYN => DEC ] -> Onehot
Val,0.6213333333333333,-1,0,0,1.7907326221466064,-1,HomeEquityCredit,LogisticRegression,80,onehot,onehot,Onehot -> [ GNN-MultiHead-Encoded => Agglo / Centroid => Decoded ] -> Onehot,Agglo,GNN-MultiHead,encoded,decoded,False,centroid,Onehot -> [ [GNN-SFT]-ENC => AG/SYN => DEC ] -> Onehot
Test,0.624,-1,0,0,1.7907326221466064,-1,HomeEquityCredit,LogisticRegression,80,onehot,onehot,Onehot -> [ GNN-MultiHead-Encoded => Agglo / Centroid => Decoded ] -> Onehot,Agglo,GNN-MultiHead,encoded,decoded,False,centroid,Onehot -> [ [GNN-SFT]-ENC => AG/SYN => DEC ] -> Onehot
Train,0.83125,-1,0,0,1.6763110160827637,-1,HomeEquityCredit,LogisticRegression,80,onehot,onehot,Onehot -> [ GNN-MultiHead-Encoded => Agglo / Centroid => Decoded-Binary ] -> Onehot,Agglo,GNN-MultiHead,encoded,decoded,True,centroid,Onehot -> [ [GNN-SFT]-ENC => AG/SYN => DEC-BIN ] -> Onehot
Train - Original,0.6181428571428571,-1,0,0,1.6763110160827637,-1,HomeEquityCredit,LogisticRegression,80,onehot,onehot,Onehot -> [ GNN-MultiHead-Encoded => Agglo / Centroid => Decoded-Binary ] -> Onehot,Agglo,GNN-MultiHead,encoded,decoded,True,centroid,Onehot -> [ [GNN-SFT]-ENC => AG/SYN => DEC-BIN ] -> Onehot
Val,0.5960000000000001,-1,0,0,1.6763110160827637,-1,HomeEquityCredit,LogisticRegression,80,onehot,onehot,Onehot -> [ GNN-MultiHead-Encoded => Agglo / Centroid => Decoded-Binary ] -> Onehot,Agglo,GNN-MultiHead,encoded,decoded,True,centroid,Onehot -> [ [GNN-SFT]-ENC => AG/SYN => DEC-BIN ] -> Onehot
Test,0.6053333333333333,-1,0,0,1.6763110160827637,-1,HomeEquityCredit,LogisticRegression,80,onehot,onehot,Onehot -> [ GNN-MultiHead-Encoded => Agglo / Centroid => Decoded-Binary ] -> Onehot,Agglo,GNN-MultiHead,encoded,decoded,True,centroid,Onehot -> [ [GNN-SFT]-ENC => AG/SYN => DEC-BIN ] -> Onehot
Train,0.73125,-1,0,0,1.635749340057373,-1,HomeEquityCredit,LogisticRegression,80,onehot,onehot,Onehot -> [ GNN-MultiHead-Encoded => Agglo / Centroid => Encoded ] -> Onehot,Agglo,GNN-MultiHead,encoded,encoded,False,centroid,Onehot -> [ [GNN-SFT]-ENC => AG/SYN => ENC ] -> Onehot
Train - Original,0.6974285714285715,-1,0,0,1.635749340057373,-1,HomeEquityCredit,LogisticRegression,80,onehot,onehot,Onehot -> [ GNN-MultiHead-Encoded => Agglo / Centroid => Encoded ] -> Onehot,Agglo,GNN-MultiHead,encoded,encoded,False,centroid,Onehot -> [ [GNN-SFT]-ENC => AG/SYN => ENC ] -> Onehot
Val,0.6619999999999999,-1,0,0,1.635749340057373,-1,HomeEquityCredit,LogisticRegression,80,onehot,onehot,Onehot -> [ GNN-MultiHead-Encoded => Agglo / Centroid => Encoded ] -> Onehot,Agglo,GNN-MultiHead,encoded,encoded,False,centroid,Onehot -> [ [GNN-SFT]-ENC => AG/SYN => ENC ] -> Onehot
Test,0.6793333333333333,-1,0,0,1.635749340057373,-1,HomeEquityCredit,LogisticRegression,80,onehot,onehot,Onehot -> [ GNN-MultiHead-Encoded => Agglo / Centroid => Encoded ] -> Onehot,Agglo,GNN-MultiHead,encoded,encoded,False,centroid,Onehot -> [ [GNN-SFT]-ENC => AG/SYN => ENC ] -> Onehot
Train,0.85625,-1,0,0,1.8749632835388184,-1,HomeEquityCredit,LogisticRegression,80,onehot,onehot,Onehot -> [ GNN-MultiHead-Encoded => Agglo / Closest => Decoded ] -> Onehot,Agglo,GNN-MultiHead,encoded,decoded,False,closest,Onehot -> [ [GNN-SFT]-ENC => AG/REAL => DEC ] -> Onehot
Train - Original,0.6778571428571428,-1,0,0,1.8749632835388184,-1,HomeEquityCredit,LogisticRegression,80,onehot,onehot,Onehot -> [ GNN-MultiHead-Encoded => Agglo / Closest => Decoded ] -> Onehot,Agglo,GNN-MultiHead,encoded,decoded,False,closest,Onehot -> [ [GNN-SFT]-ENC => AG/REAL => DEC ] -> Onehot
Val,0.6646666666666667,-1,0,0,1.8749632835388184,-1,HomeEquityCredit,LogisticRegression,80,onehot,onehot,Onehot -> [ GNN-MultiHead-Encoded => Agglo / Closest => Decoded ] -> Onehot,Agglo,GNN-MultiHead,encoded,decoded,False,closest,Onehot -> [ [GNN-SFT]-ENC => AG/REAL => DEC ] -> Onehot
Test,0.664,-1,0,0,1.8749632835388184,-1,HomeEquityCredit,LogisticRegression,80,onehot,onehot,Onehot -> [ GNN-MultiHead-Encoded => Agglo / Closest => Decoded ] -> Onehot,Agglo,GNN-MultiHead,encoded,decoded,False,closest,Onehot -> [ [GNN-SFT]-ENC => AG/REAL => DEC ] -> Onehot
Train,0.88125,-1,0,0,1.7280831336975098,-1,HomeEquityCredit,LogisticRegression,80,onehot,onehot,Onehot -> [ GNN-MultiHead-Encoded => Agglo / Closest => Decoded-Binary ] -> Onehot,Agglo,GNN-MultiHead,encoded,decoded,True,closest,Onehot -> [ [GNN-SFT]-ENC => AG/REAL => DEC-BIN ] -> Onehot
Train - Original,0.6741428571428572,-1,0,0,1.7280831336975098,-1,HomeEquityCredit,LogisticRegression,80,onehot,onehot,Onehot -> [ GNN-MultiHead-Encoded => Agglo / Closest => Decoded-Binary ] -> Onehot,Agglo,GNN-MultiHead,encoded,decoded,True,closest,Onehot -> [ [GNN-SFT]-ENC => AG/REAL => DEC-BIN ] -> Onehot
Val,0.6726666666666666,-1,0,0,1.7280831336975098,-1,HomeEquityCredit,LogisticRegression,80,onehot,onehot,Onehot -> [ GNN-MultiHead-Encoded => Agglo / Closest => Decoded-Binary ] -> Onehot,Agglo,GNN-MultiHead,encoded,decoded,True,closest,Onehot -> [ [GNN-SFT]-ENC => AG/REAL => DEC-BIN ] -> Onehot
Test,0.6613333333333333,-1,0,0,1.7280831336975098,-1,HomeEquityCredit,LogisticRegression,80,onehot,onehot,Onehot -> [ GNN-MultiHead-Encoded => Agglo / Closest => Decoded-Binary ] -> Onehot,Agglo,GNN-MultiHead,encoded,decoded,True,closest,Onehot -> [ [GNN-SFT]-ENC => AG/REAL => DEC-BIN ] -> Onehot
Train,0.7375,-1,0,0,1.4329369068145752,-1,HomeEquityCredit,LogisticRegression,80,onehot,onehot,Onehot -> [ GNN-MultiHead-Encoded => Agglo / Closest => Encoded ] -> Onehot,Agglo,GNN-MultiHead,encoded,encoded,False,closest,Onehot -> [ [GNN-SFT]-ENC => AG/REAL => ENC ] -> Onehot
Train - Original,0.7042857142857143,-1,0,0,1.4329369068145752,-1,HomeEquityCredit,LogisticRegression,80,onehot,onehot,Onehot -> [ GNN-MultiHead-Encoded => Agglo / Closest => Encoded ] -> Onehot,Agglo,GNN-MultiHead,encoded,encoded,False,closest,Onehot -> [ [GNN-SFT]-ENC => AG/REAL => ENC ] -> Onehot
Val,0.6793333333333333,-1,0,0,1.4329369068145752,-1,HomeEquityCredit,LogisticRegression,80,onehot,onehot,Onehot -> [ GNN-MultiHead-Encoded => Agglo / Closest => Encoded ] -> Onehot,Agglo,GNN-MultiHead,encoded,encoded,False,closest,Onehot -> [ [GNN-SFT]-ENC => AG/REAL => ENC ] -> Onehot
Test,0.6759999999999999,-1,0,0,1.4329369068145752,-1,HomeEquityCredit,LogisticRegression,80,onehot,onehot,Onehot -> [ GNN-MultiHead-Encoded => Agglo / Closest => Encoded ] -> Onehot,Agglo,GNN-MultiHead,encoded,encoded,False,closest,Onehot -> [ [GNN-SFT]-ENC => AG/REAL => ENC ] -> Onehot
Train,0.91875,-1,0,0,1.7851085662841797,-1,HomeEquityCredit,LogisticRegression,80,onehot,onehot,Onehot -> [ GNN-MultiHead-Encoded => Agglo / Closest => Original ] -> Onehot,Agglo,GNN-MultiHead,encoded,original,False,closest,Onehot -> [ [GNN-SFT]-ENC => AG/REAL => ORI ] -> Onehot
Train - Original,0.6808571428571428,-1,0,0,1.7851085662841797,-1,HomeEquityCredit,LogisticRegression,80,onehot,onehot,Onehot -> [ GNN-MultiHead-Encoded => Agglo / Closest => Original ] -> Onehot,Agglo,GNN-MultiHead,encoded,original,False,closest,Onehot -> [ [GNN-SFT]-ENC => AG/REAL => ORI ] -> Onehot
Val,0.6739999999999999,-1,0,0,1.7851085662841797,-1,HomeEquityCredit,LogisticRegression,80,onehot,onehot,Onehot -> [ GNN-MultiHead-Encoded => Agglo / Closest => Original ] -> Onehot,Agglo,GNN-MultiHead,encoded,original,False,closest,Onehot -> [ [GNN-SFT]-ENC => AG/REAL => ORI ] -> Onehot
Test,0.668,-1,0,0,1.7851085662841797,-1,HomeEquityCredit,LogisticRegression,80,onehot,onehot,Onehot -> [ GNN-MultiHead-Encoded => Agglo / Closest => Original ] -> Onehot,Agglo,GNN-MultiHead,encoded,original,False,closest,Onehot -> [ [GNN-SFT]-ENC => AG/REAL => ORI ] -> Onehot
Train,0.8111111111111111,-1,0,0,3.747509002685547,-1,HomeEquityCredit,LogisticRegression,90,onehot,onehot,Onehot -> [ Agglo / Centroid => Original ] -> Onehot,Agglo,N/A,original,original,False,centroid,Onehot -> [ AG/SYN => ORI ] -> Onehot
Train - Original,0.6757142857142857,-1,0,0,3.747509002685547,-1,HomeEquityCredit,LogisticRegression,90,onehot,onehot,Onehot -> [ Agglo / Centroid => Original ] -> Onehot,Agglo,N/A,original,original,False,centroid,Onehot -> [ AG/SYN => ORI ] -> Onehot
Val,0.6799999999999999,-1,0,0,3.747509002685547,-1,HomeEquityCredit,LogisticRegression,90,onehot,onehot,Onehot -> [ Agglo / Centroid => Original ] -> Onehot,Agglo,N/A,original,original,False,centroid,Onehot -> [ AG/SYN => ORI ] -> Onehot
Test,0.6513333333333333,-1,0,0,3.747509002685547,-1,HomeEquityCredit,LogisticRegression,90,onehot,onehot,Onehot -> [ Agglo / Centroid => Original ] -> Onehot,Agglo,N/A,original,original,False,centroid,Onehot -> [ AG/SYN => ORI ] -> Onehot
Train,0.8833333333333333,-1,0,0,4.596149444580078,-1,HomeEquityCredit,LogisticRegression,90,onehot,onehot,Onehot -> [ Agglo / Closest => Original ] -> Onehot,Agglo,N/A,original,original,False,closest,Onehot -> [ AG/REAL => ORI ] -> Onehot
Train - Original,0.661,-1,0,0,4.596149444580078,-1,HomeEquityCredit,LogisticRegression,90,onehot,onehot,Onehot -> [ Agglo / Closest => Original ] -> Onehot,Agglo,N/A,original,original,False,closest,Onehot -> [ AG/REAL => ORI ] -> Onehot
Val,0.6306666666666667,-1,0,0,4.596149444580078,-1,HomeEquityCredit,LogisticRegression,90,onehot,onehot,Onehot -> [ Agglo / Closest => Original ] -> Onehot,Agglo,N/A,original,original,False,closest,Onehot -> [ AG/REAL => ORI ] -> Onehot
Test,0.6153333333333333,-1,0,0,4.596149444580078,-1,HomeEquityCredit,LogisticRegression,90,onehot,onehot,Onehot -> [ Agglo / Closest => Original ] -> Onehot,Agglo,N/A,original,original,False,closest,Onehot -> [ AG/REAL => ORI ] -> Onehot
Train,0.8277777777777777,-1,0,0,1.4510202407836914,-1,HomeEquityCredit,LogisticRegression,90,onehot,onehot,Onehot -> [ GNN-MultiHead-Encoded => Agglo / Centroid => Decoded ] -> Onehot,Agglo,GNN-MultiHead,encoded,decoded,False,centroid,Onehot -> [ [GNN-SFT]-ENC => AG/SYN => DEC ] -> Onehot
Train - Original,0.6271428571428572,-1,0,0,1.4510202407836914,-1,HomeEquityCredit,LogisticRegression,90,onehot,onehot,Onehot -> [ GNN-MultiHead-Encoded => Agglo / Centroid => Decoded ] -> Onehot,Agglo,GNN-MultiHead,encoded,decoded,False,centroid,Onehot -> [ [GNN-SFT]-ENC => AG/SYN => DEC ] -> Onehot
Val,0.6339999999999999,-1,0,0,1.4510202407836914,-1,HomeEquityCredit,LogisticRegression,90,onehot,onehot,Onehot -> [ GNN-MultiHead-Encoded => Agglo / Centroid => Decoded ] -> Onehot,Agglo,GNN-MultiHead,encoded,decoded,False,centroid,Onehot -> [ [GNN-SFT]-ENC => AG/SYN => DEC ] -> Onehot
Test,0.622,-1,0,0,1.4510202407836914,-1,HomeEquityCredit,LogisticRegression,90,onehot,onehot,Onehot -> [ GNN-MultiHead-Encoded => Agglo / Centroid => Decoded ] -> Onehot,Agglo,GNN-MultiHead,encoded,decoded,False,centroid,Onehot -> [ [GNN-SFT]-ENC => AG/SYN => DEC ] -> Onehot
Train,0.8388888888888889,-1,0,0,1.876030683517456,-1,HomeEquityCredit,LogisticRegression,90,onehot,onehot,Onehot -> [ GNN-MultiHead-Encoded => Agglo / Centroid => Decoded-Binary ] -> Onehot,Agglo,GNN-MultiHead,encoded,decoded,True,centroid,Onehot -> [ [GNN-SFT]-ENC => AG/SYN => DEC-BIN ] -> Onehot
Train - Original,0.6064285714285714,-1,0,0,1.876030683517456,-1,HomeEquityCredit,LogisticRegression,90,onehot,onehot,Onehot -> [ GNN-MultiHead-Encoded => Agglo / Centroid => Decoded-Binary ] -> Onehot,Agglo,GNN-MultiHead,encoded,decoded,True,centroid,Onehot -> [ [GNN-SFT]-ENC => AG/SYN => DEC-BIN ] -> Onehot
Val,0.5893333333333333,-1,0,0,1.876030683517456,-1,HomeEquityCredit,LogisticRegression,90,onehot,onehot,Onehot -> [ GNN-MultiHead-Encoded => Agglo / Centroid => Decoded-Binary ] -> Onehot,Agglo,GNN-MultiHead,encoded,decoded,True,centroid,Onehot -> [ [GNN-SFT]-ENC => AG/SYN => DEC-BIN ] -> Onehot
Test,0.602,-1,0,0,1.876030683517456,-1,HomeEquityCredit,LogisticRegression,90,onehot,onehot,Onehot -> [ GNN-MultiHead-Encoded => Agglo / Centroid => Decoded-Binary ] -> Onehot,Agglo,GNN-MultiHead,encoded,decoded,True,centroid,Onehot -> [ [GNN-SFT]-ENC => AG/SYN => DEC-BIN ] -> Onehot
Train,0.7277777777777777,-1,0,0,1.752960205078125,-1,HomeEquityCredit,LogisticRegression,90,onehot,onehot,Onehot -> [ GNN-MultiHead-Encoded => Agglo / Centroid => Encoded ] -> Onehot,Agglo,GNN-MultiHead,encoded,encoded,False,centroid,Onehot -> [ [GNN-SFT]-ENC => AG/SYN => ENC ] -> Onehot
Train - Original,0.7044285714285714,-1,0,0,1.752960205078125,-1,HomeEquityCredit,LogisticRegression,90,onehot,onehot,Onehot -> [ GNN-MultiHead-Encoded => Agglo / Centroid => Encoded ] -> Onehot,Agglo,GNN-MultiHead,encoded,encoded,False,centroid,Onehot -> [ [GNN-SFT]-ENC => AG/SYN => ENC ] -> Onehot
Val,0.6779999999999999,-1,0,0,1.752960205078125,-1,HomeEquityCredit,LogisticRegression,90,onehot,onehot,Onehot -> [ GNN-MultiHead-Encoded => Agglo / Centroid => Encoded ] -> Onehot,Agglo,GNN-MultiHead,encoded,encoded,False,centroid,Onehot -> [ [GNN-SFT]-ENC => AG/SYN => ENC ] -> Onehot
Test,0.6839999999999999,-1,0,0,1.752960205078125,-1,HomeEquityCredit,LogisticRegression,90,onehot,onehot,Onehot -> [ GNN-MultiHead-Encoded => Agglo / Centroid => Encoded ] -> Onehot,Agglo,GNN-MultiHead,encoded,encoded,False,centroid,Onehot -> [ [GNN-SFT]-ENC => AG/SYN => ENC ] -> Onehot
Train,0.8666666666666667,-1,0,0,1.7075283527374268,-1,HomeEquityCredit,LogisticRegression,90,onehot,onehot,Onehot -> [ GNN-MultiHead-Encoded => Agglo / Closest => Decoded ] -> Onehot,Agglo,GNN-MultiHead,encoded,decoded,False,closest,Onehot -> [ [GNN-SFT]-ENC => AG/REAL => DEC ] -> Onehot
Train - Original,0.6688571428571428,-1,0,0,1.7075283527374268,-1,HomeEquityCredit,LogisticRegression,90,onehot,onehot,Onehot -> [ GNN-MultiHead-Encoded => Agglo / Closest => Decoded ] -> Onehot,Agglo,GNN-MultiHead,encoded,decoded,False,closest,Onehot -> [ [GNN-SFT]-ENC => AG/REAL => DEC ] -> Onehot
Val,0.6633333333333333,-1,0,0,1.7075283527374268,-1,HomeEquityCredit,LogisticRegression,90,onehot,onehot,Onehot -> [ GNN-MultiHead-Encoded => Agglo / Closest => Decoded ] -> Onehot,Agglo,GNN-MultiHead,encoded,decoded,False,closest,Onehot -> [ [GNN-SFT]-ENC => AG/REAL => DEC ] -> Onehot
Test,0.6506666666666667,-1,0,0,1.7075283527374268,-1,HomeEquityCredit,LogisticRegression,90,onehot,onehot,Onehot -> [ GNN-MultiHead-Encoded => Agglo / Closest => Decoded ] -> Onehot,Agglo,GNN-MultiHead,encoded,decoded,False,closest,Onehot -> [ [GNN-SFT]-ENC => AG/REAL => DEC ] -> Onehot
Train,0.8777777777777778,-1,0,0,1.4035828113555908,-1,HomeEquityCredit,LogisticRegression,90,onehot,onehot,Onehot -> [ GNN-MultiHead-Encoded => Agglo / Closest => Decoded-Binary ] -> Onehot,Agglo,GNN-MultiHead,encoded,decoded,True,closest,Onehot -> [ [GNN-SFT]-ENC => AG/REAL => DEC-BIN ] -> Onehot
Train - Original,0.6691428571428572,-1,0,0,1.4035828113555908,-1,HomeEquityCredit,LogisticRegression,90,onehot,onehot,Onehot -> [ GNN-MultiHead-Encoded => Agglo / Closest => Decoded-Binary ] -> Onehot,Agglo,GNN-MultiHead,encoded,decoded,True,closest,Onehot -> [ [GNN-SFT]-ENC => AG/REAL => DEC-BIN ] -> Onehot
Val,0.6506666666666667,-1,0,0,1.4035828113555908,-1,HomeEquityCredit,LogisticRegression,90,onehot,onehot,Onehot -> [ GNN-MultiHead-Encoded => Agglo / Closest => Decoded-Binary ] -> Onehot,Agglo,GNN-MultiHead,encoded,decoded,True,closest,Onehot -> [ [GNN-SFT]-ENC => AG/REAL => DEC-BIN ] -> Onehot
Test,0.6493333333333333,-1,0,0,1.4035828113555908,-1,HomeEquityCredit,LogisticRegression,90,onehot,onehot,Onehot -> [ GNN-MultiHead-Encoded => Agglo / Closest => Decoded-Binary ] -> Onehot,Agglo,GNN-MultiHead,encoded,decoded,True,closest,Onehot -> [ [GNN-SFT]-ENC => AG/REAL => DEC-BIN ] -> Onehot
Train,0.7166666666666667,-1,0,0,1.7921791076660156,-1,HomeEquityCredit,LogisticRegression,90,onehot,onehot,Onehot -> [ GNN-MultiHead-Encoded => Agglo / Closest => Encoded ] -> Onehot,Agglo,GNN-MultiHead,encoded,encoded,False,closest,Onehot -> [ [GNN-SFT]-ENC => AG/REAL => ENC ] -> Onehot
Train - Original,0.7005714285714286,-1,0,0,1.7921791076660156,-1,HomeEquityCredit,LogisticRegression,90,onehot,onehot,Onehot -> [ GNN-MultiHead-Encoded => Agglo / Closest => Encoded ] -> Onehot,Agglo,GNN-MultiHead,encoded,encoded,False,closest,Onehot -> [ [GNN-SFT]-ENC => AG/REAL => ENC ] -> Onehot
Val,0.6759999999999999,-1,0,0,1.7921791076660156,-1,HomeEquityCredit,LogisticRegression,90,onehot,onehot,Onehot -> [ GNN-MultiHead-Encoded => Agglo / Closest => Encoded ] -> Onehot,Agglo,GNN-MultiHead,encoded,encoded,False,closest,Onehot -> [ [GNN-SFT]-ENC => AG/REAL => ENC ] -> Onehot
Test,0.6753333333333333,-1,0,0,1.7921791076660156,-1,HomeEquityCredit,LogisticRegression,90,onehot,onehot,Onehot -> [ GNN-MultiHead-Encoded => Agglo / Closest => Encoded ] -> Onehot,Agglo,GNN-MultiHead,encoded,encoded,False,closest,Onehot -> [ [GNN-SFT]-ENC => AG/REAL => ENC ] -> Onehot
Train,0.9111111111111111,-1,0,0,1.5307281017303467,-1,HomeEquityCredit,LogisticRegression,90,onehot,onehot,Onehot -> [ GNN-MultiHead-Encoded => Agglo / Closest => Original ] -> Onehot,Agglo,GNN-MultiHead,encoded,original,False,closest,Onehot -> [ [GNN-SFT]-ENC => AG/REAL => ORI ] -> Onehot
Train - Original,0.6818571428571429,-1,0,0,1.5307281017303467,-1,HomeEquityCredit,LogisticRegression,90,onehot,onehot,Onehot -> [ GNN-MultiHead-Encoded => Agglo / Closest => Original ] -> Onehot,Agglo,GNN-MultiHead,encoded,original,False,closest,Onehot -> [ [GNN-SFT]-ENC => AG/REAL => ORI ] -> Onehot
Val,0.6799999999999999,-1,0,0,1.5307281017303467,-1,HomeEquityCredit,LogisticRegression,90,onehot,onehot,Onehot -> [ GNN-MultiHead-Encoded => Agglo / Closest => Original ] -> Onehot,Agglo,GNN-MultiHead,encoded,original,False,closest,Onehot -> [ [GNN-SFT]-ENC => AG/REAL => ORI ] -> Onehot
Test,0.6593333333333333,-1,0,0,1.5307281017303467,-1,HomeEquityCredit,LogisticRegression,90,onehot,onehot,Onehot -> [ GNN-MultiHead-Encoded => Agglo / Closest => Original ] -> Onehot,Agglo,GNN-MultiHead,encoded,original,False,closest,Onehot -> [ [GNN-SFT]-ENC => AG/REAL => ORI ] -> Onehot
Train,0.815,-1,0,0,4.551660776138306,-1,HomeEquityCredit,LogisticRegression,100,onehot,onehot,Onehot -> [ Agglo / Centroid => Original ] -> Onehot,Agglo,N/A,original,original,False,centroid,Onehot -> [ AG/SYN => ORI ] -> Onehot
Train - Original,0.681,-1,0,0,4.551660776138306,-1,HomeEquityCredit,LogisticRegression,100,onehot,onehot,Onehot -> [ Agglo / Centroid => Original ] -> Onehot,Agglo,N/A,original,original,False,centroid,Onehot -> [ AG/SYN => ORI ] -> Onehot
Val,0.6813333333333333,-1,0,0,4.551660776138306,-1,HomeEquityCredit,LogisticRegression,100,onehot,onehot,Onehot -> [ Agglo / Centroid => Original ] -> Onehot,Agglo,N/A,original,original,False,centroid,Onehot -> [ AG/SYN => ORI ] -> Onehot
Test,0.6466666666666667,-1,0,0,4.551660776138306,-1,HomeEquityCredit,LogisticRegression,100,onehot,onehot,Onehot -> [ Agglo / Centroid => Original ] -> Onehot,Agglo,N/A,original,original,False,centroid,Onehot -> [ AG/SYN => ORI ] -> Onehot
Train,0.8300000000000001,-1,0,0,4.3256003856658936,-1,HomeEquityCredit,LogisticRegression,100,onehot,onehot,Onehot -> [ Agglo / Closest => Original ] -> Onehot,Agglo,N/A,original,original,False,closest,Onehot -> [ AG/REAL => ORI ] -> Onehot
Train - Original,0.6719999999999999,-1,0,0,4.3256003856658936,-1,HomeEquityCredit,LogisticRegression,100,onehot,onehot,Onehot -> [ Agglo / Closest => Original ] -> Onehot,Agglo,N/A,original,original,False,closest,Onehot -> [ AG/REAL => ORI ] -> Onehot
Val,0.6613333333333333,-1,0,0,4.3256003856658936,-1,HomeEquityCredit,LogisticRegression,100,onehot,onehot,Onehot -> [ Agglo / Closest => Original ] -> Onehot,Agglo,N/A,original,original,False,closest,Onehot -> [ AG/REAL => ORI ] -> Onehot
Test,0.644,-1,0,0,4.3256003856658936,-1,HomeEquityCredit,LogisticRegression,100,onehot,onehot,Onehot -> [ Agglo / Closest => Original ] -> Onehot,Agglo,N/A,original,original,False,closest,Onehot -> [ AG/REAL => ORI ] -> Onehot
Train,0.8049999999999999,-1,0,0,1.7581424713134766,-1,HomeEquityCredit,LogisticRegression,100,onehot,onehot,Onehot -> [ GNN-MultiHead-Encoded => Agglo / Centroid => Decoded ] -> Onehot,Agglo,GNN-MultiHead,encoded,decoded,False,centroid,Onehot -> [ [GNN-SFT]-ENC => AG/SYN => DEC ] -> Onehot
Train - Original,0.6417142857142857,-1,0,0,1.7581424713134766,-1,HomeEquityCredit,LogisticRegression,100,onehot,onehot,Onehot -> [ GNN-MultiHead-Encoded => Agglo / Centroid => Decoded ] -> Onehot,Agglo,GNN-MultiHead,encoded,decoded,False,centroid,Onehot -> [ [GNN-SFT]-ENC => AG/SYN => DEC ] -> Onehot
Val,0.632,-1,0,0,1.7581424713134766,-1,HomeEquityCredit,LogisticRegression,100,onehot,onehot,Onehot -> [ GNN-MultiHead-Encoded => Agglo / Centroid => Decoded ] -> Onehot,Agglo,GNN-MultiHead,encoded,decoded,False,centroid,Onehot -> [ [GNN-SFT]-ENC => AG/SYN => DEC ] -> Onehot
Test,0.6213333333333333,-1,0,0,1.7581424713134766,-1,HomeEquityCredit,LogisticRegression,100,onehot,onehot,Onehot -> [ GNN-MultiHead-Encoded => Agglo / Centroid => Decoded ] -> Onehot,Agglo,GNN-MultiHead,encoded,decoded,False,centroid,Onehot -> [ [GNN-SFT]-ENC => AG/SYN => DEC ] -> Onehot
Train,0.815,-1,0,0,1.487534999847412,-1,HomeEquityCredit,LogisticRegression,100,onehot,onehot,Onehot -> [ GNN-MultiHead-Encoded => Agglo / Centroid => Decoded-Binary ] -> Onehot,Agglo,GNN-MultiHead,encoded,decoded,True,centroid,Onehot -> [ [GNN-SFT]-ENC => AG/SYN => DEC-BIN ] -> Onehot
Train - Original,0.6225714285714286,-1,0,0,1.487534999847412,-1,HomeEquityCredit,LogisticRegression,100,onehot,onehot,Onehot -> [ GNN-MultiHead-Encoded => Agglo / Centroid => Decoded-Binary ] -> Onehot,Agglo,GNN-MultiHead,encoded,decoded,True,centroid,Onehot -> [ [GNN-SFT]-ENC => AG/SYN => DEC-BIN ] -> Onehot
Val,0.596,-1,0,0,1.487534999847412,-1,HomeEquityCredit,LogisticRegression,100,onehot,onehot,Onehot -> [ GNN-MultiHead-Encoded => Agglo / Centroid => Decoded-Binary ] -> Onehot,Agglo,GNN-MultiHead,encoded,decoded,True,centroid,Onehot -> [ [GNN-SFT]-ENC => AG/SYN => DEC-BIN ] -> Onehot
Test,0.6006666666666667,-1,0,0,1.487534999847412,-1,HomeEquityCredit,LogisticRegression,100,onehot,onehot,Onehot -> [ GNN-MultiHead-Encoded => Agglo / Centroid => Decoded-Binary ] -> Onehot,Agglo,GNN-MultiHead,encoded,decoded,True,centroid,Onehot -> [ [GNN-SFT]-ENC => AG/SYN => DEC-BIN ] -> Onehot
Train,0.73,-1,0,0,1.6205260753631592,-1,HomeEquityCredit,LogisticRegression,100,onehot,onehot,Onehot -> [ GNN-MultiHead-Encoded => Agglo / Centroid => Encoded ] -> Onehot,Agglo,GNN-MultiHead,encoded,encoded,False,centroid,Onehot -> [ [GNN-SFT]-ENC => AG/SYN => ENC ] -> Onehot
Train - Original,0.7042857142857143,-1,0,0,1.6205260753631592,-1,HomeEquityCredit,LogisticRegression,100,onehot,onehot,Onehot -> [ GNN-MultiHead-Encoded => Agglo / Centroid => Encoded ] -> Onehot,Agglo,GNN-MultiHead,encoded,encoded,False,centroid,Onehot -> [ [GNN-SFT]-ENC => AG/SYN => ENC ] -> Onehot
Val,0.6853333333333333,-1,0,0,1.6205260753631592,-1,HomeEquityCredit,LogisticRegression,100,onehot,onehot,Onehot -> [ GNN-MultiHead-Encoded => Agglo / Centroid => Encoded ] -> Onehot,Agglo,GNN-MultiHead,encoded,encoded,False,centroid,Onehot -> [ [GNN-SFT]-ENC => AG/SYN => ENC ] -> Onehot
Test,0.6866666666666668,-1,0,0,1.6205260753631592,-1,HomeEquityCredit,LogisticRegression,100,onehot,onehot,Onehot -> [ GNN-MultiHead-Encoded => Agglo / Centroid => Encoded ] -> Onehot,Agglo,GNN-MultiHead,encoded,encoded,False,centroid,Onehot -> [ [GNN-SFT]-ENC => AG/SYN => ENC ] -> Onehot
Train,0.815,-1,0,0,1.4904718399047852,-1,HomeEquityCredit,LogisticRegression,100,onehot,onehot,Onehot -> [ GNN-MultiHead-Encoded => Agglo / Closest => Decoded ] -> Onehot,Agglo,GNN-MultiHead,encoded,decoded,False,closest,Onehot -> [ [GNN-SFT]-ENC => AG/REAL => DEC ] -> Onehot
Train - Original,0.6832857142857143,-1,0,0,1.4904718399047852,-1,HomeEquityCredit,LogisticRegression,100,onehot,onehot,Onehot -> [ GNN-MultiHead-Encoded => Agglo / Closest => Decoded ] -> Onehot,Agglo,GNN-MultiHead,encoded,decoded,False,closest,Onehot -> [ [GNN-SFT]-ENC => AG/REAL => DEC ] -> Onehot
Val,0.6659999999999999,-1,0,0,1.4904718399047852,-1,HomeEquityCredit,LogisticRegression,100,onehot,onehot,Onehot -> [ GNN-MultiHead-Encoded => Agglo / Closest => Decoded ] -> Onehot,Agglo,GNN-MultiHead,encoded,decoded,False,closest,Onehot -> [ [GNN-SFT]-ENC => AG/REAL => DEC ] -> Onehot
Test,0.6486666666666667,-1,0,0,1.4904718399047852,-1,HomeEquityCredit,LogisticRegression,100,onehot,onehot,Onehot -> [ GNN-MultiHead-Encoded => Agglo / Closest => Decoded ] -> Onehot,Agglo,GNN-MultiHead,encoded,decoded,False,closest,Onehot -> [ [GNN-SFT]-ENC => AG/REAL => DEC ] -> Onehot
Train,0.84,-1,0,0,1.5088870525360107,-1,HomeEquityCredit,LogisticRegression,100,onehot,onehot,Onehot -> [ GNN-MultiHead-Encoded => Agglo / Closest => Decoded-Binary ] -> Onehot,Agglo,GNN-MultiHead,encoded,decoded,True,closest,Onehot -> [ [GNN-SFT]-ENC => AG/REAL => DEC-BIN ] -> Onehot
Train - Original,0.6777142857142857,-1,0,0,1.5088870525360107,-1,HomeEquityCredit,LogisticRegression,100,onehot,onehot,Onehot -> [ GNN-MultiHead-Encoded => Agglo / Closest => Decoded-Binary ] -> Onehot,Agglo,GNN-MultiHead,encoded,decoded,True,closest,Onehot -> [ [GNN-SFT]-ENC => AG/REAL => DEC-BIN ] -> Onehot
Val,0.6626666666666667,-1,0,0,1.5088870525360107,-1,HomeEquityCredit,LogisticRegression,100,onehot,onehot,Onehot -> [ GNN-MultiHead-Encoded => Agglo / Closest => Decoded-Binary ] -> Onehot,Agglo,GNN-MultiHead,encoded,decoded,True,closest,Onehot -> [ [GNN-SFT]-ENC => AG/REAL => DEC-BIN ] -> Onehot
Test,0.6519999999999999,-1,0,0,1.5088870525360107,-1,HomeEquityCredit,LogisticRegression,100,onehot,onehot,Onehot -> [ GNN-MultiHead-Encoded => Agglo / Closest => Decoded-Binary ] -> Onehot,Agglo,GNN-MultiHead,encoded,decoded,True,closest,Onehot -> [ [GNN-SFT]-ENC => AG/REAL => DEC-BIN ] -> Onehot
Train,0.72,-1,0,0,1.3769927024841309,-1,HomeEquityCredit,LogisticRegression,100,onehot,onehot,Onehot -> [ GNN-MultiHead-Encoded => Agglo / Closest => Encoded ] -> Onehot,Agglo,GNN-MultiHead,encoded,encoded,False,closest,Onehot -> [ [GNN-SFT]-ENC => AG/REAL => ENC ] -> Onehot
Train - Original,0.7052857142857143,-1,0,0,1.3769927024841309,-1,HomeEquityCredit,LogisticRegression,100,onehot,onehot,Onehot -> [ GNN-MultiHead-Encoded => Agglo / Closest => Encoded ] -> Onehot,Agglo,GNN-MultiHead,encoded,encoded,False,closest,Onehot -> [ [GNN-SFT]-ENC => AG/REAL => ENC ] -> Onehot
Val,0.6893333333333334,-1,0,0,1.3769927024841309,-1,HomeEquityCredit,LogisticRegression,100,onehot,onehot,Onehot -> [ GNN-MultiHead-Encoded => Agglo / Closest => Encoded ] -> Onehot,Agglo,GNN-MultiHead,encoded,encoded,False,closest,Onehot -> [ [GNN-SFT]-ENC => AG/REAL => ENC ] -> Onehot
Test,0.694,-1,0,0,1.3769927024841309,-1,HomeEquityCredit,LogisticRegression,100,onehot,onehot,Onehot -> [ GNN-MultiHead-Encoded => Agglo / Closest => Encoded ] -> Onehot,Agglo,GNN-MultiHead,encoded,encoded,False,closest,Onehot -> [ [GNN-SFT]-ENC => AG/REAL => ENC ] -> Onehot
Train,0.86,-1,0,0,1.2551393508911133,-1,HomeEquityCredit,LogisticRegression,100,onehot,onehot,Onehot -> [ GNN-MultiHead-Encoded => Agglo / Closest => Original ] -> Onehot,Agglo,GNN-MultiHead,encoded,original,False,closest,Onehot -> [ [GNN-SFT]-ENC => AG/REAL => ORI ] -> Onehot
Train - Original,0.6881428571428572,-1,0,0,1.2551393508911133,-1,HomeEquityCredit,LogisticRegression,100,onehot,onehot,Onehot -> [ GNN-MultiHead-Encoded => Agglo / Closest => Original ] -> Onehot,Agglo,GNN-MultiHead,encoded,original,False,closest,Onehot -> [ [GNN-SFT]-ENC => AG/REAL => ORI ] -> Onehot
Val,0.6733333333333333,-1,0,0,1.2551393508911133,-1,HomeEquityCredit,LogisticRegression,100,onehot,onehot,Onehot -> [ GNN-MultiHead-Encoded => Agglo / Closest => Original ] -> Onehot,Agglo,GNN-MultiHead,encoded,original,False,closest,Onehot -> [ [GNN-SFT]-ENC => AG/REAL => ORI ] -> Onehot
Test,0.6619999999999999,-1,0,0,1.2551393508911133,-1,HomeEquityCredit,LogisticRegression,100,onehot,onehot,Onehot -> [ GNN-MultiHead-Encoded => Agglo / Closest => Original ] -> Onehot,Agglo,GNN-MultiHead,encoded,original,False,closest,Onehot -> [ [GNN-SFT]-ENC => AG/REAL => ORI ] -> Onehot
