Subset,Score,Default Train Time,Opt Train Time,Opt Train Time Total,Hostname,Data Distill Time,Inference Time,Dataset,Classifier,N,Data Parse Mode,Post Data Parse Mode,Data Mode,Distill Method,Encoder,Distill Space,Output Space,Convert Binary,Cluster Center,Short Name
Train,0.95,0.0011653900146484375,0,0,silkworm,46.42000198364258,0.0007610321044921875,AmazonEmployeeAccess,GaussianNB,10,onehot,onehot,Onehot -> [ GM => Original ] -> Onehot,GM,N/A,original,original,False,centroid,Onehot -> [ GM => ORI ] -> Onehot
Train - Original,0.5172455439527661,0.0011653900146484375,0,0,silkworm,46.42000198364258,0.025458812713623047,AmazonEmployeeAccess,GaussianNB,10,onehot,onehot,Onehot -> [ GM => Original ] -> Onehot,GM,N/A,original,original,False,centroid,Onehot -> [ GM => ORI ] -> Onehot
Val,0.5261210428192129,0.0011653900146484375,0,0,silkworm,46.42000198364258,0.00479435920715332,AmazonEmployeeAccess,GaussianNB,10,onehot,onehot,Onehot -> [ GM => Original ] -> Onehot,GM,N/A,original,original,False,centroid,Onehot -> [ GM => ORI ] -> Onehot
Test,0.514452942981509,0.0011653900146484375,0,0,silkworm,46.42000198364258,0.004382610321044922,AmazonEmployeeAccess,GaussianNB,10,onehot,onehot,Onehot -> [ GM => Original ] -> Onehot,GM,N/A,original,original,False,centroid,Onehot -> [ GM => ORI ] -> Onehot
Train,1.0,0.0008747577667236328,0,0,silkworm,45.71343517303467,0.0006120204925537109,AmazonEmployeeAccess,GaussianNB,10,onehot,onehot,Onehot -> [ GM => Original ] -> Onehot,GM,N/A,original,original,False,centroid,Onehot -> [ GM => ORI ] -> Onehot
Train - Original,0.5345737066730597,0.0008747577667236328,0,0,silkworm,45.71343517303467,0.025577783584594727,AmazonEmployeeAccess,GaussianNB,10,onehot,onehot,Onehot -> [ GM => Original ] -> Onehot,GM,N/A,original,original,False,centroid,Onehot -> [ GM => ORI ] -> Onehot
Val,0.5298706512449779,0.0008747577667236328,0,0,silkworm,45.71343517303467,0.004900693893432617,AmazonEmployeeAccess,GaussianNB,10,onehot,onehot,Onehot -> [ GM => Original ] -> Onehot,GM,N/A,original,original,False,centroid,Onehot -> [ GM => ORI ] -> Onehot
Test,0.5285448559857862,0.0008747577667236328,0,0,silkworm,45.71343517303467,0.00429987907409668,AmazonEmployeeAccess,GaussianNB,10,onehot,onehot,Onehot -> [ GM => Original ] -> Onehot,GM,N/A,original,original,False,centroid,Onehot -> [ GM => ORI ] -> Onehot
Train,1.0,0.001171112060546875,0,0,silkworm,45.975889682769775,0.0007622241973876953,AmazonEmployeeAccess,GaussianNB,10,onehot,onehot,Onehot -> [ GM => Original ] -> Onehot,GM,N/A,original,original,False,centroid,Onehot -> [ GM => ORI ] -> Onehot
Train - Original,0.5119913597007186,0.001171112060546875,0,0,silkworm,45.975889682769775,0.025678396224975586,AmazonEmployeeAccess,GaussianNB,10,onehot,onehot,Onehot -> [ GM => Original ] -> Onehot,GM,N/A,original,original,False,centroid,Onehot -> [ GM => ORI ] -> Onehot
Val,0.513457608097299,0.001171112060546875,0,0,silkworm,45.975889682769775,0.004667758941650391,AmazonEmployeeAccess,GaussianNB,10,onehot,onehot,Onehot -> [ GM => Original ] -> Onehot,GM,N/A,original,original,False,centroid,Onehot -> [ GM => ORI ] -> Onehot
Test,0.5333193164297052,0.001171112060546875,0,0,silkworm,45.975889682769775,0.004058361053466797,AmazonEmployeeAccess,GaussianNB,10,onehot,onehot,Onehot -> [ GM => Original ] -> Onehot,GM,N/A,original,original,False,centroid,Onehot -> [ GM => ORI ] -> Onehot
Train,0.95,0.0012631416320800781,0,0,silkworm,45.070448875427246,0.0008113384246826172,AmazonEmployeeAccess,GaussianNB,10,onehot,onehot,Onehot -> [ GM => Original ] -> Onehot,GM,N/A,original,original,False,centroid,Onehot -> [ GM => ORI ] -> Onehot
Train - Original,0.5470948230683028,0.0012631416320800781,0,0,silkworm,45.070448875427246,0.022771596908569336,AmazonEmployeeAccess,GaussianNB,10,onehot,onehot,Onehot -> [ GM => Original ] -> Onehot,GM,N/A,original,original,False,centroid,Onehot -> [ GM => ORI ] -> Onehot
Val,0.5622222864285693,0.0012631416320800781,0,0,silkworm,45.070448875427246,0.006014585494995117,AmazonEmployeeAccess,GaussianNB,10,onehot,onehot,Onehot -> [ GM => Original ] -> Onehot,GM,N/A,original,original,False,centroid,Onehot -> [ GM => ORI ] -> Onehot
Test,0.5306208730636783,0.0012631416320800781,0,0,silkworm,45.070448875427246,0.004056692123413086,AmazonEmployeeAccess,GaussianNB,10,onehot,onehot,Onehot -> [ GM => Original ] -> Onehot,GM,N/A,original,original,False,centroid,Onehot -> [ GM => ORI ] -> Onehot
Train,0.95,0.0008473396301269531,0,0,silkworm,47.528889417648315,0.0006034374237060547,AmazonEmployeeAccess,GaussianNB,10,onehot,onehot,Onehot -> [ GM => Original ] -> Onehot,GM,N/A,original,original,False,centroid,Onehot -> [ GM => ORI ] -> Onehot
Train - Original,0.518991340187218,0.0008473396301269531,0,0,silkworm,47.528889417648315,0.021664857864379883,AmazonEmployeeAccess,GaussianNB,10,onehot,onehot,Onehot -> [ GM => Original ] -> Onehot,GM,N/A,original,original,False,centroid,Onehot -> [ GM => ORI ] -> Onehot
Val,0.5145441315567776,0.0008473396301269531,0,0,silkworm,47.528889417648315,0.004897356033325195,AmazonEmployeeAccess,GaussianNB,10,onehot,onehot,Onehot -> [ GM => Original ] -> Onehot,GM,N/A,original,original,False,centroid,Onehot -> [ GM => ORI ] -> Onehot
Test,0.5342902711323764,0.0008473396301269531,0,0,silkworm,47.528889417648315,0.00406956672668457,AmazonEmployeeAccess,GaussianNB,10,onehot,onehot,Onehot -> [ GM => Original ] -> Onehot,GM,N/A,original,original,False,centroid,Onehot -> [ GM => ORI ] -> Onehot
Train,0.95,0.000946044921875,0,0,silkworm,46.55217719078064,0.0006780624389648438,AmazonEmployeeAccess,GaussianNB,10,onehot,onehot,Onehot -> [ MLP-MultiHead-Encoded => GM => Decoded ] -> Onehot,GM,MLP-MultiHead,encoded,decoded,False,centroid,Onehot -> [ [FFN-SFT]-ENC => GM => DEC ] -> Onehot
Train - Original,0.5274011710887976,0.000946044921875,0,0,silkworm,46.55217719078064,0.06219601631164551,AmazonEmployeeAccess,GaussianNB,10,onehot,onehot,Onehot -> [ MLP-MultiHead-Encoded => GM => Decoded ] -> Onehot,GM,MLP-MultiHead,encoded,decoded,False,centroid,Onehot -> [ [FFN-SFT]-ENC => GM => DEC ] -> Onehot
Val,0.49901118001465933,0.000946044921875,0,0,silkworm,46.55217719078064,0.02420663833618164,AmazonEmployeeAccess,GaussianNB,10,onehot,onehot,Onehot -> [ MLP-MultiHead-Encoded => GM => Decoded ] -> Onehot,GM,MLP-MultiHead,encoded,decoded,False,centroid,Onehot -> [ [FFN-SFT]-ENC => GM => DEC ] -> Onehot
Test,0.5441725670254236,0.000946044921875,0,0,silkworm,46.55217719078064,0.003966331481933594,AmazonEmployeeAccess,GaussianNB,10,onehot,onehot,Onehot -> [ MLP-MultiHead-Encoded => GM => Decoded ] -> Onehot,GM,MLP-MultiHead,encoded,decoded,False,centroid,Onehot -> [ [FFN-SFT]-ENC => GM => DEC ] -> Onehot
Train,0.95,0.001089334487915039,0,0,silkworm,46.36645841598511,0.0007736682891845703,AmazonEmployeeAccess,GaussianNB,10,onehot,onehot,Onehot -> [ MLP-MultiHead-Encoded => GM => Decoded-Binary ] -> Onehot,GM,MLP-MultiHead,encoded,decoded,True,centroid,Onehot -> [ [FFN-SFT]-ENC => GM => DEC-BIN ] -> Onehot
Train - Original,0.5172455439527661,0.001089334487915039,0,0,silkworm,46.36645841598511,0.03527045249938965,AmazonEmployeeAccess,GaussianNB,10,onehot,onehot,Onehot -> [ MLP-MultiHead-Encoded => GM => Decoded-Binary ] -> Onehot,GM,MLP-MultiHead,encoded,decoded,True,centroid,Onehot -> [ [FFN-SFT]-ENC => GM => DEC-BIN ] -> Onehot
Val,0.5261210428192129,0.001089334487915039,0,0,silkworm,46.36645841598511,0.010343313217163086,AmazonEmployeeAccess,GaussianNB,10,onehot,onehot,Onehot -> [ MLP-MultiHead-Encoded => GM => Decoded-Binary ] -> Onehot,GM,MLP-MultiHead,encoded,decoded,True,centroid,Onehot -> [ [FFN-SFT]-ENC => GM => DEC-BIN ] -> Onehot
Test,0.514452942981509,0.001089334487915039,0,0,silkworm,46.36645841598511,0.003968238830566406,AmazonEmployeeAccess,GaussianNB,10,onehot,onehot,Onehot -> [ MLP-MultiHead-Encoded => GM => Decoded-Binary ] -> Onehot,GM,MLP-MultiHead,encoded,decoded,True,centroid,Onehot -> [ [FFN-SFT]-ENC => GM => DEC-BIN ] -> Onehot
Train,0.9,0.004109859466552734,0,0,silkworm,45.90678811073303,0.0007984638214111328,AmazonEmployeeAccess,GaussianNB,10,onehot,onehot,Onehot -> [ MLP-MultiHead-Encoded => GM => Encoded ] -> Onehot,GM,MLP-MultiHead,encoded,encoded,False,centroid,Onehot -> [ [FFN-SFT]-ENC => GM => ENC ] -> Onehot
Train - Original,0.4999373477250046,0.004109859466552734,0,0,silkworm,45.90678811073303,0.012748241424560547,AmazonEmployeeAccess,GaussianNB,10,onehot,onehot,Onehot -> [ MLP-MultiHead-Encoded => GM => Encoded ] -> Onehot,GM,MLP-MultiHead,encoded,encoded,False,centroid,Onehot -> [ [FFN-SFT]-ENC => GM => ENC ] -> Onehot
Val,0.5074307864027178,0.004109859466552734,0,0,silkworm,45.90678811073303,0.0018436908721923828,AmazonEmployeeAccess,GaussianNB,10,onehot,onehot,Onehot -> [ MLP-MultiHead-Encoded => GM => Encoded ] -> Onehot,GM,MLP-MultiHead,encoded,encoded,False,centroid,Onehot -> [ [FFN-SFT]-ENC => GM => ENC ] -> Onehot
Test,0.4966681441240761,0.004109859466552734,0,0,silkworm,45.90678811073303,0.0016040802001953125,AmazonEmployeeAccess,GaussianNB,10,onehot,onehot,Onehot -> [ MLP-MultiHead-Encoded => GM => Encoded ] -> Onehot,GM,MLP-MultiHead,encoded,encoded,False,centroid,Onehot -> [ [FFN-SFT]-ENC => GM => ENC ] -> Onehot
Train,1.0,0.0011730194091796875,0,0,silkworm,45.40200161933899,0.0008032321929931641,AmazonEmployeeAccess,GaussianNB,10,onehot,onehot,Onehot -> [ MLP-MultiHead-Encoded => GM => Decoded ] -> Onehot,GM,MLP-MultiHead,encoded,decoded,False,centroid,Onehot -> [ [FFN-SFT]-ENC => GM => DEC ] -> Onehot
Train - Original,0.5393600547493073,0.0011730194091796875,0,0,silkworm,45.40200161933899,0.02905869483947754,AmazonEmployeeAccess,GaussianNB,10,onehot,onehot,Onehot -> [ MLP-MultiHead-Encoded => GM => Decoded ] -> Onehot,GM,MLP-MultiHead,encoded,decoded,False,centroid,Onehot -> [ [FFN-SFT]-ENC => GM => DEC ] -> Onehot
Val,0.5295459867822786,0.0011730194091796875,0,0,silkworm,45.40200161933899,0.005195140838623047,AmazonEmployeeAccess,GaussianNB,10,onehot,onehot,Onehot -> [ MLP-MultiHead-Encoded => GM => Decoded ] -> Onehot,GM,MLP-MultiHead,encoded,decoded,False,centroid,Onehot -> [ [FFN-SFT]-ENC => GM => DEC ] -> Onehot
Test,0.5277015687567006,0.0011730194091796875,0,0,silkworm,45.40200161933899,0.003983020782470703,AmazonEmployeeAccess,GaussianNB,10,onehot,onehot,Onehot -> [ MLP-MultiHead-Encoded => GM => Decoded ] -> Onehot,GM,MLP-MultiHead,encoded,decoded,False,centroid,Onehot -> [ [FFN-SFT]-ENC => GM => DEC ] -> Onehot
Train,1.0,0.0011296272277832031,0,0,silkworm,46.01648306846619,0.0007865428924560547,AmazonEmployeeAccess,GaussianNB,10,onehot,onehot,Onehot -> [ MLP-MultiHead-Encoded => GM => Decoded-Binary ] -> Onehot,GM,MLP-MultiHead,encoded,decoded,True,centroid,Onehot -> [ [FFN-SFT]-ENC => GM => DEC-BIN ] -> Onehot
Train - Original,0.5345737066730597,0.0011296272277832031,0,0,silkworm,46.01648306846619,0.02782416343688965,AmazonEmployeeAccess,GaussianNB,10,onehot,onehot,Onehot -> [ MLP-MultiHead-Encoded => GM => Decoded-Binary ] -> Onehot,GM,MLP-MultiHead,encoded,decoded,True,centroid,Onehot -> [ [FFN-SFT]-ENC => GM => DEC-BIN ] -> Onehot
Val,0.5298706512449779,0.0011296272277832031,0,0,silkworm,46.01648306846619,0.00459599494934082,AmazonEmployeeAccess,GaussianNB,10,onehot,onehot,Onehot -> [ MLP-MultiHead-Encoded => GM => Decoded-Binary ] -> Onehot,GM,MLP-MultiHead,encoded,decoded,True,centroid,Onehot -> [ [FFN-SFT]-ENC => GM => DEC-BIN ] -> Onehot
Test,0.5285448559857862,0.0011296272277832031,0,0,silkworm,46.01648306846619,0.003957986831665039,AmazonEmployeeAccess,GaussianNB,10,onehot,onehot,Onehot -> [ MLP-MultiHead-Encoded => GM => Decoded-Binary ] -> Onehot,GM,MLP-MultiHead,encoded,decoded,True,centroid,Onehot -> [ [FFN-SFT]-ENC => GM => DEC-BIN ] -> Onehot
Train,0.8500000000000001,0.0011098384857177734,0,0,silkworm,44.84681582450867,0.0007941722869873047,AmazonEmployeeAccess,GaussianNB,10,onehot,onehot,Onehot -> [ MLP-MultiHead-Encoded => GM => Encoded ] -> Onehot,GM,MLP-MultiHead,encoded,encoded,False,centroid,Onehot -> [ [FFN-SFT]-ENC => GM => ENC ] -> Onehot
Train - Original,0.5016132786583631,0.0011098384857177734,0,0,silkworm,44.84681582450867,0.006848335266113281,AmazonEmployeeAccess,GaussianNB,10,onehot,onehot,Onehot -> [ MLP-MultiHead-Encoded => GM => Encoded ] -> Onehot,GM,MLP-MultiHead,encoded,encoded,False,centroid,Onehot -> [ [FFN-SFT]-ENC => GM => ENC ] -> Onehot
Val,0.5183686333070763,0.0011098384857177734,0,0,silkworm,44.84681582450867,0.0016870498657226562,AmazonEmployeeAccess,GaussianNB,10,onehot,onehot,Onehot -> [ MLP-MultiHead-Encoded => GM => Encoded ] -> Onehot,GM,MLP-MultiHead,encoded,encoded,False,centroid,Onehot -> [ [FFN-SFT]-ENC => GM => ENC ] -> Onehot
Test,0.5359669958744844,0.0011098384857177734,0,0,silkworm,44.84681582450867,0.0015802383422851562,AmazonEmployeeAccess,GaussianNB,10,onehot,onehot,Onehot -> [ MLP-MultiHead-Encoded => GM => Encoded ] -> Onehot,GM,MLP-MultiHead,encoded,encoded,False,centroid,Onehot -> [ [FFN-SFT]-ENC => GM => ENC ] -> Onehot
Train,1.0,0.0015535354614257812,0,0,silkworm,46.82979202270508,0.0009799003601074219,AmazonEmployeeAccess,GaussianNB,10,onehot,onehot,Onehot -> [ MLP-MultiHead-Encoded => GM => Decoded ] -> Onehot,GM,MLP-MultiHead,encoded,decoded,False,centroid,Onehot -> [ [FFN-SFT]-ENC => GM => DEC ] -> Onehot
Train - Original,0.4933877806459527,0.0015535354614257812,0,0,silkworm,46.82979202270508,0.08565402030944824,AmazonEmployeeAccess,GaussianNB,10,onehot,onehot,Onehot -> [ MLP-MultiHead-Encoded => GM => Decoded ] -> Onehot,GM,MLP-MultiHead,encoded,decoded,False,centroid,Onehot -> [ [FFN-SFT]-ENC => GM => DEC ] -> Onehot
Val,0.4988496081216298,0.0015535354614257812,0,0,silkworm,46.82979202270508,0.012967586517333984,AmazonEmployeeAccess,GaussianNB,10,onehot,onehot,Onehot -> [ MLP-MultiHead-Encoded => GM => Decoded ] -> Onehot,GM,MLP-MultiHead,encoded,decoded,False,centroid,Onehot -> [ [FFN-SFT]-ENC => GM => DEC ] -> Onehot
Test,0.49939840964969107,0.0015535354614257812,0,0,silkworm,46.82979202270508,0.005016326904296875,AmazonEmployeeAccess,GaussianNB,10,onehot,onehot,Onehot -> [ MLP-MultiHead-Encoded => GM => Decoded ] -> Onehot,GM,MLP-MultiHead,encoded,decoded,False,centroid,Onehot -> [ [FFN-SFT]-ENC => GM => DEC ] -> Onehot
Train,1.0,0.016994476318359375,0,0,silkworm,46.61855721473694,0.0009157657623291016,AmazonEmployeeAccess,GaussianNB,10,onehot,onehot,Onehot -> [ MLP-MultiHead-Encoded => GM => Decoded-Binary ] -> Onehot,GM,MLP-MultiHead,encoded,decoded,True,centroid,Onehot -> [ [FFN-SFT]-ENC => GM => DEC-BIN ] -> Onehot
Train - Original,0.5119913597007186,0.016994476318359375,0,0,silkworm,46.61855721473694,0.035254716873168945,AmazonEmployeeAccess,GaussianNB,10,onehot,onehot,Onehot -> [ MLP-MultiHead-Encoded => GM => Decoded-Binary ] -> Onehot,GM,MLP-MultiHead,encoded,decoded,True,centroid,Onehot -> [ [FFN-SFT]-ENC => GM => DEC-BIN ] -> Onehot
Val,0.513457608097299,0.016994476318359375,0,0,silkworm,46.61855721473694,0.010293245315551758,AmazonEmployeeAccess,GaussianNB,10,onehot,onehot,Onehot -> [ MLP-MultiHead-Encoded => GM => Decoded-Binary ] -> Onehot,GM,MLP-MultiHead,encoded,decoded,True,centroid,Onehot -> [ [FFN-SFT]-ENC => GM => DEC-BIN ] -> Onehot
Test,0.5333193164297052,0.016994476318359375,0,0,silkworm,46.61855721473694,0.004267215728759766,AmazonEmployeeAccess,GaussianNB,10,onehot,onehot,Onehot -> [ MLP-MultiHead-Encoded => GM => Decoded-Binary ] -> Onehot,GM,MLP-MultiHead,encoded,decoded,True,centroid,Onehot -> [ [FFN-SFT]-ENC => GM => DEC-BIN ] -> Onehot
Train,0.95,0.0009875297546386719,0,0,silkworm,46.07666492462158,0.0006887912750244141,AmazonEmployeeAccess,GaussianNB,10,onehot,onehot,Onehot -> [ MLP-MultiHead-Encoded => GM => Encoded ] -> Onehot,GM,MLP-MultiHead,encoded,encoded,False,centroid,Onehot -> [ [FFN-SFT]-ENC => GM => ENC ] -> Onehot
Train - Original,0.5237199143636091,0.0009875297546386719,0,0,silkworm,46.07666492462158,0.0077855587005615234,AmazonEmployeeAccess,GaussianNB,10,onehot,onehot,Onehot -> [ MLP-MultiHead-Encoded => GM => Encoded ] -> Onehot,GM,MLP-MultiHead,encoded,encoded,False,centroid,Onehot -> [ [FFN-SFT]-ENC => GM => ENC ] -> Onehot
Val,0.5381054954212426,0.0009875297546386719,0,0,silkworm,46.07666492462158,0.001852273941040039,AmazonEmployeeAccess,GaussianNB,10,onehot,onehot,Onehot -> [ MLP-MultiHead-Encoded => GM => Encoded ] -> Onehot,GM,MLP-MultiHead,encoded,encoded,False,centroid,Onehot -> [ [FFN-SFT]-ENC => GM => ENC ] -> Onehot
Test,0.4886773725503567,0.0009875297546386719,0,0,silkworm,46.07666492462158,0.0016293525695800781,AmazonEmployeeAccess,GaussianNB,10,onehot,onehot,Onehot -> [ MLP-MultiHead-Encoded => GM => Encoded ] -> Onehot,GM,MLP-MultiHead,encoded,encoded,False,centroid,Onehot -> [ [FFN-SFT]-ENC => GM => ENC ] -> Onehot
Train,0.95,0.001245260238647461,0,0,silkworm,44.952462673187256,0.0008113384246826172,AmazonEmployeeAccess,GaussianNB,10,onehot,onehot,Onehot -> [ MLP-MultiHead-Encoded => GM => Decoded ] -> Onehot,GM,MLP-MultiHead,encoded,decoded,False,centroid,Onehot -> [ [FFN-SFT]-ENC => GM => DEC ] -> Onehot
Train - Original,0.5343838681890914,0.001245260238647461,0,0,silkworm,44.952462673187256,0.021489381790161133,AmazonEmployeeAccess,GaussianNB,10,onehot,onehot,Onehot -> [ MLP-MultiHead-Encoded => GM => Decoded ] -> Onehot,GM,MLP-MultiHead,encoded,decoded,False,centroid,Onehot -> [ [FFN-SFT]-ENC => GM => DEC ] -> Onehot
Val,0.5501123780037166,0.001245260238647461,0,0,silkworm,44.952462673187256,0.004474639892578125,AmazonEmployeeAccess,GaussianNB,10,onehot,onehot,Onehot -> [ MLP-MultiHead-Encoded => GM => Decoded ] -> Onehot,GM,MLP-MultiHead,encoded,decoded,False,centroid,Onehot -> [ [FFN-SFT]-ENC => GM => DEC ] -> Onehot
Test,0.5049786526346096,0.001245260238647461,0,0,silkworm,44.952462673187256,0.0039577484130859375,AmazonEmployeeAccess,GaussianNB,10,onehot,onehot,Onehot -> [ MLP-MultiHead-Encoded => GM => Decoded ] -> Onehot,GM,MLP-MultiHead,encoded,decoded,False,centroid,Onehot -> [ [FFN-SFT]-ENC => GM => DEC ] -> Onehot
Train,0.95,0.0012369155883789062,0,0,silkworm,45.15383243560791,0.0009100437164306641,AmazonEmployeeAccess,GaussianNB,10,onehot,onehot,Onehot -> [ MLP-MultiHead-Encoded => GM => Decoded-Binary ] -> Onehot,GM,MLP-MultiHead,encoded,decoded,True,centroid,Onehot -> [ [FFN-SFT]-ENC => GM => DEC-BIN ] -> Onehot
Train - Original,0.5470948230683028,0.0012369155883789062,0,0,silkworm,45.15383243560791,0.03255796432495117,AmazonEmployeeAccess,GaussianNB,10,onehot,onehot,Onehot -> [ MLP-MultiHead-Encoded => GM => Decoded-Binary ] -> Onehot,GM,MLP-MultiHead,encoded,decoded,True,centroid,Onehot -> [ [FFN-SFT]-ENC => GM => DEC-BIN ] -> Onehot
Val,0.5622222864285693,0.0012369155883789062,0,0,silkworm,45.15383243560791,0.00998830795288086,AmazonEmployeeAccess,GaussianNB,10,onehot,onehot,Onehot -> [ MLP-MultiHead-Encoded => GM => Decoded-Binary ] -> Onehot,GM,MLP-MultiHead,encoded,decoded,True,centroid,Onehot -> [ [FFN-SFT]-ENC => GM => DEC-BIN ] -> Onehot
Test,0.5306208730636783,0.0012369155883789062,0,0,silkworm,45.15383243560791,0.00395512580871582,AmazonEmployeeAccess,GaussianNB,10,onehot,onehot,Onehot -> [ MLP-MultiHead-Encoded => GM => Decoded-Binary ] -> Onehot,GM,MLP-MultiHead,encoded,decoded,True,centroid,Onehot -> [ [FFN-SFT]-ENC => GM => DEC-BIN ] -> Onehot
Train,0.95,0.0009243488311767578,0,0,silkworm,45.02493405342102,0.0006535053253173828,AmazonEmployeeAccess,GaussianNB,10,onehot,onehot,Onehot -> [ MLP-MultiHead-Encoded => GM => Encoded ] -> Onehot,GM,MLP-MultiHead,encoded,encoded,False,centroid,Onehot -> [ [FFN-SFT]-ENC => GM => ENC ] -> Onehot
Train - Original,0.4897890033061445,0.0009243488311767578,0,0,silkworm,45.02493405342102,0.012008905410766602,AmazonEmployeeAccess,GaussianNB,10,onehot,onehot,Onehot -> [ MLP-MultiHead-Encoded => GM => Encoded ] -> Onehot,GM,MLP-MultiHead,encoded,encoded,False,centroid,Onehot -> [ [FFN-SFT]-ENC => GM => ENC ] -> Onehot
Val,0.5425907311717422,0.0009243488311767578,0,0,silkworm,45.02493405342102,0.007523536682128906,AmazonEmployeeAccess,GaussianNB,10,onehot,onehot,Onehot -> [ MLP-MultiHead-Encoded => GM => Encoded ] -> Onehot,GM,MLP-MultiHead,encoded,encoded,False,centroid,Onehot -> [ [FFN-SFT]-ENC => GM => ENC ] -> Onehot
Test,0.5010342201866143,0.0009243488311767578,0,0,silkworm,45.02493405342102,0.0016024112701416016,AmazonEmployeeAccess,GaussianNB,10,onehot,onehot,Onehot -> [ MLP-MultiHead-Encoded => GM => Encoded ] -> Onehot,GM,MLP-MultiHead,encoded,encoded,False,centroid,Onehot -> [ [FFN-SFT]-ENC => GM => ENC ] -> Onehot
Train,1.0,0.0009174346923828125,0,0,silkworm,45.29520916938782,0.0006418228149414062,AmazonEmployeeAccess,GaussianNB,10,onehot,onehot,Onehot -> [ MLP-MultiHead-Encoded => GM => Decoded ] -> Onehot,GM,MLP-MultiHead,encoded,decoded,False,centroid,Onehot -> [ [FFN-SFT]-ENC => GM => DEC ] -> Onehot
Train - Original,0.532040540691224,0.0009174346923828125,0,0,silkworm,45.29520916938782,0.08418154716491699,AmazonEmployeeAccess,GaussianNB,10,onehot,onehot,Onehot -> [ MLP-MultiHead-Encoded => GM => Decoded ] -> Onehot,GM,MLP-MultiHead,encoded,decoded,False,centroid,Onehot -> [ [FFN-SFT]-ENC => GM => DEC ] -> Onehot
Val,0.5457674246732827,0.0009174346923828125,0,0,silkworm,45.29520916938782,0.015209674835205078,AmazonEmployeeAccess,GaussianNB,10,onehot,onehot,Onehot -> [ MLP-MultiHead-Encoded => GM => Decoded ] -> Onehot,GM,MLP-MultiHead,encoded,decoded,False,centroid,Onehot -> [ [FFN-SFT]-ENC => GM => DEC ] -> Onehot
Test,0.5370152329647266,0.0009174346923828125,0,0,silkworm,45.29520916938782,0.009575366973876953,AmazonEmployeeAccess,GaussianNB,10,onehot,onehot,Onehot -> [ MLP-MultiHead-Encoded => GM => Decoded ] -> Onehot,GM,MLP-MultiHead,encoded,decoded,False,centroid,Onehot -> [ [FFN-SFT]-ENC => GM => DEC ] -> Onehot
Train,0.95,0.006734609603881836,0,0,silkworm,45.09784197807312,0.0007781982421875,AmazonEmployeeAccess,GaussianNB,10,onehot,onehot,Onehot -> [ MLP-MultiHead-Encoded => GM => Decoded-Binary ] -> Onehot,GM,MLP-MultiHead,encoded,decoded,True,centroid,Onehot -> [ [FFN-SFT]-ENC => GM => DEC-BIN ] -> Onehot
Train - Original,0.5176493688776391,0.006734609603881836,0,0,silkworm,45.09784197807312,0.04115033149719238,AmazonEmployeeAccess,GaussianNB,10,onehot,onehot,Onehot -> [ MLP-MultiHead-Encoded => GM => Decoded-Binary ] -> Onehot,GM,MLP-MultiHead,encoded,decoded,True,centroid,Onehot -> [ [FFN-SFT]-ENC => GM => DEC-BIN ] -> Onehot
Val,0.5135724191836399,0.006734609603881836,0,0,silkworm,45.09784197807312,0.021355628967285156,AmazonEmployeeAccess,GaussianNB,10,onehot,onehot,Onehot -> [ MLP-MultiHead-Encoded => GM => Decoded-Binary ] -> Onehot,GM,MLP-MultiHead,encoded,decoded,True,centroid,Onehot -> [ [FFN-SFT]-ENC => GM => DEC-BIN ] -> Onehot
Test,0.5335344948421583,0.006734609603881836,0,0,silkworm,45.09784197807312,0.009583234786987305,AmazonEmployeeAccess,GaussianNB,10,onehot,onehot,Onehot -> [ MLP-MultiHead-Encoded => GM => Decoded-Binary ] -> Onehot,GM,MLP-MultiHead,encoded,decoded,True,centroid,Onehot -> [ [FFN-SFT]-ENC => GM => DEC-BIN ] -> Onehot
Train,0.9,0.0011420249938964844,0,0,silkworm,46.444502115249634,0.0007915496826171875,AmazonEmployeeAccess,GaussianNB,10,onehot,onehot,Onehot -> [ MLP-MultiHead-Encoded => GM => Encoded ] -> Onehot,GM,MLP-MultiHead,encoded,encoded,False,centroid,Onehot -> [ [FFN-SFT]-ENC => GM => ENC ] -> Onehot
Train - Original,0.5010622661864487,0.0011420249938964844,0,0,silkworm,46.444502115249634,0.006300449371337891,AmazonEmployeeAccess,GaussianNB,10,onehot,onehot,Onehot -> [ MLP-MultiHead-Encoded => GM => Encoded ] -> Onehot,GM,MLP-MultiHead,encoded,encoded,False,centroid,Onehot -> [ [FFN-SFT]-ENC => GM => ENC ] -> Onehot
Val,0.5097555208165425,0.0011420249938964844,0,0,silkworm,46.444502115249634,0.0018084049224853516,AmazonEmployeeAccess,GaussianNB,10,onehot,onehot,Onehot -> [ MLP-MultiHead-Encoded => GM => Encoded ] -> Onehot,GM,MLP-MultiHead,encoded,encoded,False,centroid,Onehot -> [ [FFN-SFT]-ENC => GM => ENC ] -> Onehot
Test,0.501148249591805,0.0011420249938964844,0,0,silkworm,46.444502115249634,0.0015795230865478516,AmazonEmployeeAccess,GaussianNB,10,onehot,onehot,Onehot -> [ MLP-MultiHead-Encoded => GM => Encoded ] -> Onehot,GM,MLP-MultiHead,encoded,encoded,False,centroid,Onehot -> [ [FFN-SFT]-ENC => GM => ENC ] -> Onehot
Train,0.85,0.0013127326965332031,0,0,silkworm,46.56983757019043,0.0008721351623535156,AmazonEmployeeAccess,GaussianNB,20,onehot,onehot,Onehot -> [ GM => Original ] -> Onehot,GM,N/A,original,original,False,centroid,Onehot -> [ GM => ORI ] -> Onehot
Train - Original,0.5167678464900788,0.0013127326965332031,0,0,silkworm,46.56983757019043,0.03386688232421875,AmazonEmployeeAccess,GaussianNB,20,onehot,onehot,Onehot -> [ GM => Original ] -> Onehot,GM,N/A,original,original,False,centroid,Onehot -> [ GM => ORI ] -> Onehot
Val,0.5280781536552505,0.0013127326965332031,0,0,silkworm,46.56983757019043,0.004767417907714844,AmazonEmployeeAccess,GaussianNB,20,onehot,onehot,Onehot -> [ GM => Original ] -> Onehot,GM,N/A,original,original,False,centroid,Onehot -> [ GM => ORI ] -> Onehot
Test,0.5250315380331632,0.0013127326965332031,0,0,silkworm,46.56983757019043,0.0040018558502197266,AmazonEmployeeAccess,GaussianNB,20,onehot,onehot,Onehot -> [ GM => Original ] -> Onehot,GM,N/A,original,original,False,centroid,Onehot -> [ GM => ORI ] -> Onehot
Train,0.825,0.0013155937194824219,0,0,silkworm,47.499922037124634,0.0008656978607177734,AmazonEmployeeAccess,GaussianNB,20,onehot,onehot,Onehot -> [ GM => Original ] -> Onehot,GM,N/A,original,original,False,centroid,Onehot -> [ GM => ORI ] -> Onehot
Train - Original,0.5145522627297715,0.0013155937194824219,0,0,silkworm,47.499922037124634,0.05261683464050293,AmazonEmployeeAccess,GaussianNB,20,onehot,onehot,Onehot -> [ GM => Original ] -> Onehot,GM,N/A,original,original,False,centroid,Onehot -> [ GM => ORI ] -> Onehot
Val,0.5023395610110675,0.0013155937194824219,0,0,silkworm,47.499922037124634,0.004569530487060547,AmazonEmployeeAccess,GaussianNB,20,onehot,onehot,Onehot -> [ GM => Original ] -> Onehot,GM,N/A,original,original,False,centroid,Onehot -> [ GM => ORI ] -> Onehot
Test,0.4988866032496486,0.0013155937194824219,0,0,silkworm,47.499922037124634,0.003974437713623047,AmazonEmployeeAccess,GaussianNB,20,onehot,onehot,Onehot -> [ GM => Original ] -> Onehot,GM,N/A,original,original,False,centroid,Onehot -> [ GM => ORI ] -> Onehot
Train,0.875,0.00122833251953125,0,0,silkworm,49.29941987991333,0.0008060932159423828,AmazonEmployeeAccess,GaussianNB,20,onehot,onehot,Onehot -> [ GM => Original ] -> Onehot,GM,N/A,original,original,False,centroid,Onehot -> [ GM => ORI ] -> Onehot
Train - Original,0.5284882821429169,0.00122833251953125,0,0,silkworm,49.29941987991333,0.056650638580322266,AmazonEmployeeAccess,GaussianNB,20,onehot,onehot,Onehot -> [ GM => Original ] -> Onehot,GM,N/A,original,original,False,centroid,Onehot -> [ GM => ORI ] -> Onehot
Val,0.49737227076559987,0.00122833251953125,0,0,silkworm,49.29941987991333,0.017669200897216797,AmazonEmployeeAccess,GaussianNB,20,onehot,onehot,Onehot -> [ GM => Original ] -> Onehot,GM,N/A,original,original,False,centroid,Onehot -> [ GM => ORI ] -> Onehot
Test,0.5267612997079181,0.00122833251953125,0,0,silkworm,49.29941987991333,0.0159149169921875,AmazonEmployeeAccess,GaussianNB,20,onehot,onehot,Onehot -> [ GM => Original ] -> Onehot,GM,N/A,original,original,False,centroid,Onehot -> [ GM => ORI ] -> Onehot
Train,0.925,0.0011494159698486328,0,0,silkworm,47.46108865737915,0.0007998943328857422,AmazonEmployeeAccess,GaussianNB,20,onehot,onehot,Onehot -> [ GM => Original ] -> Onehot,GM,N/A,original,original,False,centroid,Onehot -> [ GM => ORI ] -> Onehot
Train - Original,0.5322192286034466,0.0011494159698486328,0,0,silkworm,47.46108865737915,0.021184444427490234,AmazonEmployeeAccess,GaussianNB,20,onehot,onehot,Onehot -> [ GM => Original ] -> Onehot,GM,N/A,original,original,False,centroid,Onehot -> [ GM => ORI ] -> Onehot
Val,0.5471447775402143,0.0011494159698486328,0,0,silkworm,47.46108865737915,0.004519939422607422,AmazonEmployeeAccess,GaussianNB,20,onehot,onehot,Onehot -> [ GM => Original ] -> Onehot,GM,N/A,original,original,False,centroid,Onehot -> [ GM => ORI ] -> Onehot
Test,0.5277841548375365,0.0011494159698486328,0,0,silkworm,47.46108865737915,0.0042111873626708984,AmazonEmployeeAccess,GaussianNB,20,onehot,onehot,Onehot -> [ GM => Original ] -> Onehot,GM,N/A,original,original,False,centroid,Onehot -> [ GM => ORI ] -> Onehot
Train,0.9,0.0012881755828857422,0,0,silkworm,46.92971992492676,0.0008540153503417969,AmazonEmployeeAccess,GaussianNB,20,onehot,onehot,Onehot -> [ GM => Original ] -> Onehot,GM,N/A,original,original,False,centroid,Onehot -> [ GM => ORI ] -> Onehot
Train - Original,0.5055928480232824,0.0012881755828857422,0,0,silkworm,46.92971992492676,0.02169060707092285,AmazonEmployeeAccess,GaussianNB,20,onehot,onehot,Onehot -> [ GM => Original ] -> Onehot,GM,N/A,original,original,False,centroid,Onehot -> [ GM => ORI ] -> Onehot
Val,0.525415829027284,0.0012881755828857422,0,0,silkworm,46.92971992492676,0.0044896602630615234,AmazonEmployeeAccess,GaussianNB,20,onehot,onehot,Onehot -> [ GM => Original ] -> Onehot,GM,N/A,original,original,False,centroid,Onehot -> [ GM => ORI ] -> Onehot
Test,0.5224153019127391,0.0012881755828857422,0,0,silkworm,46.92971992492676,0.005768775939941406,AmazonEmployeeAccess,GaussianNB,20,onehot,onehot,Onehot -> [ GM => Original ] -> Onehot,GM,N/A,original,original,False,centroid,Onehot -> [ GM => ORI ] -> Onehot
Train,0.975,0.001813650131225586,0,0,silkworm,46.450578451156616,0.004816532135009766,AmazonEmployeeAccess,GaussianNB,20,onehot,onehot,Onehot -> [ MLP-MultiHead-Encoded => GM => Decoded ] -> Onehot,GM,MLP-MultiHead,encoded,decoded,False,centroid,Onehot -> [ [FFN-SFT]-ENC => GM => DEC ] -> Onehot
Train - Original,0.5254195751074637,0.001813650131225586,0,0,silkworm,46.450578451156616,0.04290962219238281,AmazonEmployeeAccess,GaussianNB,20,onehot,onehot,Onehot -> [ MLP-MultiHead-Encoded => GM => Decoded ] -> Onehot,GM,MLP-MultiHead,encoded,decoded,False,centroid,Onehot -> [ [FFN-SFT]-ENC => GM => DEC ] -> Onehot
Val,0.5153280403648408,0.001813650131225586,0,0,silkworm,46.450578451156616,0.0067577362060546875,AmazonEmployeeAccess,GaussianNB,20,onehot,onehot,Onehot -> [ MLP-MultiHead-Encoded => GM => Decoded ] -> Onehot,GM,MLP-MultiHead,encoded,decoded,False,centroid,Onehot -> [ [FFN-SFT]-ENC => GM => DEC ] -> Onehot
Test,0.5431724420097968,0.001813650131225586,0,0,silkworm,46.450578451156616,0.004435062408447266,AmazonEmployeeAccess,GaussianNB,20,onehot,onehot,Onehot -> [ MLP-MultiHead-Encoded => GM => Decoded ] -> Onehot,GM,MLP-MultiHead,encoded,decoded,False,centroid,Onehot -> [ [FFN-SFT]-ENC => GM => DEC ] -> Onehot
Train,0.85,0.0010554790496826172,0,0,silkworm,34.88782739639282,0.0006990432739257812,AmazonEmployeeAccess,GaussianNB,20,onehot,onehot,Onehot -> [ MLP-MultiHead-Encoded => GM => Decoded-Binary ] -> Onehot,GM,MLP-MultiHead,encoded,decoded,True,centroid,Onehot -> [ [FFN-SFT]-ENC => GM => DEC-BIN ] -> Onehot
Train - Original,0.5167678464900788,0.0010554790496826172,0,0,silkworm,34.88782739639282,0.09144759178161621,AmazonEmployeeAccess,GaussianNB,20,onehot,onehot,Onehot -> [ MLP-MultiHead-Encoded => GM => Decoded-Binary ] -> Onehot,GM,MLP-MultiHead,encoded,decoded,True,centroid,Onehot -> [ [FFN-SFT]-ENC => GM => DEC-BIN ] -> Onehot
Val,0.5280781536552505,0.0010554790496826172,0,0,silkworm,34.88782739639282,0.004584550857543945,AmazonEmployeeAccess,GaussianNB,20,onehot,onehot,Onehot -> [ MLP-MultiHead-Encoded => GM => Decoded-Binary ] -> Onehot,GM,MLP-MultiHead,encoded,decoded,True,centroid,Onehot -> [ [FFN-SFT]-ENC => GM => DEC-BIN ] -> Onehot
Test,0.5250315380331632,0.0010554790496826172,0,0,silkworm,34.88782739639282,0.0039675235748291016,AmazonEmployeeAccess,GaussianNB,20,onehot,onehot,Onehot -> [ MLP-MultiHead-Encoded => GM => Decoded-Binary ] -> Onehot,GM,MLP-MultiHead,encoded,decoded,True,centroid,Onehot -> [ [FFN-SFT]-ENC => GM => DEC-BIN ] -> Onehot
Train,0.7749999999999999,0.001207590103149414,0,0,silkworm,33.880942821502686,0.0008177757263183594,AmazonEmployeeAccess,GaussianNB,20,onehot,onehot,Onehot -> [ MLP-MultiHead-Encoded => GM => Encoded ] -> Onehot,GM,MLP-MultiHead,encoded,encoded,False,centroid,Onehot -> [ [FFN-SFT]-ENC => GM => ENC ] -> Onehot
Train - Original,0.5220627651745343,0.001207590103149414,0,0,silkworm,33.880942821502686,0.012374162673950195,AmazonEmployeeAccess,GaussianNB,20,onehot,onehot,Onehot -> [ MLP-MultiHead-Encoded => GM => Encoded ] -> Onehot,GM,MLP-MultiHead,encoded,encoded,False,centroid,Onehot -> [ [FFN-SFT]-ENC => GM => ENC ] -> Onehot
Val,0.5211183968418588,0.001207590103149414,0,0,silkworm,33.880942821502686,0.0074117183685302734,AmazonEmployeeAccess,GaussianNB,20,onehot,onehot,Onehot -> [ MLP-MultiHead-Encoded => GM => Encoded ] -> Onehot,GM,MLP-MultiHead,encoded,encoded,False,centroid,Onehot -> [ [FFN-SFT]-ENC => GM => ENC ] -> Onehot
Test,0.5253868854818974,0.001207590103149414,0,0,silkworm,33.880942821502686,0.0015761852264404297,AmazonEmployeeAccess,GaussianNB,20,onehot,onehot,Onehot -> [ MLP-MultiHead-Encoded => GM => Encoded ] -> Onehot,GM,MLP-MultiHead,encoded,encoded,False,centroid,Onehot -> [ [FFN-SFT]-ENC => GM => ENC ] -> Onehot
Train,0.8999999999999999,0.006716489791870117,0,0,silkworm,34.2418909072876,0.0006937980651855469,AmazonEmployeeAccess,GaussianNB,20,onehot,onehot,Onehot -> [ MLP-MultiHead-Encoded => GM => Decoded ] -> Onehot,GM,MLP-MultiHead,encoded,decoded,False,centroid,Onehot -> [ [FFN-SFT]-ENC => GM => DEC ] -> Onehot
Train - Original,0.5095333206960186,0.006716489791870117,0,0,silkworm,34.2418909072876,0.03511452674865723,AmazonEmployeeAccess,GaussianNB,20,onehot,onehot,Onehot -> [ MLP-MultiHead-Encoded => GM => Decoded ] -> Onehot,GM,MLP-MultiHead,encoded,decoded,False,centroid,Onehot -> [ [FFN-SFT]-ENC => GM => DEC ] -> Onehot
Val,0.5209062624505401,0.006716489791870117,0,0,silkworm,34.2418909072876,0.0046596527099609375,AmazonEmployeeAccess,GaussianNB,20,onehot,onehot,Onehot -> [ MLP-MultiHead-Encoded => GM => Decoded ] -> Onehot,GM,MLP-MultiHead,encoded,decoded,False,centroid,Onehot -> [ [FFN-SFT]-ENC => GM => DEC ] -> Onehot
Test,0.5076839150348339,0.006716489791870117,0,0,silkworm,34.2418909072876,0.004012584686279297,AmazonEmployeeAccess,GaussianNB,20,onehot,onehot,Onehot -> [ MLP-MultiHead-Encoded => GM => Decoded ] -> Onehot,GM,MLP-MultiHead,encoded,decoded,False,centroid,Onehot -> [ [FFN-SFT]-ENC => GM => DEC ] -> Onehot
Train,0.825,0.0008549690246582031,0,0,silkworm,33.364962577819824,0.0006070137023925781,AmazonEmployeeAccess,GaussianNB,20,onehot,onehot,Onehot -> [ MLP-MultiHead-Encoded => GM => Decoded-Binary ] -> Onehot,GM,MLP-MultiHead,encoded,decoded,True,centroid,Onehot -> [ [FFN-SFT]-ENC => GM => DEC-BIN ] -> Onehot
Train - Original,0.5146216750388877,0.0008549690246582031,0,0,silkworm,33.364962577819824,0.057286977767944336,AmazonEmployeeAccess,GaussianNB,20,onehot,onehot,Onehot -> [ MLP-MultiHead-Encoded => GM => Decoded-Binary ] -> Onehot,GM,MLP-MultiHead,encoded,decoded,True,centroid,Onehot -> [ [FFN-SFT]-ENC => GM => DEC-BIN ] -> Onehot
Val,0.5023395610110675,0.0008549690246582031,0,0,silkworm,33.364962577819824,0.01046609878540039,AmazonEmployeeAccess,GaussianNB,20,onehot,onehot,Onehot -> [ MLP-MultiHead-Encoded => GM => Decoded-Binary ] -> Onehot,GM,MLP-MultiHead,encoded,decoded,True,centroid,Onehot -> [ [FFN-SFT]-ENC => GM => DEC-BIN ] -> Onehot
Test,0.4988866032496486,0.0008549690246582031,0,0,silkworm,33.364962577819824,0.004105567932128906,AmazonEmployeeAccess,GaussianNB,20,onehot,onehot,Onehot -> [ MLP-MultiHead-Encoded => GM => Decoded-Binary ] -> Onehot,GM,MLP-MultiHead,encoded,decoded,True,centroid,Onehot -> [ [FFN-SFT]-ENC => GM => DEC-BIN ] -> Onehot
Train,0.8,0.0011010169982910156,0,0,silkworm,32.87079429626465,0.006436347961425781,AmazonEmployeeAccess,GaussianNB,20,onehot,onehot,Onehot -> [ MLP-MultiHead-Encoded => GM => Encoded ] -> Onehot,GM,MLP-MultiHead,encoded,encoded,False,centroid,Onehot -> [ [FFN-SFT]-ENC => GM => ENC ] -> Onehot
Train - Original,0.5068510855081594,0.0011010169982910156,0,0,silkworm,32.87079429626465,0.011534929275512695,AmazonEmployeeAccess,GaussianNB,20,onehot,onehot,Onehot -> [ MLP-MultiHead-Encoded => GM => Encoded ] -> Onehot,GM,MLP-MultiHead,encoded,encoded,False,centroid,Onehot -> [ [FFN-SFT]-ENC => GM => ENC ] -> Onehot
Val,0.5140605563851692,0.0011010169982910156,0,0,silkworm,32.87079429626465,0.0017790794372558594,AmazonEmployeeAccess,GaussianNB,20,onehot,onehot,Onehot -> [ MLP-MultiHead-Encoded => GM => Encoded ] -> Onehot,GM,MLP-MultiHead,encoded,encoded,False,centroid,Onehot -> [ [FFN-SFT]-ENC => GM => ENC ] -> Onehot
Test,0.5373717169191604,0.0011010169982910156,0,0,silkworm,32.87079429626465,0.0015823841094970703,AmazonEmployeeAccess,GaussianNB,20,onehot,onehot,Onehot -> [ MLP-MultiHead-Encoded => GM => Encoded ] -> Onehot,GM,MLP-MultiHead,encoded,encoded,False,centroid,Onehot -> [ [FFN-SFT]-ENC => GM => ENC ] -> Onehot
Train,0.925,0.0014157295227050781,0,0,silkworm,35.27365589141846,0.0124053955078125,AmazonEmployeeAccess,GaussianNB,20,onehot,onehot,Onehot -> [ MLP-MultiHead-Encoded => GM => Decoded ] -> Onehot,GM,MLP-MultiHead,encoded,decoded,False,centroid,Onehot -> [ [FFN-SFT]-ENC => GM => DEC ] -> Onehot
Train - Original,0.501730080897398,0.0014157295227050781,0,0,silkworm,35.27365589141846,0.07529854774475098,AmazonEmployeeAccess,GaussianNB,20,onehot,onehot,Onehot -> [ MLP-MultiHead-Encoded => GM => Decoded ] -> Onehot,GM,MLP-MultiHead,encoded,decoded,False,centroid,Onehot -> [ [FFN-SFT]-ENC => GM => DEC ] -> Onehot
Val,0.5191407568711774,0.0014157295227050781,0,0,silkworm,35.27365589141846,0.005406856536865234,AmazonEmployeeAccess,GaussianNB,20,onehot,onehot,Onehot -> [ MLP-MultiHead-Encoded => GM => Decoded ] -> Onehot,GM,MLP-MultiHead,encoded,decoded,False,centroid,Onehot -> [ [FFN-SFT]-ENC => GM => DEC ] -> Onehot
Test,0.5076320146078865,0.0014157295227050781,0,0,silkworm,35.27365589141846,0.003928422927856445,AmazonEmployeeAccess,GaussianNB,20,onehot,onehot,Onehot -> [ MLP-MultiHead-Encoded => GM => Decoded ] -> Onehot,GM,MLP-MultiHead,encoded,decoded,False,centroid,Onehot -> [ [FFN-SFT]-ENC => GM => DEC ] -> Onehot
Train,0.875,0.0009627342224121094,0,0,silkworm,35.2178316116333,0.0006415843963623047,AmazonEmployeeAccess,GaussianNB,20,onehot,onehot,Onehot -> [ MLP-MultiHead-Encoded => GM => Decoded-Binary ] -> Onehot,GM,MLP-MultiHead,encoded,decoded,True,centroid,Onehot -> [ [FFN-SFT]-ENC => GM => DEC-BIN ] -> Onehot
Train - Original,0.5337131264530588,0.0009627342224121094,0,0,silkworm,35.2178316116333,0.042433738708496094,AmazonEmployeeAccess,GaussianNB,20,onehot,onehot,Onehot -> [ MLP-MultiHead-Encoded => GM => Decoded-Binary ] -> Onehot,GM,MLP-MultiHead,encoded,decoded,True,centroid,Onehot -> [ [FFN-SFT]-ENC => GM => DEC-BIN ] -> Onehot
Val,0.5106348520837831,0.0009627342224121094,0,0,silkworm,35.2178316116333,0.01070547103881836,AmazonEmployeeAccess,GaussianNB,20,onehot,onehot,Onehot -> [ MLP-MultiHead-Encoded => GM => Decoded-Binary ] -> Onehot,GM,MLP-MultiHead,encoded,decoded,True,centroid,Onehot -> [ [FFN-SFT]-ENC => GM => DEC-BIN ] -> Onehot
Test,0.5347236586391481,0.0009627342224121094,0,0,silkworm,35.2178316116333,0.0041882991790771484,AmazonEmployeeAccess,GaussianNB,20,onehot,onehot,Onehot -> [ MLP-MultiHead-Encoded => GM => Decoded-Binary ] -> Onehot,GM,MLP-MultiHead,encoded,decoded,True,centroid,Onehot -> [ [FFN-SFT]-ENC => GM => DEC-BIN ] -> Onehot
Train,0.8,0.0010821819305419922,0,0,silkworm,33.43619966506958,0.0008168220520019531,AmazonEmployeeAccess,GaussianNB,20,onehot,onehot,Onehot -> [ MLP-MultiHead-Encoded => GM => Encoded ] -> Onehot,GM,MLP-MultiHead,encoded,encoded,False,centroid,Onehot -> [ [FFN-SFT]-ENC => GM => ENC ] -> Onehot
Train - Original,0.5185227722551474,0.0010821819305419922,0,0,silkworm,33.43619966506958,0.006171703338623047,AmazonEmployeeAccess,GaussianNB,20,onehot,onehot,Onehot -> [ MLP-MultiHead-Encoded => GM => Encoded ] -> Onehot,GM,MLP-MultiHead,encoded,encoded,False,centroid,Onehot -> [ [FFN-SFT]-ENC => GM => ENC ] -> Onehot
Val,0.5137503383505525,0.0010821819305419922,0,0,silkworm,33.43619966506958,0.0017235279083251953,AmazonEmployeeAccess,GaussianNB,20,onehot,onehot,Onehot -> [ MLP-MultiHead-Encoded => GM => Encoded ] -> Onehot,GM,MLP-MultiHead,encoded,encoded,False,centroid,Onehot -> [ [FFN-SFT]-ENC => GM => ENC ] -> Onehot
Test,0.5155072414354824,0.0010821819305419922,0,0,silkworm,33.43619966506958,0.001707315444946289,AmazonEmployeeAccess,GaussianNB,20,onehot,onehot,Onehot -> [ MLP-MultiHead-Encoded => GM => Encoded ] -> Onehot,GM,MLP-MultiHead,encoded,encoded,False,centroid,Onehot -> [ [FFN-SFT]-ENC => GM => ENC ] -> Onehot
Train,0.95,0.0011911392211914062,0,0,silkworm,34.46121788024902,0.0008220672607421875,AmazonEmployeeAccess,GaussianNB,20,onehot,onehot,Onehot -> [ MLP-MultiHead-Encoded => GM => Decoded ] -> Onehot,GM,MLP-MultiHead,encoded,decoded,False,centroid,Onehot -> [ [FFN-SFT]-ENC => GM => DEC ] -> Onehot
Train - Original,0.5104651251930443,0.0011911392211914062,0,0,silkworm,34.46121788024902,0.02187967300415039,AmazonEmployeeAccess,GaussianNB,20,onehot,onehot,Onehot -> [ MLP-MultiHead-Encoded => GM => Decoded ] -> Onehot,GM,MLP-MultiHead,encoded,decoded,False,centroid,Onehot -> [ [FFN-SFT]-ENC => GM => DEC ] -> Onehot
Val,0.566905590311465,0.0011911392211914062,0,0,silkworm,34.46121788024902,0.004137277603149414,AmazonEmployeeAccess,GaussianNB,20,onehot,onehot,Onehot -> [ MLP-MultiHead-Encoded => GM => Decoded ] -> Onehot,GM,MLP-MultiHead,encoded,decoded,False,centroid,Onehot -> [ [FFN-SFT]-ENC => GM => DEC ] -> Onehot
Test,0.5047149833123079,0.0011911392211914062,0,0,silkworm,34.46121788024902,0.003943204879760742,AmazonEmployeeAccess,GaussianNB,20,onehot,onehot,Onehot -> [ MLP-MultiHead-Encoded => GM => Decoded ] -> Onehot,GM,MLP-MultiHead,encoded,decoded,False,centroid,Onehot -> [ [FFN-SFT]-ENC => GM => DEC ] -> Onehot
Train,0.925,0.0018885135650634766,0,0,silkworm,33.51827573776245,0.0068018436431884766,AmazonEmployeeAccess,GaussianNB,20,onehot,onehot,Onehot -> [ MLP-MultiHead-Encoded => GM => Decoded-Binary ] -> Onehot,GM,MLP-MultiHead,encoded,decoded,True,centroid,Onehot -> [ [FFN-SFT]-ENC => GM => DEC-BIN ] -> Onehot
Train - Original,0.5322192286034466,0.0018885135650634766,0,0,silkworm,33.51827573776245,0.05129432678222656,AmazonEmployeeAccess,GaussianNB,20,onehot,onehot,Onehot -> [ MLP-MultiHead-Encoded => GM => Decoded-Binary ] -> Onehot,GM,MLP-MultiHead,encoded,decoded,True,centroid,Onehot -> [ [FFN-SFT]-ENC => GM => DEC-BIN ] -> Onehot
Val,0.5471447775402143,0.0018885135650634766,0,0,silkworm,33.51827573776245,0.004254341125488281,AmazonEmployeeAccess,GaussianNB,20,onehot,onehot,Onehot -> [ MLP-MultiHead-Encoded => GM => Decoded-Binary ] -> Onehot,GM,MLP-MultiHead,encoded,decoded,True,centroid,Onehot -> [ [FFN-SFT]-ENC => GM => DEC-BIN ] -> Onehot
Test,0.5277841548375365,0.0018885135650634766,0,0,silkworm,33.51827573776245,0.003885030746459961,AmazonEmployeeAccess,GaussianNB,20,onehot,onehot,Onehot -> [ MLP-MultiHead-Encoded => GM => Decoded-Binary ] -> Onehot,GM,MLP-MultiHead,encoded,decoded,True,centroid,Onehot -> [ [FFN-SFT]-ENC => GM => DEC-BIN ] -> Onehot
Train,0.825,0.001100301742553711,0,0,silkworm,33.91846203804016,0.0007724761962890625,AmazonEmployeeAccess,GaussianNB,20,onehot,onehot,Onehot -> [ MLP-MultiHead-Encoded => GM => Encoded ] -> Onehot,GM,MLP-MultiHead,encoded,encoded,False,centroid,Onehot -> [ [FFN-SFT]-ENC => GM => ENC ] -> Onehot
Train - Original,0.5255389210706779,0.001100301742553711,0,0,silkworm,33.91846203804016,0.006638765335083008,AmazonEmployeeAccess,GaussianNB,20,onehot,onehot,Onehot -> [ MLP-MultiHead-Encoded => GM => Encoded ] -> Onehot,GM,MLP-MultiHead,encoded,encoded,False,centroid,Onehot -> [ [FFN-SFT]-ENC => GM => ENC ] -> Onehot
Val,0.5410118886499737,0.001100301742553711,0,0,silkworm,33.91846203804016,0.001703500747680664,AmazonEmployeeAccess,GaussianNB,20,onehot,onehot,Onehot -> [ MLP-MultiHead-Encoded => GM => Encoded ] -> Onehot,GM,MLP-MultiHead,encoded,encoded,False,centroid,Onehot -> [ [FFN-SFT]-ENC => GM => ENC ] -> Onehot
Test,0.5126989358518299,0.001100301742553711,0,0,silkworm,33.91846203804016,0.001580953598022461,AmazonEmployeeAccess,GaussianNB,20,onehot,onehot,Onehot -> [ MLP-MultiHead-Encoded => GM => Encoded ] -> Onehot,GM,MLP-MultiHead,encoded,encoded,False,centroid,Onehot -> [ [FFN-SFT]-ENC => GM => ENC ] -> Onehot
Train,0.95,0.0009369850158691406,0,0,silkworm,34.63133716583252,0.0006761550903320312,AmazonEmployeeAccess,GaussianNB,20,onehot,onehot,Onehot -> [ MLP-MultiHead-Encoded => GM => Decoded ] -> Onehot,GM,MLP-MultiHead,encoded,decoded,False,centroid,Onehot -> [ [FFN-SFT]-ENC => GM => DEC ] -> Onehot
Train - Original,0.513118717349732,0.0009369850158691406,0,0,silkworm,34.63133716583252,0.03228592872619629,AmazonEmployeeAccess,GaussianNB,20,onehot,onehot,Onehot -> [ MLP-MultiHead-Encoded => GM => Decoded ] -> Onehot,GM,MLP-MultiHead,encoded,decoded,False,centroid,Onehot -> [ [FFN-SFT]-ENC => GM => DEC ] -> Onehot
Val,0.5348577102867692,0.0009369850158691406,0,0,silkworm,34.63133716583252,0.004625558853149414,AmazonEmployeeAccess,GaussianNB,20,onehot,onehot,Onehot -> [ MLP-MultiHead-Encoded => GM => Decoded ] -> Onehot,GM,MLP-MultiHead,encoded,decoded,False,centroid,Onehot -> [ [FFN-SFT]-ENC => GM => DEC ] -> Onehot
Test,0.49898737342167776,0.0009369850158691406,0,0,silkworm,34.63133716583252,0.003960371017456055,AmazonEmployeeAccess,GaussianNB,20,onehot,onehot,Onehot -> [ MLP-MultiHead-Encoded => GM => Decoded ] -> Onehot,GM,MLP-MultiHead,encoded,decoded,False,centroid,Onehot -> [ [FFN-SFT]-ENC => GM => DEC ] -> Onehot
Train,0.9,0.0011129379272460938,0,0,silkworm,34.79543328285217,0.0007765293121337891,AmazonEmployeeAccess,GaussianNB,20,onehot,onehot,Onehot -> [ MLP-MultiHead-Encoded => GM => Decoded-Binary ] -> Onehot,GM,MLP-MultiHead,encoded,decoded,True,centroid,Onehot -> [ [FFN-SFT]-ENC => GM => DEC-BIN ] -> Onehot
Train - Original,0.5070715183733546,0.0011129379272460938,0,0,silkworm,34.79543328285217,0.042849063873291016,AmazonEmployeeAccess,GaussianNB,20,onehot,onehot,Onehot -> [ MLP-MultiHead-Encoded => GM => Decoded-Binary ] -> Onehot,GM,MLP-MultiHead,encoded,decoded,True,centroid,Onehot -> [ [FFN-SFT]-ENC => GM => DEC-BIN ] -> Onehot
Val,0.5274254032074112,0.0011129379272460938,0,0,silkworm,34.79543328285217,0.010227680206298828,AmazonEmployeeAccess,GaussianNB,20,onehot,onehot,Onehot -> [ MLP-MultiHead-Encoded => GM => Decoded-Binary ] -> Onehot,GM,MLP-MultiHead,encoded,decoded,True,centroid,Onehot -> [ [FFN-SFT]-ENC => GM => DEC-BIN ] -> Onehot
Test,0.523521879628893,0.0011129379272460938,0,0,silkworm,34.79543328285217,0.009707212448120117,AmazonEmployeeAccess,GaussianNB,20,onehot,onehot,Onehot -> [ MLP-MultiHead-Encoded => GM => Decoded-Binary ] -> Onehot,GM,MLP-MultiHead,encoded,decoded,True,centroid,Onehot -> [ [FFN-SFT]-ENC => GM => DEC-BIN ] -> Onehot
Train,0.725,0.0008695125579833984,0,0,silkworm,33.65364098548889,0.0006482601165771484,AmazonEmployeeAccess,GaussianNB,20,onehot,onehot,Onehot -> [ MLP-MultiHead-Encoded => GM => Encoded ] -> Onehot,GM,MLP-MultiHead,encoded,encoded,False,centroid,Onehot -> [ [FFN-SFT]-ENC => GM => ENC ] -> Onehot
Train - Original,0.5075889745934222,0.0008695125579833984,0,0,silkworm,33.65364098548889,0.007626771926879883,AmazonEmployeeAccess,GaussianNB,20,onehot,onehot,Onehot -> [ MLP-MultiHead-Encoded => GM => Encoded ] -> Onehot,GM,MLP-MultiHead,encoded,encoded,False,centroid,Onehot -> [ [FFN-SFT]-ENC => GM => ENC ] -> Onehot
Val,0.5082021496284987,0.0008695125579833984,0,0,silkworm,33.65364098548889,0.001865386962890625,AmazonEmployeeAccess,GaussianNB,20,onehot,onehot,Onehot -> [ MLP-MultiHead-Encoded => GM => Encoded ] -> Onehot,GM,MLP-MultiHead,encoded,encoded,False,centroid,Onehot -> [ [FFN-SFT]-ENC => GM => ENC ] -> Onehot
Test,0.5088404990017692,0.0008695125579833984,0,0,silkworm,33.65364098548889,0.0015997886657714844,AmazonEmployeeAccess,GaussianNB,20,onehot,onehot,Onehot -> [ MLP-MultiHead-Encoded => GM => Encoded ] -> Onehot,GM,MLP-MultiHead,encoded,encoded,False,centroid,Onehot -> [ [FFN-SFT]-ENC => GM => ENC ] -> Onehot
Train,0.8,0.0011832714080810547,0,0,silkworm,35.61448907852173,0.0007917881011962891,AmazonEmployeeAccess,GaussianNB,30,onehot,onehot,Onehot -> [ GM => Original ] -> Onehot,GM,N/A,original,original,False,centroid,Onehot -> [ GM => ORI ] -> Onehot
Train - Original,0.5153962564743008,0.0011832714080810547,0,0,silkworm,35.61448907852173,0.03596043586730957,AmazonEmployeeAccess,GaussianNB,30,onehot,onehot,Onehot -> [ GM => Original ] -> Onehot,GM,N/A,original,original,False,centroid,Onehot -> [ GM => ORI ] -> Onehot
Val,0.5038933123682714,0.0011832714080810547,0,0,silkworm,35.61448907852173,0.011223316192626953,AmazonEmployeeAccess,GaussianNB,30,onehot,onehot,Onehot -> [ GM => Original ] -> Onehot,GM,N/A,original,original,False,centroid,Onehot -> [ GM => ORI ] -> Onehot
Test,0.5179317869279114,0.0011832714080810547,0,0,silkworm,35.61448907852173,0.0223391056060791,AmazonEmployeeAccess,GaussianNB,30,onehot,onehot,Onehot -> [ GM => Original ] -> Onehot,GM,N/A,original,original,False,centroid,Onehot -> [ GM => ORI ] -> Onehot
Train,0.7833333333333333,0.0010628700256347656,0,0,silkworm,33.97410535812378,0.0007781982421875,AmazonEmployeeAccess,GaussianNB,30,onehot,onehot,Onehot -> [ GM => Original ] -> Onehot,GM,N/A,original,original,False,centroid,Onehot -> [ GM => ORI ] -> Onehot
Train - Original,0.5225472575168791,0.0010628700256347656,0,0,silkworm,33.97410535812378,0.043972015380859375,AmazonEmployeeAccess,GaussianNB,30,onehot,onehot,Onehot -> [ GM => Original ] -> Onehot,GM,N/A,original,original,False,centroid,Onehot -> [ GM => ORI ] -> Onehot
Val,0.509954729456419,0.0010628700256347656,0,0,silkworm,33.97410535812378,0.010206937789916992,AmazonEmployeeAccess,GaussianNB,30,onehot,onehot,Onehot -> [ GM => Original ] -> Onehot,GM,N/A,original,original,False,centroid,Onehot -> [ GM => ORI ] -> Onehot
Test,0.48719991514090777,0.0010628700256347656,0,0,silkworm,33.97410535812378,0.009690999984741211,AmazonEmployeeAccess,GaussianNB,30,onehot,onehot,Onehot -> [ GM => Original ] -> Onehot,GM,N/A,original,original,False,centroid,Onehot -> [ GM => ORI ] -> Onehot
Train,0.8166666666666667,0.0010786056518554688,0,0,silkworm,35.3997745513916,0.0007183551788330078,AmazonEmployeeAccess,GaussianNB,30,onehot,onehot,Onehot -> [ GM => Original ] -> Onehot,GM,N/A,original,original,False,centroid,Onehot -> [ GM => ORI ] -> Onehot
Train - Original,0.5320067405206201,0.0010786056518554688,0,0,silkworm,35.3997745513916,0.03753256797790527,AmazonEmployeeAccess,GaussianNB,30,onehot,onehot,Onehot -> [ GM => Original ] -> Onehot,GM,N/A,original,original,False,centroid,Onehot -> [ GM => ORI ] -> Onehot
Val,0.5261921344521459,0.0010786056518554688,0,0,silkworm,35.3997745513916,0.010154008865356445,AmazonEmployeeAccess,GaussianNB,30,onehot,onehot,Onehot -> [ GM => Original ] -> Onehot,GM,N/A,original,original,False,centroid,Onehot -> [ GM => ORI ] -> Onehot
Test,0.5327772032110074,0.0010786056518554688,0,0,silkworm,35.3997745513916,0.01564812660217285,AmazonEmployeeAccess,GaussianNB,30,onehot,onehot,Onehot -> [ GM => Original ] -> Onehot,GM,N/A,original,original,False,centroid,Onehot -> [ GM => ORI ] -> Onehot
Train,0.7666666666666666,0.0009353160858154297,0,0,silkworm,34.621845960617065,0.0006661415100097656,AmazonEmployeeAccess,GaussianNB,30,onehot,onehot,Onehot -> [ GM => Original ] -> Onehot,GM,N/A,original,original,False,centroid,Onehot -> [ GM => ORI ] -> Onehot
Train - Original,0.5141968731009183,0.0009353160858154297,0,0,silkworm,34.621845960617065,0.03780627250671387,AmazonEmployeeAccess,GaussianNB,30,onehot,onehot,Onehot -> [ GM => Original ] -> Onehot,GM,N/A,original,original,False,centroid,Onehot -> [ GM => ORI ] -> Onehot
Val,0.5369501613437916,0.0009353160858154297,0,0,silkworm,34.621845960617065,0.0047149658203125,AmazonEmployeeAccess,GaussianNB,30,onehot,onehot,Onehot -> [ GM => Original ] -> Onehot,GM,N/A,original,original,False,centroid,Onehot -> [ GM => ORI ] -> Onehot
Test,0.5200074251705706,0.0009353160858154297,0,0,silkworm,34.621845960617065,0.02748274803161621,AmazonEmployeeAccess,GaussianNB,30,onehot,onehot,Onehot -> [ GM => Original ] -> Onehot,GM,N/A,original,original,False,centroid,Onehot -> [ GM => ORI ] -> Onehot
Train,0.9,0.0012116432189941406,0,0,silkworm,35.945746421813965,0.0008180141448974609,AmazonEmployeeAccess,GaussianNB,30,onehot,onehot,Onehot -> [ GM => Original ] -> Onehot,GM,N/A,original,original,False,centroid,Onehot -> [ GM => ORI ] -> Onehot
Train - Original,0.5246978543512318,0.0012116432189941406,0,0,silkworm,35.945746421813965,0.0386500358581543,AmazonEmployeeAccess,GaussianNB,30,onehot,onehot,Onehot -> [ GM => Original ] -> Onehot,GM,N/A,original,original,False,centroid,Onehot -> [ GM => ORI ] -> Onehot
Val,0.5329891788650278,0.0012116432189941406,0,0,silkworm,35.945746421813965,0.010195255279541016,AmazonEmployeeAccess,GaussianNB,30,onehot,onehot,Onehot -> [ GM => Original ] -> Onehot,GM,N/A,original,original,False,centroid,Onehot -> [ GM => ORI ] -> Onehot
Test,0.5251410214155557,0.0012116432189941406,0,0,silkworm,35.945746421813965,0.0039751529693603516,AmazonEmployeeAccess,GaussianNB,30,onehot,onehot,Onehot -> [ GM => Original ] -> Onehot,GM,N/A,original,original,False,centroid,Onehot -> [ GM => ORI ] -> Onehot
Train,0.8833333333333333,0.0008907318115234375,0,0,silkworm,35.048285722732544,0.0006494522094726562,AmazonEmployeeAccess,GaussianNB,30,onehot,onehot,Onehot -> [ MLP-MultiHead-Encoded => GM => Decoded ] -> Onehot,GM,MLP-MultiHead,encoded,decoded,False,centroid,Onehot -> [ [FFN-SFT]-ENC => GM => DEC ] -> Onehot
Train - Original,0.5115261717857083,0.0008907318115234375,0,0,silkworm,35.048285722732544,0.04326891899108887,AmazonEmployeeAccess,GaussianNB,30,onehot,onehot,Onehot -> [ MLP-MultiHead-Encoded => GM => Decoded ] -> Onehot,GM,MLP-MultiHead,encoded,decoded,False,centroid,Onehot -> [ [FFN-SFT]-ENC => GM => DEC ] -> Onehot
Val,0.5008721080531994,0.0008907318115234375,0,0,silkworm,35.048285722732544,0.010222911834716797,AmazonEmployeeAccess,GaussianNB,30,onehot,onehot,Onehot -> [ MLP-MultiHead-Encoded => GM => Decoded ] -> Onehot,GM,MLP-MultiHead,encoded,decoded,False,centroid,Onehot -> [ [FFN-SFT]-ENC => GM => DEC ] -> Onehot
Test,0.5261650130508737,0.0008907318115234375,0,0,silkworm,35.048285722732544,0.00400996208190918,AmazonEmployeeAccess,GaussianNB,30,onehot,onehot,Onehot -> [ MLP-MultiHead-Encoded => GM => Decoded ] -> Onehot,GM,MLP-MultiHead,encoded,decoded,False,centroid,Onehot -> [ [FFN-SFT]-ENC => GM => DEC ] -> Onehot
Train,0.8,0.0011734962463378906,0,0,silkworm,35.084397077560425,0.0008039474487304688,AmazonEmployeeAccess,GaussianNB,30,onehot,onehot,Onehot -> [ MLP-MultiHead-Encoded => GM => Decoded-Binary ] -> Onehot,GM,MLP-MultiHead,encoded,decoded,True,centroid,Onehot -> [ [FFN-SFT]-ENC => GM => DEC-BIN ] -> Onehot
Train - Original,0.5153962564743008,0.0011734962463378906,0,0,silkworm,35.084397077560425,0.028565645217895508,AmazonEmployeeAccess,GaussianNB,30,onehot,onehot,Onehot -> [ MLP-MultiHead-Encoded => GM => Decoded-Binary ] -> Onehot,GM,MLP-MultiHead,encoded,decoded,True,centroid,Onehot -> [ [FFN-SFT]-ENC => GM => DEC-BIN ] -> Onehot
Val,0.5038933123682714,0.0011734962463378906,0,0,silkworm,35.084397077560425,0.004333972930908203,AmazonEmployeeAccess,GaussianNB,30,onehot,onehot,Onehot -> [ MLP-MultiHead-Encoded => GM => Decoded-Binary ] -> Onehot,GM,MLP-MultiHead,encoded,decoded,True,centroid,Onehot -> [ [FFN-SFT]-ENC => GM => DEC-BIN ] -> Onehot
Test,0.5179317869279114,0.0011734962463378906,0,0,silkworm,35.084397077560425,0.003957986831665039,AmazonEmployeeAccess,GaussianNB,30,onehot,onehot,Onehot -> [ MLP-MultiHead-Encoded => GM => Decoded-Binary ] -> Onehot,GM,MLP-MultiHead,encoded,decoded,True,centroid,Onehot -> [ [FFN-SFT]-ENC => GM => DEC-BIN ] -> Onehot
Train,0.7833333333333333,0.0011074542999267578,0,0,silkworm,35.86214303970337,0.0007715225219726562,AmazonEmployeeAccess,GaussianNB,30,onehot,onehot,Onehot -> [ MLP-MultiHead-Encoded => GM => Encoded ] -> Onehot,GM,MLP-MultiHead,encoded,encoded,False,centroid,Onehot -> [ [FFN-SFT]-ENC => GM => ENC ] -> Onehot
Train - Original,0.5070356274705485,0.0011074542999267578,0,0,silkworm,35.86214303970337,0.0057468414306640625,AmazonEmployeeAccess,GaussianNB,30,onehot,onehot,Onehot -> [ MLP-MultiHead-Encoded => GM => Encoded ] -> Onehot,GM,MLP-MultiHead,encoded,encoded,False,centroid,Onehot -> [ [FFN-SFT]-ENC => GM => ENC ] -> Onehot
Val,0.5217555603541352,0.0011074542999267578,0,0,silkworm,35.86214303970337,0.0016460418701171875,AmazonEmployeeAccess,GaussianNB,30,onehot,onehot,Onehot -> [ MLP-MultiHead-Encoded => GM => Encoded ] -> Onehot,GM,MLP-MultiHead,encoded,encoded,False,centroid,Onehot -> [ [FFN-SFT]-ENC => GM => ENC ] -> Onehot
Test,0.5084351453022538,0.0011074542999267578,0,0,silkworm,35.86214303970337,0.0015747547149658203,AmazonEmployeeAccess,GaussianNB,30,onehot,onehot,Onehot -> [ MLP-MultiHead-Encoded => GM => Encoded ] -> Onehot,GM,MLP-MultiHead,encoded,encoded,False,centroid,Onehot -> [ [FFN-SFT]-ENC => GM => ENC ] -> Onehot
Train,0.8666666666666667,0.0012011528015136719,0,0,silkworm,33.45414710044861,0.0008347034454345703,AmazonEmployeeAccess,GaussianNB,30,onehot,onehot,Onehot -> [ MLP-MultiHead-Encoded => GM => Decoded ] -> Onehot,GM,MLP-MultiHead,encoded,decoded,False,centroid,Onehot -> [ [FFN-SFT]-ENC => GM => DEC ] -> Onehot
Train - Original,0.5292864888522159,0.0012011528015136719,0,0,silkworm,33.45414710044861,0.027535200119018555,AmazonEmployeeAccess,GaussianNB,30,onehot,onehot,Onehot -> [ MLP-MultiHead-Encoded => GM => Decoded ] -> Onehot,GM,MLP-MultiHead,encoded,decoded,False,centroid,Onehot -> [ [FFN-SFT]-ENC => GM => DEC ] -> Onehot
Val,0.5496675800864352,0.0012011528015136719,0,0,silkworm,33.45414710044861,0.004833221435546875,AmazonEmployeeAccess,GaussianNB,30,onehot,onehot,Onehot -> [ MLP-MultiHead-Encoded => GM => Decoded ] -> Onehot,GM,MLP-MultiHead,encoded,decoded,False,centroid,Onehot -> [ [FFN-SFT]-ENC => GM => DEC ] -> Onehot
Test,0.5072266609083711,0.0012011528015136719,0,0,silkworm,33.45414710044861,0.009713172912597656,AmazonEmployeeAccess,GaussianNB,30,onehot,onehot,Onehot -> [ MLP-MultiHead-Encoded => GM => Decoded ] -> Onehot,GM,MLP-MultiHead,encoded,decoded,False,centroid,Onehot -> [ [FFN-SFT]-ENC => GM => DEC ] -> Onehot
Train,0.75,0.00091552734375,0,0,silkworm,31.456021070480347,0.0006475448608398438,AmazonEmployeeAccess,GaussianNB,30,onehot,onehot,Onehot -> [ MLP-MultiHead-Encoded => GM => Decoded-Binary ] -> Onehot,GM,MLP-MultiHead,encoded,decoded,True,centroid,Onehot -> [ [FFN-SFT]-ENC => GM => DEC-BIN ] -> Onehot
Train - Original,0.5205595635666218,0.00091552734375,0,0,silkworm,31.456021070480347,0.0514678955078125,AmazonEmployeeAccess,GaussianNB,30,onehot,onehot,Onehot -> [ MLP-MultiHead-Encoded => GM => Decoded-Binary ] -> Onehot,GM,MLP-MultiHead,encoded,decoded,True,centroid,Onehot -> [ [FFN-SFT]-ENC => GM => DEC-BIN ] -> Onehot
Val,0.5069734429031542,0.00091552734375,0,0,silkworm,31.456021070480347,0.01416635513305664,AmazonEmployeeAccess,GaussianNB,30,onehot,onehot,Onehot -> [ MLP-MultiHead-Encoded => GM => Decoded-Binary ] -> Onehot,GM,MLP-MultiHead,encoded,decoded,True,centroid,Onehot -> [ [FFN-SFT]-ENC => GM => DEC-BIN ] -> Onehot
Test,0.4873078831823675,0.00091552734375,0,0,silkworm,31.456021070480347,0.0041921138763427734,AmazonEmployeeAccess,GaussianNB,30,onehot,onehot,Onehot -> [ MLP-MultiHead-Encoded => GM => Decoded-Binary ] -> Onehot,GM,MLP-MultiHead,encoded,decoded,True,centroid,Onehot -> [ [FFN-SFT]-ENC => GM => DEC-BIN ] -> Onehot
Train,0.8500000000000001,0.0012545585632324219,0,0,silkworm,34.77527165412903,0.0008561611175537109,AmazonEmployeeAccess,GaussianNB,30,onehot,onehot,Onehot -> [ MLP-MultiHead-Encoded => GM => Encoded ] -> Onehot,GM,MLP-MultiHead,encoded,encoded,False,centroid,Onehot -> [ [FFN-SFT]-ENC => GM => ENC ] -> Onehot
Train - Original,0.5140213909780724,0.0012545585632324219,0,0,silkworm,34.77527165412903,0.006081104278564453,AmazonEmployeeAccess,GaussianNB,30,onehot,onehot,Onehot -> [ MLP-MultiHead-Encoded => GM => Encoded ] -> Onehot,GM,MLP-MultiHead,encoded,encoded,False,centroid,Onehot -> [ [FFN-SFT]-ENC => GM => ENC ] -> Onehot
Val,0.5072323381011614,0.0012545585632324219,0,0,silkworm,34.77527165412903,0.0018587112426757812,AmazonEmployeeAccess,GaussianNB,30,onehot,onehot,Onehot -> [ MLP-MultiHead-Encoded => GM => Encoded ] -> Onehot,GM,MLP-MultiHead,encoded,encoded,False,centroid,Onehot -> [ [FFN-SFT]-ENC => GM => ENC ] -> Onehot
Test,0.5191785336803464,0.0012545585632324219,0,0,silkworm,34.77527165412903,0.0015888214111328125,AmazonEmployeeAccess,GaussianNB,30,onehot,onehot,Onehot -> [ MLP-MultiHead-Encoded => GM => Encoded ] -> Onehot,GM,MLP-MultiHead,encoded,encoded,False,centroid,Onehot -> [ [FFN-SFT]-ENC => GM => ENC ] -> Onehot
Train,0.9,0.0013115406036376953,0,0,silkworm,35.287585496902466,0.0008673667907714844,AmazonEmployeeAccess,GaussianNB,30,onehot,onehot,Onehot -> [ MLP-MultiHead-Encoded => GM => Decoded ] -> Onehot,GM,MLP-MultiHead,encoded,decoded,False,centroid,Onehot -> [ [FFN-SFT]-ENC => GM => DEC ] -> Onehot
Train - Original,0.5023587640706277,0.0013115406036376953,0,0,silkworm,35.287585496902466,0.021376371383666992,AmazonEmployeeAccess,GaussianNB,30,onehot,onehot,Onehot -> [ MLP-MultiHead-Encoded => GM => Decoded ] -> Onehot,GM,MLP-MultiHead,encoded,decoded,False,centroid,Onehot -> [ [FFN-SFT]-ENC => GM => DEC ] -> Onehot
Val,0.5228341002612522,0.0013115406036376953,0,0,silkworm,35.287585496902466,0.004647254943847656,AmazonEmployeeAccess,GaussianNB,30,onehot,onehot,Onehot -> [ MLP-MultiHead-Encoded => GM => Decoded ] -> Onehot,GM,MLP-MultiHead,encoded,decoded,False,centroid,Onehot -> [ [FFN-SFT]-ENC => GM => DEC ] -> Onehot
Test,0.5228801327438657,0.0013115406036376953,0,0,silkworm,35.287585496902466,0.0038928985595703125,AmazonEmployeeAccess,GaussianNB,30,onehot,onehot,Onehot -> [ MLP-MultiHead-Encoded => GM => Decoded ] -> Onehot,GM,MLP-MultiHead,encoded,decoded,False,centroid,Onehot -> [ [FFN-SFT]-ENC => GM => DEC ] -> Onehot
Train,0.8166666666666667,0.008975744247436523,0,0,silkworm,34.51092171669006,0.0006933212280273438,AmazonEmployeeAccess,GaussianNB,30,onehot,onehot,Onehot -> [ MLP-MultiHead-Encoded => GM => Decoded-Binary ] -> Onehot,GM,MLP-MultiHead,encoded,decoded,True,centroid,Onehot -> [ [FFN-SFT]-ENC => GM => DEC-BIN ] -> Onehot
Train - Original,0.5302525116662857,0.008975744247436523,0,0,silkworm,34.51092171669006,0.039806365966796875,AmazonEmployeeAccess,GaussianNB,30,onehot,onehot,Onehot -> [ MLP-MultiHead-Encoded => GM => Decoded-Binary ] -> Onehot,GM,MLP-MultiHead,encoded,decoded,True,centroid,Onehot -> [ [FFN-SFT]-ENC => GM => DEC-BIN ] -> Onehot
Val,0.5269060921347563,0.008975744247436523,0,0,silkworm,34.51092171669006,0.010334253311157227,AmazonEmployeeAccess,GaussianNB,30,onehot,onehot,Onehot -> [ MLP-MultiHead-Encoded => GM => Decoded-Binary ] -> Onehot,GM,MLP-MultiHead,encoded,decoded,True,centroid,Onehot -> [ [FFN-SFT]-ENC => GM => DEC-BIN ] -> Onehot
Test,0.5338837809271614,0.008975744247436523,0,0,silkworm,34.51092171669006,0.009647846221923828,AmazonEmployeeAccess,GaussianNB,30,onehot,onehot,Onehot -> [ MLP-MultiHead-Encoded => GM => Decoded-Binary ] -> Onehot,GM,MLP-MultiHead,encoded,decoded,True,centroid,Onehot -> [ [FFN-SFT]-ENC => GM => DEC-BIN ] -> Onehot
Train,0.75,0.001110076904296875,0,0,silkworm,35.00955319404602,0.0007917881011962891,AmazonEmployeeAccess,GaussianNB,30,onehot,onehot,Onehot -> [ MLP-MultiHead-Encoded => GM => Encoded ] -> Onehot,GM,MLP-MultiHead,encoded,encoded,False,centroid,Onehot -> [ [FFN-SFT]-ENC => GM => ENC ] -> Onehot
Train - Original,0.5460285844906698,0.001110076904296875,0,0,silkworm,35.00955319404602,0.005838632583618164,AmazonEmployeeAccess,GaussianNB,30,onehot,onehot,Onehot -> [ MLP-MultiHead-Encoded => GM => Encoded ] -> Onehot,GM,MLP-MultiHead,encoded,encoded,False,centroid,Onehot -> [ [FFN-SFT]-ENC => GM => ENC ] -> Onehot
Val,0.5364460570375393,0.001110076904296875,0,0,silkworm,35.00955319404602,0.0017383098602294922,AmazonEmployeeAccess,GaussianNB,30,onehot,onehot,Onehot -> [ MLP-MultiHead-Encoded => GM => Encoded ] -> Onehot,GM,MLP-MultiHead,encoded,encoded,False,centroid,Onehot -> [ [FFN-SFT]-ENC => GM => ENC ] -> Onehot
Test,0.5163433307951373,0.001110076904296875,0,0,silkworm,35.00955319404602,0.001737356185913086,AmazonEmployeeAccess,GaussianNB,30,onehot,onehot,Onehot -> [ MLP-MultiHead-Encoded => GM => Encoded ] -> Onehot,GM,MLP-MultiHead,encoded,encoded,False,centroid,Onehot -> [ [FFN-SFT]-ENC => GM => ENC ] -> Onehot
Train,0.8833333333333333,0.0022361278533935547,0,0,silkworm,34.14857602119446,0.0013744831085205078,AmazonEmployeeAccess,GaussianNB,30,onehot,onehot,Onehot -> [ MLP-MultiHead-Encoded => GM => Decoded ] -> Onehot,GM,MLP-MultiHead,encoded,decoded,False,centroid,Onehot -> [ [FFN-SFT]-ENC => GM => DEC ] -> Onehot
Train - Original,0.5057577719485067,0.0022361278533935547,0,0,silkworm,34.14857602119446,0.03271746635437012,AmazonEmployeeAccess,GaussianNB,30,onehot,onehot,Onehot -> [ MLP-MultiHead-Encoded => GM => Decoded ] -> Onehot,GM,MLP-MultiHead,encoded,decoded,False,centroid,Onehot -> [ [FFN-SFT]-ENC => GM => DEC ] -> Onehot
Val,0.5425067137873668,0.0022361278533935547,0,0,silkworm,34.14857602119446,0.008718013763427734,AmazonEmployeeAccess,GaussianNB,30,onehot,onehot,Onehot -> [ MLP-MultiHead-Encoded => GM => Decoded ] -> Onehot,GM,MLP-MultiHead,encoded,decoded,False,centroid,Onehot -> [ [FFN-SFT]-ENC => GM => DEC ] -> Onehot
Test,0.500396640489152,0.0022361278533935547,0,0,silkworm,34.14857602119446,0.008069992065429688,AmazonEmployeeAccess,GaussianNB,30,onehot,onehot,Onehot -> [ MLP-MultiHead-Encoded => GM => Decoded ] -> Onehot,GM,MLP-MultiHead,encoded,decoded,False,centroid,Onehot -> [ [FFN-SFT]-ENC => GM => DEC ] -> Onehot
Train,0.7833333333333333,0.001111745834350586,0,0,silkworm,33.319435358047485,0.0007810592651367188,AmazonEmployeeAccess,GaussianNB,30,onehot,onehot,Onehot -> [ MLP-MultiHead-Encoded => GM => Decoded-Binary ] -> Onehot,GM,MLP-MultiHead,encoded,decoded,True,centroid,Onehot -> [ [FFN-SFT]-ENC => GM => DEC-BIN ] -> Onehot
Train - Original,0.5161193710520007,0.001111745834350586,0,0,silkworm,33.319435358047485,0.020932674407958984,AmazonEmployeeAccess,GaussianNB,30,onehot,onehot,Onehot -> [ MLP-MultiHead-Encoded => GM => Decoded-Binary ] -> Onehot,GM,MLP-MultiHead,encoded,decoded,True,centroid,Onehot -> [ [FFN-SFT]-ENC => GM => DEC-BIN ] -> Onehot
Val,0.5259879836131884,0.001111745834350586,0,0,silkworm,33.319435358047485,0.004588603973388672,AmazonEmployeeAccess,GaussianNB,30,onehot,onehot,Onehot -> [ MLP-MultiHead-Encoded => GM => Decoded-Binary ] -> Onehot,GM,MLP-MultiHead,encoded,decoded,True,centroid,Onehot -> [ [FFN-SFT]-ENC => GM => DEC-BIN ] -> Onehot
Test,0.5156349089090682,0.001111745834350586,0,0,silkworm,33.319435358047485,0.00396275520324707,AmazonEmployeeAccess,GaussianNB,30,onehot,onehot,Onehot -> [ MLP-MultiHead-Encoded => GM => Decoded-Binary ] -> Onehot,GM,MLP-MultiHead,encoded,decoded,True,centroid,Onehot -> [ [FFN-SFT]-ENC => GM => DEC-BIN ] -> Onehot
Train,0.6666666666666666,0.0009214878082275391,0,0,silkworm,31.403749227523804,0.0006504058837890625,AmazonEmployeeAccess,GaussianNB,30,onehot,onehot,Onehot -> [ MLP-MultiHead-Encoded => GM => Encoded ] -> Onehot,GM,MLP-MultiHead,encoded,encoded,False,centroid,Onehot -> [ [FFN-SFT]-ENC => GM => ENC ] -> Onehot
Train - Original,0.5227305450399469,0.0009214878082275391,0,0,silkworm,31.403749227523804,0.0057582855224609375,AmazonEmployeeAccess,GaussianNB,30,onehot,onehot,Onehot -> [ MLP-MultiHead-Encoded => GM => Encoded ] -> Onehot,GM,MLP-MultiHead,encoded,encoded,False,centroid,Onehot -> [ [FFN-SFT]-ENC => GM => ENC ] -> Onehot
Val,0.522580527431486,0.0009214878082275391,0,0,silkworm,31.403749227523804,0.001657247543334961,AmazonEmployeeAccess,GaussianNB,30,onehot,onehot,Onehot -> [ MLP-MultiHead-Encoded => GM => Encoded ] -> Onehot,GM,MLP-MultiHead,encoded,encoded,False,centroid,Onehot -> [ [FFN-SFT]-ENC => GM => ENC ] -> Onehot
Test,0.5212795538836293,0.0009214878082275391,0,0,silkworm,31.403749227523804,0.0015633106231689453,AmazonEmployeeAccess,GaussianNB,30,onehot,onehot,Onehot -> [ MLP-MultiHead-Encoded => GM => Encoded ] -> Onehot,GM,MLP-MultiHead,encoded,encoded,False,centroid,Onehot -> [ [FFN-SFT]-ENC => GM => ENC ] -> Onehot
Train,0.8833333333333333,0.011110305786132812,0,0,silkworm,35.690305948257446,0.002952098846435547,AmazonEmployeeAccess,GaussianNB,30,onehot,onehot,Onehot -> [ MLP-MultiHead-Encoded => GM => Decoded ] -> Onehot,GM,MLP-MultiHead,encoded,decoded,False,centroid,Onehot -> [ [FFN-SFT]-ENC => GM => DEC ] -> Onehot
Train - Original,0.5229631738429888,0.011110305786132812,0,0,silkworm,35.690305948257446,0.034049272537231445,AmazonEmployeeAccess,GaussianNB,30,onehot,onehot,Onehot -> [ MLP-MultiHead-Encoded => GM => Decoded ] -> Onehot,GM,MLP-MultiHead,encoded,decoded,False,centroid,Onehot -> [ [FFN-SFT]-ENC => GM => DEC ] -> Onehot
Val,0.5247737233159266,0.011110305786132812,0,0,silkworm,35.690305948257446,0.0045125484466552734,AmazonEmployeeAccess,GaussianNB,30,onehot,onehot,Onehot -> [ MLP-MultiHead-Encoded => GM => Decoded ] -> Onehot,GM,MLP-MultiHead,encoded,decoded,False,centroid,Onehot -> [ [FFN-SFT]-ENC => GM => DEC ] -> Onehot
Test,0.5172907977133505,0.011110305786132812,0,0,silkworm,35.690305948257446,0.004195451736450195,AmazonEmployeeAccess,GaussianNB,30,onehot,onehot,Onehot -> [ MLP-MultiHead-Encoded => GM => Decoded ] -> Onehot,GM,MLP-MultiHead,encoded,decoded,False,centroid,Onehot -> [ [FFN-SFT]-ENC => GM => DEC ] -> Onehot
Train,0.8166666666666667,0.0010242462158203125,0,0,silkworm,35.543477296829224,0.0007224082946777344,AmazonEmployeeAccess,GaussianNB,30,onehot,onehot,Onehot -> [ MLP-MultiHead-Encoded => GM => Decoded-Binary ] -> Onehot,GM,MLP-MultiHead,encoded,decoded,True,centroid,Onehot -> [ [FFN-SFT]-ENC => GM => DEC-BIN ] -> Onehot
Train - Original,0.5226600873647297,0.0010242462158203125,0,0,silkworm,35.543477296829224,0.021523475646972656,AmazonEmployeeAccess,GaussianNB,30,onehot,onehot,Onehot -> [ MLP-MultiHead-Encoded => GM => Decoded-Binary ] -> Onehot,GM,MLP-MultiHead,encoded,decoded,True,centroid,Onehot -> [ [FFN-SFT]-ENC => GM => DEC-BIN ] -> Onehot
Val,0.5287997147210622,0.0010242462158203125,0,0,silkworm,35.543477296829224,0.004423379898071289,AmazonEmployeeAccess,GaussianNB,30,onehot,onehot,Onehot -> [ MLP-MultiHead-Encoded => GM => Decoded-Binary ] -> Onehot,GM,MLP-MultiHead,encoded,decoded,True,centroid,Onehot -> [ [FFN-SFT]-ENC => GM => DEC-BIN ] -> Onehot
Test,0.5225797164039445,0.0010242462158203125,0,0,silkworm,35.543477296829224,0.004629611968994141,AmazonEmployeeAccess,GaussianNB,30,onehot,onehot,Onehot -> [ MLP-MultiHead-Encoded => GM => Decoded-Binary ] -> Onehot,GM,MLP-MultiHead,encoded,decoded,True,centroid,Onehot -> [ [FFN-SFT]-ENC => GM => DEC-BIN ] -> Onehot
Train,0.6666666666666666,0.0017352104187011719,0,0,silkworm,34.91915416717529,0.001102447509765625,AmazonEmployeeAccess,GaussianNB,30,onehot,onehot,Onehot -> [ MLP-MultiHead-Encoded => GM => Encoded ] -> Onehot,GM,MLP-MultiHead,encoded,encoded,False,centroid,Onehot -> [ [FFN-SFT]-ENC => GM => ENC ] -> Onehot
Train - Original,0.5009273094227906,0.0017352104187011719,0,0,silkworm,34.91915416717529,0.007659435272216797,AmazonEmployeeAccess,GaussianNB,30,onehot,onehot,Onehot -> [ MLP-MultiHead-Encoded => GM => Encoded ] -> Onehot,GM,MLP-MultiHead,encoded,encoded,False,centroid,Onehot -> [ [FFN-SFT]-ENC => GM => ENC ] -> Onehot
Val,0.5215396242712157,0.0017352104187011719,0,0,silkworm,34.91915416717529,0.0022230148315429688,AmazonEmployeeAccess,GaussianNB,30,onehot,onehot,Onehot -> [ MLP-MultiHead-Encoded => GM => Encoded ] -> Onehot,GM,MLP-MultiHead,encoded,encoded,False,centroid,Onehot -> [ [FFN-SFT]-ENC => GM => ENC ] -> Onehot
Test,0.5280307765743446,0.0017352104187011719,0,0,silkworm,34.91915416717529,0.0018291473388671875,AmazonEmployeeAccess,GaussianNB,30,onehot,onehot,Onehot -> [ MLP-MultiHead-Encoded => GM => Encoded ] -> Onehot,GM,MLP-MultiHead,encoded,encoded,False,centroid,Onehot -> [ [FFN-SFT]-ENC => GM => ENC ] -> Onehot
Train,0.7375,0.0011124610900878906,0,0,silkworm,34.991124629974365,0.0007688999176025391,AmazonEmployeeAccess,GaussianNB,40,onehot,onehot,Onehot -> [ GM => Original ] -> Onehot,GM,N/A,original,original,False,centroid,Onehot -> [ GM => ORI ] -> Onehot
Train - Original,0.5106150306919487,0.0011124610900878906,0,0,silkworm,34.991124629974365,0.03768801689147949,AmazonEmployeeAccess,GaussianNB,40,onehot,onehot,Onehot -> [ GM => Original ] -> Onehot,GM,N/A,original,original,False,centroid,Onehot -> [ GM => ORI ] -> Onehot
Val,0.48753957560956324,0.0011124610900878906,0,0,silkworm,34.991124629974365,0.010049104690551758,AmazonEmployeeAccess,GaussianNB,40,onehot,onehot,Onehot -> [ GM => Original ] -> Onehot,GM,N/A,original,original,False,centroid,Onehot -> [ GM => ORI ] -> Onehot
Test,0.5219250891209886,0.0011124610900878906,0,0,silkworm,34.991124629974365,0.009597539901733398,AmazonEmployeeAccess,GaussianNB,40,onehot,onehot,Onehot -> [ GM => Original ] -> Onehot,GM,N/A,original,original,False,centroid,Onehot -> [ GM => ORI ] -> Onehot
Train,0.7625,0.0009429454803466797,0,0,silkworm,36.59636425971985,0.0007138252258300781,AmazonEmployeeAccess,GaussianNB,40,onehot,onehot,Onehot -> [ GM => Original ] -> Onehot,GM,N/A,original,original,False,centroid,Onehot -> [ GM => ORI ] -> Onehot
Train - Original,0.5110417142889002,0.0009429454803466797,0,0,silkworm,36.59636425971985,0.03921985626220703,AmazonEmployeeAccess,GaussianNB,40,onehot,onehot,Onehot -> [ GM => Original ] -> Onehot,GM,N/A,original,original,False,centroid,Onehot -> [ GM => ORI ] -> Onehot
Val,0.49820370071867176,0.0009429454803466797,0,0,silkworm,36.59636425971985,0.004730701446533203,AmazonEmployeeAccess,GaussianNB,40,onehot,onehot,Onehot -> [ GM => Original ] -> Onehot,GM,N/A,original,original,False,centroid,Onehot -> [ GM => ORI ] -> Onehot
Test,0.48752381926528693,0.0009429454803466797,0,0,silkworm,36.59636425971985,0.009599447250366211,AmazonEmployeeAccess,GaussianNB,40,onehot,onehot,Onehot -> [ GM => Original ] -> Onehot,GM,N/A,original,original,False,centroid,Onehot -> [ GM => ORI ] -> Onehot
Train,0.7875,0.0012357234954833984,0,0,silkworm,34.59877300262451,0.0008275508880615234,AmazonEmployeeAccess,GaussianNB,40,onehot,onehot,Onehot -> [ GM => Original ] -> Onehot,GM,N/A,original,original,False,centroid,Onehot -> [ GM => ORI ] -> Onehot
Train - Original,0.520349723744585,0.0012357234954833984,0,0,silkworm,34.59877300262451,0.04220294952392578,AmazonEmployeeAccess,GaussianNB,40,onehot,onehot,Onehot -> [ GM => Original ] -> Onehot,GM,N/A,original,original,False,centroid,Onehot -> [ GM => ORI ] -> Onehot
Val,0.5253439770560309,0.0012357234954833984,0,0,silkworm,34.59877300262451,0.0046579837799072266,AmazonEmployeeAccess,GaussianNB,40,onehot,onehot,Onehot -> [ GM => Original ] -> Onehot,GM,N/A,original,original,False,centroid,Onehot -> [ GM => ORI ] -> Onehot
Test,0.5339102993934848,0.0012357234954833984,0,0,silkworm,34.59877300262451,0.00967097282409668,AmazonEmployeeAccess,GaussianNB,40,onehot,onehot,Onehot -> [ GM => Original ] -> Onehot,GM,N/A,original,original,False,centroid,Onehot -> [ GM => ORI ] -> Onehot
Train,0.7375,0.0009350776672363281,0,0,silkworm,33.76587724685669,0.0007100105285644531,AmazonEmployeeAccess,GaussianNB,40,onehot,onehot,Onehot -> [ GM => Original ] -> Onehot,GM,N/A,original,original,False,centroid,Onehot -> [ GM => ORI ] -> Onehot
Train - Original,0.5351296323656495,0.0009350776672363281,0,0,silkworm,33.76587724685669,0.02159595489501953,AmazonEmployeeAccess,GaussianNB,40,onehot,onehot,Onehot -> [ GM => Original ] -> Onehot,GM,N/A,original,original,False,centroid,Onehot -> [ GM => ORI ] -> Onehot
Val,0.5605670299056268,0.0009350776672363281,0,0,silkworm,33.76587724685669,0.004644155502319336,AmazonEmployeeAccess,GaussianNB,40,onehot,onehot,Onehot -> [ GM => Original ] -> Onehot,GM,N/A,original,original,False,centroid,Onehot -> [ GM => ORI ] -> Onehot
Test,0.5308296112771672,0.0009350776672363281,0,0,silkworm,33.76587724685669,0.0039000511169433594,AmazonEmployeeAccess,GaussianNB,40,onehot,onehot,Onehot -> [ GM => Original ] -> Onehot,GM,N/A,original,original,False,centroid,Onehot -> [ GM => ORI ] -> Onehot
Train,0.6875,0.0012736320495605469,0,0,silkworm,34.91821098327637,0.0008530616760253906,AmazonEmployeeAccess,GaussianNB,40,onehot,onehot,Onehot -> [ GM => Original ] -> Onehot,GM,N/A,original,original,False,centroid,Onehot -> [ GM => ORI ] -> Onehot
Train - Original,0.5382870212920168,0.0012736320495605469,0,0,silkworm,34.91821098327637,0.05266833305358887,AmazonEmployeeAccess,GaussianNB,40,onehot,onehot,Onehot -> [ GM => Original ] -> Onehot,GM,N/A,original,original,False,centroid,Onehot -> [ GM => ORI ] -> Onehot
Val,0.5259967275038702,0.0012736320495605469,0,0,silkworm,34.91821098327637,0.015923023223876953,AmazonEmployeeAccess,GaussianNB,40,onehot,onehot,Onehot -> [ GM => Original ] -> Onehot,GM,N/A,original,original,False,centroid,Onehot -> [ GM => ORI ] -> Onehot
Test,0.5409524675432914,0.0012736320495605469,0,0,silkworm,34.91821098327637,0.009809017181396484,AmazonEmployeeAccess,GaussianNB,40,onehot,onehot,Onehot -> [ GM => Original ] -> Onehot,GM,N/A,original,original,False,centroid,Onehot -> [ GM => ORI ] -> Onehot
Train,0.8500000000000001,0.0012238025665283203,0,0,silkworm,34.512219190597534,0.0008502006530761719,AmazonEmployeeAccess,GaussianNB,40,onehot,onehot,Onehot -> [ MLP-MultiHead-Encoded => GM => Decoded ] -> Onehot,GM,MLP-MultiHead,encoded,decoded,False,centroid,Onehot -> [ [FFN-SFT]-ENC => GM => DEC ] -> Onehot
Train - Original,0.5000090598395432,0.0012238025665283203,0,0,silkworm,34.512219190597534,0.021992206573486328,AmazonEmployeeAccess,GaussianNB,40,onehot,onehot,Onehot -> [ MLP-MultiHead-Encoded => GM => Decoded ] -> Onehot,GM,MLP-MultiHead,encoded,decoded,False,centroid,Onehot -> [ [FFN-SFT]-ENC => GM => DEC ] -> Onehot
Val,0.4893727512994182,0.0012238025665283203,0,0,silkworm,34.512219190597534,0.004513978958129883,AmazonEmployeeAccess,GaussianNB,40,onehot,onehot,Onehot -> [ MLP-MultiHead-Encoded => GM => Decoded ] -> Onehot,GM,MLP-MultiHead,encoded,decoded,False,centroid,Onehot -> [ [FFN-SFT]-ENC => GM => DEC ] -> Onehot
Test,0.49696780279353103,0.0012238025665283203,0,0,silkworm,34.512219190597534,0.003936767578125,AmazonEmployeeAccess,GaussianNB,40,onehot,onehot,Onehot -> [ MLP-MultiHead-Encoded => GM => Decoded ] -> Onehot,GM,MLP-MultiHead,encoded,decoded,False,centroid,Onehot -> [ [FFN-SFT]-ENC => GM => DEC ] -> Onehot
Train,0.7375,0.001199483871459961,0,0,silkworm,35.37965416908264,0.0008120536804199219,AmazonEmployeeAccess,GaussianNB,40,onehot,onehot,Onehot -> [ MLP-MultiHead-Encoded => GM => Decoded-Binary ] -> Onehot,GM,MLP-MultiHead,encoded,decoded,True,centroid,Onehot -> [ [FFN-SFT]-ENC => GM => DEC-BIN ] -> Onehot
Train - Original,0.5106150306919487,0.001199483871459961,0,0,silkworm,35.37965416908264,0.041097402572631836,AmazonEmployeeAccess,GaussianNB,40,onehot,onehot,Onehot -> [ MLP-MultiHead-Encoded => GM => Decoded-Binary ] -> Onehot,GM,MLP-MultiHead,encoded,decoded,True,centroid,Onehot -> [ [FFN-SFT]-ENC => GM => DEC-BIN ] -> Onehot
Val,0.48753957560956324,0.001199483871459961,0,0,silkworm,35.37965416908264,0.010187387466430664,AmazonEmployeeAccess,GaussianNB,40,onehot,onehot,Onehot -> [ MLP-MultiHead-Encoded => GM => Decoded-Binary ] -> Onehot,GM,MLP-MultiHead,encoded,decoded,True,centroid,Onehot -> [ [FFN-SFT]-ENC => GM => DEC-BIN ] -> Onehot
Test,0.5219250891209886,0.001199483871459961,0,0,silkworm,35.37965416908264,0.009852886199951172,AmazonEmployeeAccess,GaussianNB,40,onehot,onehot,Onehot -> [ MLP-MultiHead-Encoded => GM => Decoded-Binary ] -> Onehot,GM,MLP-MultiHead,encoded,decoded,True,centroid,Onehot -> [ [FFN-SFT]-ENC => GM => DEC-BIN ] -> Onehot
Train,0.825,0.0011281967163085938,0,0,silkworm,36.943225622177124,0.0007734298706054688,AmazonEmployeeAccess,GaussianNB,40,onehot,onehot,Onehot -> [ MLP-MultiHead-Encoded => GM => Encoded ] -> Onehot,GM,MLP-MultiHead,encoded,encoded,False,centroid,Onehot -> [ [FFN-SFT]-ENC => GM => ENC ] -> Onehot
Train - Original,0.5141577415631986,0.0011281967163085938,0,0,silkworm,36.943225622177124,0.006113529205322266,AmazonEmployeeAccess,GaussianNB,40,onehot,onehot,Onehot -> [ MLP-MultiHead-Encoded => GM => Encoded ] -> Onehot,GM,MLP-MultiHead,encoded,encoded,False,centroid,Onehot -> [ [FFN-SFT]-ENC => GM => ENC ] -> Onehot
Val,0.5085173098621962,0.0011281967163085938,0,0,silkworm,36.943225622177124,0.0017209053039550781,AmazonEmployeeAccess,GaussianNB,40,onehot,onehot,Onehot -> [ MLP-MultiHead-Encoded => GM => Encoded ] -> Onehot,GM,MLP-MultiHead,encoded,encoded,False,centroid,Onehot -> [ [FFN-SFT]-ENC => GM => ENC ] -> Onehot
Test,0.5074361567923263,0.0011281967163085938,0,0,silkworm,36.943225622177124,0.0015871524810791016,AmazonEmployeeAccess,GaussianNB,40,onehot,onehot,Onehot -> [ MLP-MultiHead-Encoded => GM => Encoded ] -> Onehot,GM,MLP-MultiHead,encoded,encoded,False,centroid,Onehot -> [ [FFN-SFT]-ENC => GM => ENC ] -> Onehot
Train,0.8625,0.032009124755859375,0,0,silkworm,35.01382613182068,0.0010008811950683594,AmazonEmployeeAccess,GaussianNB,40,onehot,onehot,Onehot -> [ MLP-MultiHead-Encoded => GM => Decoded ] -> Onehot,GM,MLP-MultiHead,encoded,decoded,False,centroid,Onehot -> [ [FFN-SFT]-ENC => GM => DEC ] -> Onehot
Train - Original,0.5443567653306423,0.032009124755859375,0,0,silkworm,35.01382613182068,0.05638599395751953,AmazonEmployeeAccess,GaussianNB,40,onehot,onehot,Onehot -> [ MLP-MultiHead-Encoded => GM => Decoded ] -> Onehot,GM,MLP-MultiHead,encoded,decoded,False,centroid,Onehot -> [ [FFN-SFT]-ENC => GM => DEC ] -> Onehot
Val,0.5312518058035103,0.032009124755859375,0,0,silkworm,35.01382613182068,0.004943132400512695,AmazonEmployeeAccess,GaussianNB,40,onehot,onehot,Onehot -> [ MLP-MultiHead-Encoded => GM => Decoded ] -> Onehot,GM,MLP-MultiHead,encoded,decoded,False,centroid,Onehot -> [ [FFN-SFT]-ENC => GM => DEC ] -> Onehot
Test,0.5301117185102684,0.032009124755859375,0,0,silkworm,35.01382613182068,0.004093170166015625,AmazonEmployeeAccess,GaussianNB,40,onehot,onehot,Onehot -> [ MLP-MultiHead-Encoded => GM => Decoded ] -> Onehot,GM,MLP-MultiHead,encoded,decoded,False,centroid,Onehot -> [ [FFN-SFT]-ENC => GM => DEC ] -> Onehot
Train,0.775,0.008811235427856445,0,0,silkworm,34.9187970161438,0.0008449554443359375,AmazonEmployeeAccess,GaussianNB,40,onehot,onehot,Onehot -> [ MLP-MultiHead-Encoded => GM => Decoded-Binary ] -> Onehot,GM,MLP-MultiHead,encoded,decoded,True,centroid,Onehot -> [ [FFN-SFT]-ENC => GM => DEC-BIN ] -> Onehot
Train - Original,0.5129642122399827,0.008811235427856445,0,0,silkworm,34.9187970161438,0.0360567569732666,AmazonEmployeeAccess,GaussianNB,40,onehot,onehot,Onehot -> [ MLP-MultiHead-Encoded => GM => Decoded-Binary ] -> Onehot,GM,MLP-MultiHead,encoded,decoded,True,centroid,Onehot -> [ [FFN-SFT]-ENC => GM => DEC-BIN ] -> Onehot
Val,0.4993164558501951,0.008811235427856445,0,0,silkworm,34.9187970161438,0.01040339469909668,AmazonEmployeeAccess,GaussianNB,40,onehot,onehot,Onehot -> [ MLP-MultiHead-Encoded => GM => Decoded-Binary ] -> Onehot,GM,MLP-MultiHead,encoded,decoded,True,centroid,Onehot -> [ [FFN-SFT]-ENC => GM => DEC-BIN ] -> Onehot
Test,0.4879556914311259,0.008811235427856445,0,0,silkworm,34.9187970161438,0.003926753997802734,AmazonEmployeeAccess,GaussianNB,40,onehot,onehot,Onehot -> [ MLP-MultiHead-Encoded => GM => Decoded-Binary ] -> Onehot,GM,MLP-MultiHead,encoded,decoded,True,centroid,Onehot -> [ [FFN-SFT]-ENC => GM => DEC-BIN ] -> Onehot
Train,0.7875000000000001,0.0010480880737304688,0,0,silkworm,34.183942794799805,0.0007722377777099609,AmazonEmployeeAccess,GaussianNB,40,onehot,onehot,Onehot -> [ MLP-MultiHead-Encoded => GM => Encoded ] -> Onehot,GM,MLP-MultiHead,encoded,encoded,False,centroid,Onehot -> [ [FFN-SFT]-ENC => GM => ENC ] -> Onehot
Train - Original,0.5235159634372752,0.0010480880737304688,0,0,silkworm,34.183942794799805,0.011780023574829102,AmazonEmployeeAccess,GaussianNB,40,onehot,onehot,Onehot -> [ MLP-MultiHead-Encoded => GM => Encoded ] -> Onehot,GM,MLP-MultiHead,encoded,encoded,False,centroid,Onehot -> [ [FFN-SFT]-ENC => GM => ENC ] -> Onehot
Val,0.49874468143345063,0.0010480880737304688,0,0,silkworm,34.183942794799805,0.0017364025115966797,AmazonEmployeeAccess,GaussianNB,40,onehot,onehot,Onehot -> [ MLP-MultiHead-Encoded => GM => Encoded ] -> Onehot,GM,MLP-MultiHead,encoded,encoded,False,centroid,Onehot -> [ [FFN-SFT]-ENC => GM => ENC ] -> Onehot
Test,0.5395560808737456,0.0010480880737304688,0,0,silkworm,34.183942794799805,0.0015726089477539062,AmazonEmployeeAccess,GaussianNB,40,onehot,onehot,Onehot -> [ MLP-MultiHead-Encoded => GM => Encoded ] -> Onehot,GM,MLP-MultiHead,encoded,encoded,False,centroid,Onehot -> [ [FFN-SFT]-ENC => GM => ENC ] -> Onehot
Train,0.8,0.0011677742004394531,0,0,silkworm,35.26886987686157,0.0009341239929199219,AmazonEmployeeAccess,GaussianNB,40,onehot,onehot,Onehot -> [ MLP-MultiHead-Encoded => GM => Decoded ] -> Onehot,GM,MLP-MultiHead,encoded,decoded,False,centroid,Onehot -> [ [FFN-SFT]-ENC => GM => DEC ] -> Onehot
Train - Original,0.5168429037761412,0.0011677742004394531,0,0,silkworm,35.26886987686157,0.039598941802978516,AmazonEmployeeAccess,GaussianNB,40,onehot,onehot,Onehot -> [ MLP-MultiHead-Encoded => GM => Decoded ] -> Onehot,GM,MLP-MultiHead,encoded,decoded,False,centroid,Onehot -> [ [FFN-SFT]-ENC => GM => DEC ] -> Onehot
Val,0.5302770520770922,0.0011677742004394531,0,0,silkworm,35.26886987686157,0.010028600692749023,AmazonEmployeeAccess,GaussianNB,40,onehot,onehot,Onehot -> [ MLP-MultiHead-Encoded => GM => Decoded ] -> Onehot,GM,MLP-MultiHead,encoded,decoded,False,centroid,Onehot -> [ [FFN-SFT]-ENC => GM => DEC ] -> Onehot
Test,0.5265252853576394,0.0011677742004394531,0,0,silkworm,35.26886987686157,0.003956317901611328,AmazonEmployeeAccess,GaussianNB,40,onehot,onehot,Onehot -> [ MLP-MultiHead-Encoded => GM => Decoded ] -> Onehot,GM,MLP-MultiHead,encoded,decoded,False,centroid,Onehot -> [ [FFN-SFT]-ENC => GM => DEC ] -> Onehot
Train,0.7875,0.0012791156768798828,0,0,silkworm,35.34829497337341,0.0008416175842285156,AmazonEmployeeAccess,GaussianNB,40,onehot,onehot,Onehot -> [ MLP-MultiHead-Encoded => GM => Decoded-Binary ] -> Onehot,GM,MLP-MultiHead,encoded,decoded,True,centroid,Onehot -> [ [FFN-SFT]-ENC => GM => DEC-BIN ] -> Onehot
Train - Original,0.5125039723911844,0.0012791156768798828,0,0,silkworm,35.34829497337341,0.033373355865478516,AmazonEmployeeAccess,GaussianNB,40,onehot,onehot,Onehot -> [ MLP-MultiHead-Encoded => GM => Decoded-Binary ] -> Onehot,GM,MLP-MultiHead,encoded,decoded,True,centroid,Onehot -> [ [FFN-SFT]-ENC => GM => DEC-BIN ] -> Onehot
Val,0.5180264810630137,0.0012791156768798828,0,0,silkworm,35.34829497337341,0.010348796844482422,AmazonEmployeeAccess,GaussianNB,40,onehot,onehot,Onehot -> [ MLP-MultiHead-Encoded => GM => Decoded-Binary ] -> Onehot,GM,MLP-MultiHead,encoded,decoded,True,centroid,Onehot -> [ [FFN-SFT]-ENC => GM => DEC-BIN ] -> Onehot
Test,0.5342334458473976,0.0012791156768798828,0,0,silkworm,35.34829497337341,0.0043828487396240234,AmazonEmployeeAccess,GaussianNB,40,onehot,onehot,Onehot -> [ MLP-MultiHead-Encoded => GM => Decoded-Binary ] -> Onehot,GM,MLP-MultiHead,encoded,decoded,True,centroid,Onehot -> [ [FFN-SFT]-ENC => GM => DEC-BIN ] -> Onehot
Train,0.7625,0.001058340072631836,0,0,silkworm,35.620737075805664,0.0006473064422607422,AmazonEmployeeAccess,GaussianNB,40,onehot,onehot,Onehot -> [ MLP-MultiHead-Encoded => GM => Encoded ] -> Onehot,GM,MLP-MultiHead,encoded,encoded,False,centroid,Onehot -> [ [FFN-SFT]-ENC => GM => ENC ] -> Onehot
Train - Original,0.5484052591671638,0.001058340072631836,0,0,silkworm,35.620737075805664,0.006162405014038086,AmazonEmployeeAccess,GaussianNB,40,onehot,onehot,Onehot -> [ MLP-MultiHead-Encoded => GM => Encoded ] -> Onehot,GM,MLP-MultiHead,encoded,encoded,False,centroid,Onehot -> [ [FFN-SFT]-ENC => GM => ENC ] -> Onehot
Val,0.544127374916743,0.001058340072631836,0,0,silkworm,35.620737075805664,0.001909017562866211,AmazonEmployeeAccess,GaussianNB,40,onehot,onehot,Onehot -> [ MLP-MultiHead-Encoded => GM => Encoded ] -> Onehot,GM,MLP-MultiHead,encoded,encoded,False,centroid,Onehot -> [ [FFN-SFT]-ENC => GM => ENC ] -> Onehot
Test,0.5334280421416313,0.001058340072631836,0,0,silkworm,35.620737075805664,0.0016429424285888672,AmazonEmployeeAccess,GaussianNB,40,onehot,onehot,Onehot -> [ MLP-MultiHead-Encoded => GM => Encoded ] -> Onehot,GM,MLP-MultiHead,encoded,encoded,False,centroid,Onehot -> [ [FFN-SFT]-ENC => GM => ENC ] -> Onehot
Train,0.8,0.0012156963348388672,0,0,silkworm,33.35453987121582,0.0008404254913330078,AmazonEmployeeAccess,GaussianNB,40,onehot,onehot,Onehot -> [ MLP-MultiHead-Encoded => GM => Decoded ] -> Onehot,GM,MLP-MultiHead,encoded,decoded,False,centroid,Onehot -> [ [FFN-SFT]-ENC => GM => DEC ] -> Onehot
Train - Original,0.5119313556865128,0.0012156963348388672,0,0,silkworm,33.35453987121582,0.021999120712280273,AmazonEmployeeAccess,GaussianNB,40,onehot,onehot,Onehot -> [ MLP-MultiHead-Encoded => GM => Decoded ] -> Onehot,GM,MLP-MultiHead,encoded,decoded,False,centroid,Onehot -> [ [FFN-SFT]-ENC => GM => DEC ] -> Onehot
Val,0.5561281747926557,0.0012156963348388672,0,0,silkworm,33.35453987121582,0.004641056060791016,AmazonEmployeeAccess,GaussianNB,40,onehot,onehot,Onehot -> [ MLP-MultiHead-Encoded => GM => Decoded ] -> Onehot,GM,MLP-MultiHead,encoded,decoded,False,centroid,Onehot -> [ [FFN-SFT]-ENC => GM => DEC ] -> Onehot
Test,0.5084139305291949,0.0012156963348388672,0,0,silkworm,33.35453987121582,0.004339933395385742,AmazonEmployeeAccess,GaussianNB,40,onehot,onehot,Onehot -> [ MLP-MultiHead-Encoded => GM => Decoded ] -> Onehot,GM,MLP-MultiHead,encoded,decoded,False,centroid,Onehot -> [ [FFN-SFT]-ENC => GM => DEC ] -> Onehot
Train,0.7375,0.0009164810180664062,0,0,silkworm,35.09999656677246,0.0006508827209472656,AmazonEmployeeAccess,GaussianNB,40,onehot,onehot,Onehot -> [ MLP-MultiHead-Encoded => GM => Decoded-Binary ] -> Onehot,GM,MLP-MultiHead,encoded,decoded,True,centroid,Onehot -> [ [FFN-SFT]-ENC => GM => DEC-BIN ] -> Onehot
Train - Original,0.5334068690309596,0.0009164810180664062,0,0,silkworm,35.09999656677246,0.06769537925720215,AmazonEmployeeAccess,GaussianNB,40,onehot,onehot,Onehot -> [ MLP-MultiHead-Encoded => GM => Decoded-Binary ] -> Onehot,GM,MLP-MultiHead,encoded,decoded,True,centroid,Onehot -> [ [FFN-SFT]-ENC => GM => DEC-BIN ] -> Onehot
Val,0.5574933622464652,0.0009164810180664062,0,0,silkworm,35.09999656677246,0.004656791687011719,AmazonEmployeeAccess,GaussianNB,40,onehot,onehot,Onehot -> [ MLP-MultiHead-Encoded => GM => Decoded-Binary ] -> Onehot,GM,MLP-MultiHead,encoded,decoded,True,centroid,Onehot -> [ [FFN-SFT]-ENC => GM => DEC-BIN ] -> Onehot
Test,0.5319627074596446,0.0009164810180664062,0,0,silkworm,35.09999656677246,0.003929615020751953,AmazonEmployeeAccess,GaussianNB,40,onehot,onehot,Onehot -> [ MLP-MultiHead-Encoded => GM => Decoded-Binary ] -> Onehot,GM,MLP-MultiHead,encoded,decoded,True,centroid,Onehot -> [ [FFN-SFT]-ENC => GM => DEC-BIN ] -> Onehot
Train,0.7250000000000001,0.00113677978515625,0,0,silkworm,34.34345293045044,0.0007936954498291016,AmazonEmployeeAccess,GaussianNB,40,onehot,onehot,Onehot -> [ MLP-MultiHead-Encoded => GM => Encoded ] -> Onehot,GM,MLP-MultiHead,encoded,encoded,False,centroid,Onehot -> [ [FFN-SFT]-ENC => GM => ENC ] -> Onehot
Train - Original,0.5280861298038058,0.00113677978515625,0,0,silkworm,34.34345293045044,0.006060600280761719,AmazonEmployeeAccess,GaussianNB,40,onehot,onehot,Onehot -> [ MLP-MultiHead-Encoded => GM => Encoded ] -> Onehot,GM,MLP-MultiHead,encoded,encoded,False,centroid,Onehot -> [ [FFN-SFT]-ENC => GM => ENC ] -> Onehot
Val,0.5417832518757546,0.00113677978515625,0,0,silkworm,34.34345293045044,0.0018086433410644531,AmazonEmployeeAccess,GaussianNB,40,onehot,onehot,Onehot -> [ MLP-MultiHead-Encoded => GM => Encoded ] -> Onehot,GM,MLP-MultiHead,encoded,encoded,False,centroid,Onehot -> [ [FFN-SFT]-ENC => GM => ENC ] -> Onehot
Test,0.5315649304647929,0.00113677978515625,0,0,silkworm,34.34345293045044,0.0016963481903076172,AmazonEmployeeAccess,GaussianNB,40,onehot,onehot,Onehot -> [ MLP-MultiHead-Encoded => GM => Encoded ] -> Onehot,GM,MLP-MultiHead,encoded,encoded,False,centroid,Onehot -> [ [FFN-SFT]-ENC => GM => ENC ] -> Onehot
Train,0.8,0.0011832714080810547,0,0,silkworm,14.816690444946289,0.0008211135864257812,AmazonEmployeeAccess,GaussianNB,40,onehot,onehot,Onehot -> [ MLP-MultiHead-Encoded => GM => Decoded ] -> Onehot,GM,MLP-MultiHead,encoded,decoded,False,centroid,Onehot -> [ [FFN-SFT]-ENC => GM => DEC ] -> Onehot
Train - Original,0.5452399603039646,0.0011832714080810547,0,0,silkworm,14.816690444946289,0.047724008560180664,AmazonEmployeeAccess,GaussianNB,40,onehot,onehot,Onehot -> [ MLP-MultiHead-Encoded => GM => Decoded ] -> Onehot,GM,MLP-MultiHead,encoded,decoded,False,centroid,Onehot -> [ [FFN-SFT]-ENC => GM => DEC ] -> Onehot
Val,0.5193160148539694,0.0011832714080810547,0,0,silkworm,14.816690444946289,0.010792732238769531,AmazonEmployeeAccess,GaussianNB,40,onehot,onehot,Onehot -> [ MLP-MultiHead-Encoded => GM => Decoded ] -> Onehot,GM,MLP-MultiHead,encoded,decoded,False,centroid,Onehot -> [ [FFN-SFT]-ENC => GM => DEC ] -> Onehot
Test,0.5438213867642546,0.0011832714080810547,0,0,silkworm,14.816690444946289,0.025577068328857422,AmazonEmployeeAccess,GaussianNB,40,onehot,onehot,Onehot -> [ MLP-MultiHead-Encoded => GM => Decoded ] -> Onehot,GM,MLP-MultiHead,encoded,decoded,False,centroid,Onehot -> [ [FFN-SFT]-ENC => GM => DEC ] -> Onehot
Train,0.675,0.0009381771087646484,0,0,silkworm,14.606147766113281,0.0006592273712158203,AmazonEmployeeAccess,GaussianNB,40,onehot,onehot,Onehot -> [ MLP-MultiHead-Encoded => GM => Decoded-Binary ] -> Onehot,GM,MLP-MultiHead,encoded,decoded,True,centroid,Onehot -> [ [FFN-SFT]-ENC => GM => DEC-BIN ] -> Onehot
Train - Original,0.5379041733802401,0.0009381771087646484,0,0,silkworm,14.606147766113281,0.03822159767150879,AmazonEmployeeAccess,GaussianNB,40,onehot,onehot,Onehot -> [ MLP-MultiHead-Encoded => GM => Decoded-Binary ] -> Onehot,GM,MLP-MultiHead,encoded,decoded,True,centroid,Onehot -> [ [FFN-SFT]-ENC => GM => DEC-BIN ] -> Onehot
Val,0.5272505253937791,0.0009381771087646484,0,0,silkworm,14.606147766113281,0.010397195816040039,AmazonEmployeeAccess,GaussianNB,40,onehot,onehot,Onehot -> [ MLP-MultiHead-Encoded => GM => Decoded-Binary ] -> Onehot,GM,MLP-MultiHead,encoded,decoded,True,centroid,Onehot -> [ [FFN-SFT]-ENC => GM => DEC-BIN ] -> Onehot
Test,0.5414381343122436,0.0009381771087646484,0,0,silkworm,14.606147766113281,0.004044771194458008,AmazonEmployeeAccess,GaussianNB,40,onehot,onehot,Onehot -> [ MLP-MultiHead-Encoded => GM => Decoded-Binary ] -> Onehot,GM,MLP-MultiHead,encoded,decoded,True,centroid,Onehot -> [ [FFN-SFT]-ENC => GM => DEC-BIN ] -> Onehot
Train,0.6625,0.0008668899536132812,0,0,silkworm,14.542954921722412,0.0006258487701416016,AmazonEmployeeAccess,GaussianNB,40,onehot,onehot,Onehot -> [ MLP-MultiHead-Encoded => GM => Encoded ] -> Onehot,GM,MLP-MultiHead,encoded,encoded,False,centroid,Onehot -> [ [FFN-SFT]-ENC => GM => ENC ] -> Onehot
Train - Original,0.5336352118329868,0.0008668899536132812,0,0,silkworm,14.542954921722412,0.005761146545410156,AmazonEmployeeAccess,GaussianNB,40,onehot,onehot,Onehot -> [ MLP-MultiHead-Encoded => GM => Encoded ] -> Onehot,GM,MLP-MultiHead,encoded,encoded,False,centroid,Onehot -> [ [FFN-SFT]-ENC => GM => ENC ] -> Onehot
Val,0.5358818860039963,0.0008668899536132812,0,0,silkworm,14.542954921722412,0.0017099380493164062,AmazonEmployeeAccess,GaussianNB,40,onehot,onehot,Onehot -> [ MLP-MultiHead-Encoded => GM => Encoded ] -> Onehot,GM,MLP-MultiHead,encoded,encoded,False,centroid,Onehot -> [ [FFN-SFT]-ENC => GM => ENC ] -> Onehot
Test,0.5361280008485909,0.0008668899536132812,0,0,silkworm,14.542954921722412,0.0015804767608642578,AmazonEmployeeAccess,GaussianNB,40,onehot,onehot,Onehot -> [ MLP-MultiHead-Encoded => GM => Encoded ] -> Onehot,GM,MLP-MultiHead,encoded,encoded,False,centroid,Onehot -> [ [FFN-SFT]-ENC => GM => ENC ] -> Onehot
Train,0.88,0.0010519027709960938,0,0,silkworm,15.824696063995361,0.0007319450378417969,AmazonEmployeeAccess,GaussianNB,50,onehot,onehot,Onehot -> [ GM => Original ] -> Onehot,GM,N/A,original,original,False,centroid,Onehot -> [ GM => ORI ] -> Onehot
Train - Original,0.5308888260120538,0.0010519027709960938,0,0,silkworm,15.824696063995361,0.04697990417480469,AmazonEmployeeAccess,GaussianNB,50,onehot,onehot,Onehot -> [ GM => Original ] -> Onehot,GM,N/A,original,original,False,centroid,Onehot -> [ GM => ORI ] -> Onehot
Val,0.5213362337705786,0.0010519027709960938,0,0,silkworm,15.824696063995361,0.03556084632873535,AmazonEmployeeAccess,GaussianNB,50,onehot,onehot,Onehot -> [ GM => Original ] -> Onehot,GM,N/A,original,original,False,centroid,Onehot -> [ GM => ORI ] -> Onehot
Test,0.517885569029462,0.0010519027709960938,0,0,silkworm,15.824696063995361,0.004240751266479492,AmazonEmployeeAccess,GaussianNB,50,onehot,onehot,Onehot -> [ GM => Original ] -> Onehot,GM,N/A,original,original,False,centroid,Onehot -> [ GM => ORI ] -> Onehot
Train,0.65,0.0012710094451904297,0,0,silkworm,15.62795114517212,0.0008594989776611328,AmazonEmployeeAccess,GaussianNB,50,onehot,onehot,Onehot -> [ GM => Original ] -> Onehot,GM,N/A,original,original,False,centroid,Onehot -> [ GM => ORI ] -> Onehot
Train - Original,0.5020122600536343,0.0012710094451904297,0,0,silkworm,15.62795114517212,0.023110151290893555,AmazonEmployeeAccess,GaussianNB,50,onehot,onehot,Onehot -> [ GM => Original ] -> Onehot,GM,N/A,original,original,False,centroid,Onehot -> [ GM => ORI ] -> Onehot
Val,0.4970616725618231,0.0012710094451904297,0,0,silkworm,15.62795114517212,0.004515171051025391,AmazonEmployeeAccess,GaussianNB,50,onehot,onehot,Onehot -> [ GM => Original ] -> Onehot,GM,N/A,original,original,False,centroid,Onehot -> [ GM => ORI ] -> Onehot
Test,0.4973777025158448,0.0012710094451904297,0,0,silkworm,15.62795114517212,0.0039017200469970703,AmazonEmployeeAccess,GaussianNB,50,onehot,onehot,Onehot -> [ GM => Original ] -> Onehot,GM,N/A,original,original,False,centroid,Onehot -> [ GM => ORI ] -> Onehot
Train,0.77,0.0009284019470214844,0,0,silkworm,15.580274105072021,0.0006864070892333984,AmazonEmployeeAccess,GaussianNB,50,onehot,onehot,Onehot -> [ GM => Original ] -> Onehot,GM,N/A,original,original,False,centroid,Onehot -> [ GM => ORI ] -> Onehot
Train - Original,0.5292912975362811,0.0009284019470214844,0,0,silkworm,15.580274105072021,0.03907346725463867,AmazonEmployeeAccess,GaussianNB,50,onehot,onehot,Onehot -> [ GM => Original ] -> Onehot,GM,N/A,original,original,False,centroid,Onehot -> [ GM => ORI ] -> Onehot
Val,0.5282766019568067,0.0009284019470214844,0,0,silkworm,15.580274105072021,0.010477542877197266,AmazonEmployeeAccess,GaussianNB,50,onehot,onehot,Onehot -> [ GM => Original ] -> Onehot,GM,N/A,original,original,False,centroid,Onehot -> [ GM => ORI ] -> Onehot
Test,0.5393628749048176,0.0009284019470214844,0,0,silkworm,15.580274105072021,0.0039942264556884766,AmazonEmployeeAccess,GaussianNB,50,onehot,onehot,Onehot -> [ GM => Original ] -> Onehot,GM,N/A,original,original,False,centroid,Onehot -> [ GM => ORI ] -> Onehot
Train,0.72,0.0009853839874267578,0,0,silkworm,16.670300722122192,0.0007216930389404297,AmazonEmployeeAccess,GaussianNB,50,onehot,onehot,Onehot -> [ GM => Original ] -> Onehot,GM,N/A,original,original,False,centroid,Onehot -> [ GM => ORI ] -> Onehot
Train - Original,0.5397170821183856,0.0009853839874267578,0,0,silkworm,16.670300722122192,0.03934478759765625,AmazonEmployeeAccess,GaussianNB,50,onehot,onehot,Onehot -> [ GM => Original ] -> Onehot,GM,N/A,original,original,False,centroid,Onehot -> [ GM => ORI ] -> Onehot
Val,0.554022797984191,0.0009853839874267578,0,0,silkworm,16.670300722122192,0.010094642639160156,AmazonEmployeeAccess,GaussianNB,50,onehot,onehot,Onehot -> [ GM => Original ] -> Onehot,GM,N/A,original,original,False,centroid,Onehot -> [ GM => ORI ] -> Onehot
Test,0.534824049975944,0.0009853839874267578,0,0,silkworm,16.670300722122192,0.003991842269897461,AmazonEmployeeAccess,GaussianNB,50,onehot,onehot,Onehot -> [ GM => Original ] -> Onehot,GM,N/A,original,original,False,centroid,Onehot -> [ GM => ORI ] -> Onehot
Train,0.69,0.0009286403656005859,0,0,silkworm,16.088783264160156,0.0006959438323974609,AmazonEmployeeAccess,GaussianNB,50,onehot,onehot,Onehot -> [ GM => Original ] -> Onehot,GM,N/A,original,original,False,centroid,Onehot -> [ GM => ORI ] -> Onehot
Train - Original,0.5337603770008307,0.0009286403656005859,0,0,silkworm,16.088783264160156,0.021161317825317383,AmazonEmployeeAccess,GaussianNB,50,onehot,onehot,Onehot -> [ GM => Original ] -> Onehot,GM,N/A,original,original,False,centroid,Onehot -> [ GM => ORI ] -> Onehot
Val,0.5231302520369464,0.0009286403656005859,0,0,silkworm,16.088783264160156,0.004610300064086914,AmazonEmployeeAccess,GaussianNB,50,onehot,onehot,Onehot -> [ GM => Original ] -> Onehot,GM,N/A,original,original,False,centroid,Onehot -> [ GM => ORI ] -> Onehot
Test,0.5320445358700141,0.0009286403656005859,0,0,silkworm,16.088783264160156,0.0039577484130859375,AmazonEmployeeAccess,GaussianNB,50,onehot,onehot,Onehot -> [ GM => Original ] -> Onehot,GM,N/A,original,original,False,centroid,Onehot -> [ GM => ORI ] -> Onehot
Train,0.8300000000000001,0.0008776187896728516,0,0,silkworm,13.926705360412598,0.0006749629974365234,AmazonEmployeeAccess,GaussianNB,50,onehot,onehot,Onehot -> [ MLP-MultiHead-Encoded => GM => Decoded ] -> Onehot,GM,MLP-MultiHead,encoded,decoded,False,centroid,Onehot -> [ [FFN-SFT]-ENC => GM => DEC ] -> Onehot
Train - Original,0.5124524358423979,0.0008776187896728516,0,0,silkworm,13.926705360412598,0.052164316177368164,AmazonEmployeeAccess,GaussianNB,50,onehot,onehot,Onehot -> [ MLP-MultiHead-Encoded => GM => Decoded ] -> Onehot,GM,MLP-MultiHead,encoded,decoded,False,centroid,Onehot -> [ [FFN-SFT]-ENC => GM => DEC ] -> Onehot
Val,0.5126813026724371,0.0008776187896728516,0,0,silkworm,13.926705360412598,0.02014613151550293,AmazonEmployeeAccess,GaussianNB,50,onehot,onehot,Onehot -> [ MLP-MultiHead-Encoded => GM => Decoded ] -> Onehot,GM,MLP-MultiHead,encoded,decoded,False,centroid,Onehot -> [ [FFN-SFT]-ENC => GM => DEC ] -> Onehot
Test,0.511973087545034,0.0008776187896728516,0,0,silkworm,13.926705360412598,0.003939151763916016,AmazonEmployeeAccess,GaussianNB,50,onehot,onehot,Onehot -> [ MLP-MultiHead-Encoded => GM => Decoded ] -> Onehot,GM,MLP-MultiHead,encoded,decoded,False,centroid,Onehot -> [ [FFN-SFT]-ENC => GM => DEC ] -> Onehot
Train,0.88,0.001092672348022461,0,0,silkworm,15.424589395523071,0.0007257461547851562,AmazonEmployeeAccess,GaussianNB,50,onehot,onehot,Onehot -> [ MLP-MultiHead-Encoded => GM => Decoded-Binary ] -> Onehot,GM,MLP-MultiHead,encoded,decoded,True,centroid,Onehot -> [ [FFN-SFT]-ENC => GM => DEC-BIN ] -> Onehot
Train - Original,0.5315535046246996,0.001092672348022461,0,0,silkworm,15.424589395523071,0.0541386604309082,AmazonEmployeeAccess,GaussianNB,50,onehot,onehot,Onehot -> [ MLP-MultiHead-Encoded => GM => Decoded-Binary ] -> Onehot,GM,MLP-MultiHead,encoded,decoded,True,centroid,Onehot -> [ [FFN-SFT]-ENC => GM => DEC-BIN ] -> Onehot
Val,0.5223079461437161,0.001092672348022461,0,0,silkworm,15.424589395523071,0.004542827606201172,AmazonEmployeeAccess,GaussianNB,50,onehot,onehot,Onehot -> [ MLP-MultiHead-Encoded => GM => Decoded-Binary ] -> Onehot,GM,MLP-MultiHead,encoded,decoded,True,centroid,Onehot -> [ [FFN-SFT]-ENC => GM => DEC-BIN ] -> Onehot
Test,0.5167789913133081,0.001092672348022461,0,0,silkworm,15.424589395523071,0.009712457656860352,AmazonEmployeeAccess,GaussianNB,50,onehot,onehot,Onehot -> [ MLP-MultiHead-Encoded => GM => Decoded-Binary ] -> Onehot,GM,MLP-MultiHead,encoded,decoded,True,centroid,Onehot -> [ [FFN-SFT]-ENC => GM => DEC-BIN ] -> Onehot
Train,0.78,0.0008857250213623047,0,0,silkworm,14.384771347045898,0.0006530284881591797,AmazonEmployeeAccess,GaussianNB,50,onehot,onehot,Onehot -> [ MLP-MultiHead-Encoded => GM => Encoded ] -> Onehot,GM,MLP-MultiHead,encoded,encoded,False,centroid,Onehot -> [ [FFN-SFT]-ENC => GM => ENC ] -> Onehot
Train - Original,0.5178765617769552,0.0008857250213623047,0,0,silkworm,14.384771347045898,0.005963563919067383,AmazonEmployeeAccess,GaussianNB,50,onehot,onehot,Onehot -> [ MLP-MultiHead-Encoded => GM => Encoded ] -> Onehot,GM,MLP-MultiHead,encoded,encoded,False,centroid,Onehot -> [ [FFN-SFT]-ENC => GM => ENC ] -> Onehot
Val,0.5227603474441987,0.0008857250213623047,0,0,silkworm,14.384771347045898,0.0018358230590820312,AmazonEmployeeAccess,GaussianNB,50,onehot,onehot,Onehot -> [ MLP-MultiHead-Encoded => GM => Encoded ] -> Onehot,GM,MLP-MultiHead,encoded,encoded,False,centroid,Onehot -> [ [FFN-SFT]-ENC => GM => ENC ] -> Onehot
Test,0.5013903253058147,0.0008857250213623047,0,0,silkworm,14.384771347045898,0.0017666816711425781,AmazonEmployeeAccess,GaussianNB,50,onehot,onehot,Onehot -> [ MLP-MultiHead-Encoded => GM => Encoded ] -> Onehot,GM,MLP-MultiHead,encoded,encoded,False,centroid,Onehot -> [ [FFN-SFT]-ENC => GM => ENC ] -> Onehot
Train,0.76,0.0010099411010742188,0,0,silkworm,14.697248697280884,0.0007035732269287109,AmazonEmployeeAccess,GaussianNB,50,onehot,onehot,Onehot -> [ MLP-MultiHead-Encoded => GM => Decoded ] -> Onehot,GM,MLP-MultiHead,encoded,decoded,False,centroid,Onehot -> [ [FFN-SFT]-ENC => GM => DEC ] -> Onehot
Train - Original,0.5395143856313733,0.0010099411010742188,0,0,silkworm,14.697248697280884,0.07485818862915039,AmazonEmployeeAccess,GaussianNB,50,onehot,onehot,Onehot -> [ MLP-MultiHead-Encoded => GM => Decoded ] -> Onehot,GM,MLP-MultiHead,encoded,decoded,False,centroid,Onehot -> [ [FFN-SFT]-ENC => GM => DEC ] -> Onehot
Val,0.5190145407100344,0.0010099411010742188,0,0,silkworm,14.697248697280884,0.010049104690551758,AmazonEmployeeAccess,GaussianNB,50,onehot,onehot,Onehot -> [ MLP-MultiHead-Encoded => GM => Decoded ] -> Onehot,GM,MLP-MultiHead,encoded,decoded,False,centroid,Onehot -> [ [FFN-SFT]-ENC => GM => DEC ] -> Onehot
Test,0.5388272018850842,0.0010099411010742188,0,0,silkworm,14.697248697280884,0.009737968444824219,AmazonEmployeeAccess,GaussianNB,50,onehot,onehot,Onehot -> [ MLP-MultiHead-Encoded => GM => Decoded ] -> Onehot,GM,MLP-MultiHead,encoded,decoded,False,centroid,Onehot -> [ [FFN-SFT]-ENC => GM => DEC ] -> Onehot
Train,0.65,0.000982046127319336,0,0,silkworm,17.18576669692993,0.0008919239044189453,AmazonEmployeeAccess,GaussianNB,50,onehot,onehot,Onehot -> [ MLP-MultiHead-Encoded => GM => Decoded-Binary ] -> Onehot,GM,MLP-MultiHead,encoded,decoded,True,centroid,Onehot -> [ [FFN-SFT]-ENC => GM => DEC-BIN ] -> Onehot
Train - Original,0.5020122600536343,0.000982046127319336,0,0,silkworm,17.18576669692993,0.04918098449707031,AmazonEmployeeAccess,GaussianNB,50,onehot,onehot,Onehot -> [ MLP-MultiHead-Encoded => GM => Decoded-Binary ] -> Onehot,GM,MLP-MultiHead,encoded,decoded,True,centroid,Onehot -> [ [FFN-SFT]-ENC => GM => DEC-BIN ] -> Onehot
Val,0.4970616725618231,0.000982046127319336,0,0,silkworm,17.18576669692993,0.009977102279663086,AmazonEmployeeAccess,GaussianNB,50,onehot,onehot,Onehot -> [ MLP-MultiHead-Encoded => GM => Decoded-Binary ] -> Onehot,GM,MLP-MultiHead,encoded,decoded,True,centroid,Onehot -> [ [FFN-SFT]-ENC => GM => DEC-BIN ] -> Onehot
Test,0.4973777025158448,0.000982046127319336,0,0,silkworm,17.18576669692993,0.003961086273193359,AmazonEmployeeAccess,GaussianNB,50,onehot,onehot,Onehot -> [ MLP-MultiHead-Encoded => GM => Decoded-Binary ] -> Onehot,GM,MLP-MultiHead,encoded,decoded,True,centroid,Onehot -> [ [FFN-SFT]-ENC => GM => DEC-BIN ] -> Onehot
Train,0.72,0.0009427070617675781,0,0,silkworm,14.222910642623901,0.0006639957427978516,AmazonEmployeeAccess,GaussianNB,50,onehot,onehot,Onehot -> [ MLP-MultiHead-Encoded => GM => Encoded ] -> Onehot,GM,MLP-MultiHead,encoded,encoded,False,centroid,Onehot -> [ [FFN-SFT]-ENC => GM => ENC ] -> Onehot
Train - Original,0.5285152525883264,0.0009427070617675781,0,0,silkworm,14.222910642623901,0.011205911636352539,AmazonEmployeeAccess,GaussianNB,50,onehot,onehot,Onehot -> [ MLP-MultiHead-Encoded => GM => Encoded ] -> Onehot,GM,MLP-MultiHead,encoded,encoded,False,centroid,Onehot -> [ [FFN-SFT]-ENC => GM => ENC ] -> Onehot
Val,0.5047228414755429,0.0009427070617675781,0,0,silkworm,14.222910642623901,0.0017130374908447266,AmazonEmployeeAccess,GaussianNB,50,onehot,onehot,Onehot -> [ MLP-MultiHead-Encoded => GM => Encoded ] -> Onehot,GM,MLP-MultiHead,encoded,encoded,False,centroid,Onehot -> [ [FFN-SFT]-ENC => GM => ENC ] -> Onehot
Test,0.5505138899938249,0.0009427070617675781,0,0,silkworm,14.222910642623901,0.0015845298767089844,AmazonEmployeeAccess,GaussianNB,50,onehot,onehot,Onehot -> [ MLP-MultiHead-Encoded => GM => Encoded ] -> Onehot,GM,MLP-MultiHead,encoded,encoded,False,centroid,Onehot -> [ [FFN-SFT]-ENC => GM => ENC ] -> Onehot
Train,0.82,0.0008721351623535156,0,0,silkworm,14.696357011795044,0.0006740093231201172,AmazonEmployeeAccess,GaussianNB,50,onehot,onehot,Onehot -> [ MLP-MultiHead-Encoded => GM => Decoded ] -> Onehot,GM,MLP-MultiHead,encoded,decoded,False,centroid,Onehot -> [ [FFN-SFT]-ENC => GM => DEC ] -> Onehot
Train - Original,0.5127942705574728,0.0008721351623535156,0,0,silkworm,14.696357011795044,0.03818392753601074,AmazonEmployeeAccess,GaussianNB,50,onehot,onehot,Onehot -> [ MLP-MultiHead-Encoded => GM => Decoded ] -> Onehot,GM,MLP-MultiHead,encoded,decoded,False,centroid,Onehot -> [ [FFN-SFT]-ENC => GM => DEC ] -> Onehot
Val,0.5194684626871573,0.0008721351623535156,0,0,silkworm,14.696357011795044,0.0045053958892822266,AmazonEmployeeAccess,GaussianNB,50,onehot,onehot,Onehot -> [ MLP-MultiHead-Encoded => GM => Decoded ] -> Onehot,GM,MLP-MultiHead,encoded,decoded,False,centroid,Onehot -> [ [FFN-SFT]-ENC => GM => DEC ] -> Onehot
Test,0.5072296915902367,0.0008721351623535156,0,0,silkworm,14.696357011795044,0.00397801399230957,AmazonEmployeeAccess,GaussianNB,50,onehot,onehot,Onehot -> [ MLP-MultiHead-Encoded => GM => Decoded ] -> Onehot,GM,MLP-MultiHead,encoded,decoded,False,centroid,Onehot -> [ [FFN-SFT]-ENC => GM => DEC ] -> Onehot
Train,0.77,0.0010192394256591797,0,0,silkworm,14.848368883132935,0.0007302761077880859,AmazonEmployeeAccess,GaussianNB,50,onehot,onehot,Onehot -> [ MLP-MultiHead-Encoded => GM => Decoded-Binary ] -> Onehot,GM,MLP-MultiHead,encoded,decoded,True,centroid,Onehot -> [ [FFN-SFT]-ENC => GM => DEC-BIN ] -> Onehot
Train - Original,0.529207250101749,0.0010192394256591797,0,0,silkworm,14.848368883132935,0.039972782135009766,AmazonEmployeeAccess,GaussianNB,50,onehot,onehot,Onehot -> [ MLP-MultiHead-Encoded => GM => Decoded-Binary ] -> Onehot,GM,MLP-MultiHead,encoded,decoded,True,centroid,Onehot -> [ [FFN-SFT]-ENC => GM => DEC-BIN ] -> Onehot
Val,0.5284351324965557,0.0010192394256591797,0,0,silkworm,14.848368883132935,0.0045604705810546875,AmazonEmployeeAccess,GaussianNB,50,onehot,onehot,Onehot -> [ MLP-MultiHead-Encoded => GM => Decoded-Binary ] -> Onehot,GM,MLP-MultiHead,encoded,decoded,True,centroid,Onehot -> [ [FFN-SFT]-ENC => GM => DEC-BIN ] -> Onehot
Test,0.5455712267063686,0.0010192394256591797,0,0,silkworm,14.848368883132935,0.0041522979736328125,AmazonEmployeeAccess,GaussianNB,50,onehot,onehot,Onehot -> [ MLP-MultiHead-Encoded => GM => Decoded-Binary ] -> Onehot,GM,MLP-MultiHead,encoded,decoded,True,centroid,Onehot -> [ [FFN-SFT]-ENC => GM => DEC-BIN ] -> Onehot
Train,0.8,0.0010530948638916016,0,0,silkworm,14.91284966468811,0.0007488727569580078,AmazonEmployeeAccess,GaussianNB,50,onehot,onehot,Onehot -> [ MLP-MultiHead-Encoded => GM => Encoded ] -> Onehot,GM,MLP-MultiHead,encoded,encoded,False,centroid,Onehot -> [ [FFN-SFT]-ENC => GM => ENC ] -> Onehot
Train - Original,0.5419121418575737,0.0010530948638916016,0,0,silkworm,14.91284966468811,0.011404991149902344,AmazonEmployeeAccess,GaussianNB,50,onehot,onehot,Onehot -> [ MLP-MultiHead-Encoded => GM => Encoded ] -> Onehot,GM,MLP-MultiHead,encoded,encoded,False,centroid,Onehot -> [ [FFN-SFT]-ENC => GM => ENC ] -> Onehot
Val,0.5383145884592808,0.0010530948638916016,0,0,silkworm,14.91284966468811,0.0016674995422363281,AmazonEmployeeAccess,GaussianNB,50,onehot,onehot,Onehot -> [ MLP-MultiHead-Encoded => GM => Encoded ] -> Onehot,GM,MLP-MultiHead,encoded,encoded,False,centroid,Onehot -> [ [FFN-SFT]-ENC => GM => ENC ] -> Onehot
Test,0.5390427591327704,0.0010530948638916016,0,0,silkworm,14.91284966468811,0.007236480712890625,AmazonEmployeeAccess,GaussianNB,50,onehot,onehot,Onehot -> [ MLP-MultiHead-Encoded => GM => Encoded ] -> Onehot,GM,MLP-MultiHead,encoded,encoded,False,centroid,Onehot -> [ [FFN-SFT]-ENC => GM => ENC ] -> Onehot
Train,0.8,0.0009834766387939453,0,0,silkworm,15.273367881774902,0.0007348060607910156,AmazonEmployeeAccess,GaussianNB,50,onehot,onehot,Onehot -> [ MLP-MultiHead-Encoded => GM => Decoded ] -> Onehot,GM,MLP-MultiHead,encoded,decoded,False,centroid,Onehot -> [ [FFN-SFT]-ENC => GM => DEC ] -> Onehot
Train - Original,0.5153049960136706,0.0009834766387939453,0,0,silkworm,15.273367881774902,0.038498878479003906,AmazonEmployeeAccess,GaussianNB,50,onehot,onehot,Onehot -> [ MLP-MultiHead-Encoded => GM => Decoded ] -> Onehot,GM,MLP-MultiHead,encoded,decoded,False,centroid,Onehot -> [ [FFN-SFT]-ENC => GM => DEC ] -> Onehot
Val,0.5626286872606835,0.0009834766387939453,0,0,silkworm,15.273367881774902,0.015999794006347656,AmazonEmployeeAccess,GaussianNB,50,onehot,onehot,Onehot -> [ MLP-MultiHead-Encoded => GM => Decoded ] -> Onehot,GM,MLP-MultiHead,encoded,decoded,False,centroid,Onehot -> [ [FFN-SFT]-ENC => GM => DEC ] -> Onehot
Test,0.5147825296343861,0.0009834766387939453,0,0,silkworm,15.273367881774902,0.0038967132568359375,AmazonEmployeeAccess,GaussianNB,50,onehot,onehot,Onehot -> [ MLP-MultiHead-Encoded => GM => Decoded ] -> Onehot,GM,MLP-MultiHead,encoded,decoded,False,centroid,Onehot -> [ [FFN-SFT]-ENC => GM => DEC ] -> Onehot
Train,0.71,0.0009479522705078125,0,0,silkworm,13.676705360412598,0.0007340908050537109,AmazonEmployeeAccess,GaussianNB,50,onehot,onehot,Onehot -> [ MLP-MultiHead-Encoded => GM => Decoded-Binary ] -> Onehot,GM,MLP-MultiHead,encoded,decoded,True,centroid,Onehot -> [ [FFN-SFT]-ENC => GM => DEC-BIN ] -> Onehot
Train - Original,0.5359687477350401,0.0009479522705078125,0,0,silkworm,13.676705360412598,0.03875160217285156,AmazonEmployeeAccess,GaussianNB,50,onehot,onehot,Onehot -> [ MLP-MultiHead-Encoded => GM => Decoded-Binary ] -> Onehot,GM,MLP-MultiHead,encoded,decoded,True,centroid,Onehot -> [ [FFN-SFT]-ENC => GM => DEC-BIN ] -> Onehot
Val,0.5514140772077945,0.0009479522705078125,0,0,silkworm,13.676705360412598,0.0045375823974609375,AmazonEmployeeAccess,GaussianNB,50,onehot,onehot,Onehot -> [ MLP-MultiHead-Encoded => GM => Decoded-Binary ] -> Onehot,GM,MLP-MultiHead,encoded,decoded,True,centroid,Onehot -> [ [FFN-SFT]-ENC => GM => DEC-BIN ] -> Onehot
Test,0.5360920115014377,0.0009479522705078125,0,0,silkworm,13.676705360412598,0.009666681289672852,AmazonEmployeeAccess,GaussianNB,50,onehot,onehot,Onehot -> [ MLP-MultiHead-Encoded => GM => Decoded-Binary ] -> Onehot,GM,MLP-MultiHead,encoded,decoded,True,centroid,Onehot -> [ [FFN-SFT]-ENC => GM => DEC-BIN ] -> Onehot
Train,0.71,0.0011153221130371094,0,0,silkworm,14.999557256698608,0.0008101463317871094,AmazonEmployeeAccess,GaussianNB,50,onehot,onehot,Onehot -> [ MLP-MultiHead-Encoded => GM => Encoded ] -> Onehot,GM,MLP-MultiHead,encoded,encoded,False,centroid,Onehot -> [ [FFN-SFT]-ENC => GM => ENC ] -> Onehot
Train - Original,0.5342282131766307,0.0011153221130371094,0,0,silkworm,14.999557256698608,0.017616987228393555,AmazonEmployeeAccess,GaussianNB,50,onehot,onehot,Onehot -> [ MLP-MultiHead-Encoded => GM => Encoded ] -> Onehot,GM,MLP-MultiHead,encoded,encoded,False,centroid,Onehot -> [ [FFN-SFT]-ENC => GM => ENC ] -> Onehot
Val,0.5369353347465489,0.0011153221130371094,0,0,silkworm,14.999557256698608,0.013642311096191406,AmazonEmployeeAccess,GaussianNB,50,onehot,onehot,Onehot -> [ MLP-MultiHead-Encoded => GM => Encoded ] -> Onehot,GM,MLP-MultiHead,encoded,encoded,False,centroid,Onehot -> [ [FFN-SFT]-ENC => GM => ENC ] -> Onehot
Test,0.5287857951940962,0.0011153221130371094,0,0,silkworm,14.999557256698608,0.0016810894012451172,AmazonEmployeeAccess,GaussianNB,50,onehot,onehot,Onehot -> [ MLP-MultiHead-Encoded => GM => Encoded ] -> Onehot,GM,MLP-MultiHead,encoded,encoded,False,centroid,Onehot -> [ [FFN-SFT]-ENC => GM => ENC ] -> Onehot
Train,0.78,0.0009632110595703125,0,0,silkworm,16.370337963104248,0.0006911754608154297,AmazonEmployeeAccess,GaussianNB,50,onehot,onehot,Onehot -> [ MLP-MultiHead-Encoded => GM => Decoded ] -> Onehot,GM,MLP-MultiHead,encoded,decoded,False,centroid,Onehot -> [ [FFN-SFT]-ENC => GM => DEC ] -> Onehot
Train - Original,0.5509692634489833,0.0009632110595703125,0,0,silkworm,16.370337963104248,0.03132057189941406,AmazonEmployeeAccess,GaussianNB,50,onehot,onehot,Onehot -> [ MLP-MultiHead-Encoded => GM => Decoded ] -> Onehot,GM,MLP-MultiHead,encoded,decoded,False,centroid,Onehot -> [ [FFN-SFT]-ENC => GM => DEC ] -> Onehot
Val,0.5444843537580482,0.0009632110595703125,0,0,silkworm,16.370337963104248,0.004812955856323242,AmazonEmployeeAccess,GaussianNB,50,onehot,onehot,Onehot -> [ MLP-MultiHead-Encoded => GM => Decoded ] -> Onehot,GM,MLP-MultiHead,encoded,decoded,False,centroid,Onehot -> [ [FFN-SFT]-ENC => GM => DEC ] -> Onehot
Test,0.543954357931105,0.0009632110595703125,0,0,silkworm,16.370337963104248,0.009974479675292969,AmazonEmployeeAccess,GaussianNB,50,onehot,onehot,Onehot -> [ MLP-MultiHead-Encoded => GM => Decoded ] -> Onehot,GM,MLP-MultiHead,encoded,decoded,False,centroid,Onehot -> [ [FFN-SFT]-ENC => GM => DEC ] -> Onehot
Train,0.69,0.0009441375732421875,0,0,silkworm,15.42497706413269,0.0006670951843261719,AmazonEmployeeAccess,GaussianNB,50,onehot,onehot,Onehot -> [ MLP-MultiHead-Encoded => GM => Decoded-Binary ] -> Onehot,GM,MLP-MultiHead,encoded,decoded,True,centroid,Onehot -> [ [FFN-SFT]-ENC => GM => DEC-BIN ] -> Onehot
Train - Original,0.5350076729871824,0.0009441375732421875,0,0,silkworm,15.42497706413269,0.03163933753967285,AmazonEmployeeAccess,GaussianNB,50,onehot,onehot,Onehot -> [ MLP-MultiHead-Encoded => GM => Decoded-Binary ] -> Onehot,GM,MLP-MultiHead,encoded,decoded,True,centroid,Onehot -> [ [FFN-SFT]-ENC => GM => DEC-BIN ] -> Onehot
Val,0.5247828473757683,0.0009441375732421875,0,0,silkworm,15.42497706413269,0.004726886749267578,AmazonEmployeeAccess,GaussianNB,50,onehot,onehot,Onehot -> [ MLP-MultiHead-Encoded => GM => Decoded-Binary ] -> Onehot,GM,MLP-MultiHead,encoded,decoded,True,centroid,Onehot -> [ [FFN-SFT]-ENC => GM => DEC-BIN ] -> Onehot
Test,0.5326112733788693,0.0009441375732421875,0,0,silkworm,15.42497706413269,0.004155158996582031,AmazonEmployeeAccess,GaussianNB,50,onehot,onehot,Onehot -> [ MLP-MultiHead-Encoded => GM => Decoded-Binary ] -> Onehot,GM,MLP-MultiHead,encoded,decoded,True,centroid,Onehot -> [ [FFN-SFT]-ENC => GM => DEC-BIN ] -> Onehot
Train,0.6499999999999999,0.0009374618530273438,0,0,silkworm,13.588438272476196,0.0007193088531494141,AmazonEmployeeAccess,GaussianNB,50,onehot,onehot,Onehot -> [ MLP-MultiHead-Encoded => GM => Encoded ] -> Onehot,GM,MLP-MultiHead,encoded,encoded,False,centroid,Onehot -> [ [FFN-SFT]-ENC => GM => ENC ] -> Onehot
Train - Original,0.5238416298233192,0.0009374618530273438,0,0,silkworm,13.588438272476196,0.005711793899536133,AmazonEmployeeAccess,GaussianNB,50,onehot,onehot,Onehot -> [ MLP-MultiHead-Encoded => GM => Encoded ] -> Onehot,GM,MLP-MultiHead,encoded,encoded,False,centroid,Onehot -> [ [FFN-SFT]-ENC => GM => ENC ] -> Onehot
Val,0.5471086614700077,0.0009374618530273438,0,0,silkworm,13.588438272476196,0.001619577407836914,AmazonEmployeeAccess,GaussianNB,50,onehot,onehot,Onehot -> [ MLP-MultiHead-Encoded => GM => Encoded ] -> Onehot,GM,MLP-MultiHead,encoded,encoded,False,centroid,Onehot -> [ [FFN-SFT]-ENC => GM => ENC ] -> Onehot
Test,0.5398788484924252,0.0009374618530273438,0,0,silkworm,13.588438272476196,0.001596212387084961,AmazonEmployeeAccess,GaussianNB,50,onehot,onehot,Onehot -> [ MLP-MultiHead-Encoded => GM => Encoded ] -> Onehot,GM,MLP-MultiHead,encoded,encoded,False,centroid,Onehot -> [ [FFN-SFT]-ENC => GM => ENC ] -> Onehot
Train,0.7083333333333334,0.0012068748474121094,0,0,silkworm,15.067903280258179,0.0008382797241210938,AmazonEmployeeAccess,GaussianNB,60,onehot,onehot,Onehot -> [ GM => Original ] -> Onehot,GM,N/A,original,original,False,centroid,Onehot -> [ GM => ORI ] -> Onehot
Train - Original,0.5202356743029499,0.0012068748474121094,0,0,silkworm,15.067903280258179,0.020753860473632812,AmazonEmployeeAccess,GaussianNB,60,onehot,onehot,Onehot -> [ GM => Original ] -> Onehot,GM,N/A,original,original,False,centroid,Onehot -> [ GM => ORI ] -> Onehot
Val,0.4993879276522882,0.0012068748474121094,0,0,silkworm,15.067903280258179,0.004429817199707031,AmazonEmployeeAccess,GaussianNB,60,onehot,onehot,Onehot -> [ GM => Original ] -> Onehot,GM,N/A,original,original,False,centroid,Onehot -> [ GM => ORI ] -> Onehot
Test,0.526295711206325,0.0012068748474121094,0,0,silkworm,15.067903280258179,0.003939151763916016,AmazonEmployeeAccess,GaussianNB,60,onehot,onehot,Onehot -> [ GM => Original ] -> Onehot,GM,N/A,original,original,False,centroid,Onehot -> [ GM => ORI ] -> Onehot
Train,0.6166666666666667,0.0010471343994140625,0,0,silkworm,14.336870193481445,0.0007371902465820312,AmazonEmployeeAccess,GaussianNB,60,onehot,onehot,Onehot -> [ GM => Original ] -> Onehot,GM,N/A,original,original,False,centroid,Onehot -> [ GM => ORI ] -> Onehot
Train - Original,0.5111369471407147,0.0010471343994140625,0,0,silkworm,14.336870193481445,0.020800113677978516,AmazonEmployeeAccess,GaussianNB,60,onehot,onehot,Onehot -> [ GM => Original ] -> Onehot,GM,N/A,original,original,False,centroid,Onehot -> [ GM => ORI ] -> Onehot
Val,0.5193449077101346,0.0010471343994140625,0,0,silkworm,14.336870193481445,0.004523277282714844,AmazonEmployeeAccess,GaussianNB,60,onehot,onehot,Onehot -> [ GM => Original ] -> Onehot,GM,N/A,original,original,False,centroid,Onehot -> [ GM => ORI ] -> Onehot
Test,0.5041535494967174,0.0010471343994140625,0,0,silkworm,14.336870193481445,0.0038602352142333984,AmazonEmployeeAccess,GaussianNB,60,onehot,onehot,Onehot -> [ GM => Original ] -> Onehot,GM,N/A,original,original,False,centroid,Onehot -> [ GM => ORI ] -> Onehot
Train,0.725,0.0009479522705078125,0,0,silkworm,15.543336391448975,0.0006918907165527344,AmazonEmployeeAccess,GaussianNB,60,onehot,onehot,Onehot -> [ GM => Original ] -> Onehot,GM,N/A,original,original,False,centroid,Onehot -> [ GM => ORI ] -> Onehot
Train - Original,0.5537852009611792,0.0009479522705078125,0,0,silkworm,15.543336391448975,0.020612478256225586,AmazonEmployeeAccess,GaussianNB,60,onehot,onehot,Onehot -> [ GM => Original ] -> Onehot,GM,N/A,original,original,False,centroid,Onehot -> [ GM => ORI ] -> Onehot
Val,0.5473850444493782,0.0009479522705078125,0,0,silkworm,15.543336391448975,0.0045130252838134766,AmazonEmployeeAccess,GaussianNB,60,onehot,onehot,Onehot -> [ GM => Original ] -> Onehot,GM,N/A,original,original,False,centroid,Onehot -> [ GM => ORI ] -> Onehot
Test,0.5682157239351888,0.0009479522705078125,0,0,silkworm,15.543336391448975,0.003964424133300781,AmazonEmployeeAccess,GaussianNB,60,onehot,onehot,Onehot -> [ GM => Original ] -> Onehot,GM,N/A,original,original,False,centroid,Onehot -> [ GM => ORI ] -> Onehot
Train,0.7083333333333334,0.0008885860443115234,0,0,silkworm,15.628881454467773,0.0006661415100097656,AmazonEmployeeAccess,GaussianNB,60,onehot,onehot,Onehot -> [ GM => Original ] -> Onehot,GM,N/A,original,original,False,centroid,Onehot -> [ GM => ORI ] -> Onehot
Train - Original,0.5390755757876485,0.0008885860443115234,0,0,silkworm,15.628881454467773,0.020066261291503906,AmazonEmployeeAccess,GaussianNB,60,onehot,onehot,Onehot -> [ GM => Original ] -> Onehot,GM,N/A,original,original,False,centroid,Onehot -> [ GM => ORI ] -> Onehot
Val,0.5545295634745636,0.0008885860443115234,0,0,silkworm,15.628881454467773,0.004341840744018555,AmazonEmployeeAccess,GaussianNB,60,onehot,onehot,Onehot -> [ GM => Original ] -> Onehot,GM,N/A,original,original,False,centroid,Onehot -> [ GM => ORI ] -> Onehot
Test,0.530505707152788,0.0008885860443115234,0,0,silkworm,15.628881454467773,0.0040700435638427734,AmazonEmployeeAccess,GaussianNB,60,onehot,onehot,Onehot -> [ GM => Original ] -> Onehot,GM,N/A,original,original,False,centroid,Onehot -> [ GM => ORI ] -> Onehot
Train,0.6583333333333333,0.0010094642639160156,0,0,silkworm,14.652495622634888,0.0007164478302001953,AmazonEmployeeAccess,GaussianNB,60,onehot,onehot,Onehot -> [ GM => Original ] -> Onehot,GM,N/A,original,original,False,centroid,Onehot -> [ GM => ORI ] -> Onehot
Train - Original,0.5123223922994151,0.0010094642639160156,0,0,silkworm,14.652495622634888,0.02157139778137207,AmazonEmployeeAccess,GaussianNB,60,onehot,onehot,Onehot -> [ GM => Original ] -> Onehot,GM,N/A,original,original,False,centroid,Onehot -> [ GM => ORI ] -> Onehot
Val,0.5108948877892707,0.0010094642639160156,0,0,silkworm,14.652495622634888,0.004755973815917969,AmazonEmployeeAccess,GaussianNB,60,onehot,onehot,Onehot -> [ GM => Original ] -> Onehot,GM,N/A,original,original,False,centroid,Onehot -> [ GM => ORI ] -> Onehot
Test,0.5402209367079975,0.0010094642639160156,0,0,silkworm,14.652495622634888,0.003965139389038086,AmazonEmployeeAccess,GaussianNB,60,onehot,onehot,Onehot -> [ GM => Original ] -> Onehot,GM,N/A,original,original,False,centroid,Onehot -> [ GM => ORI ] -> Onehot
Train,0.8333333333333333,0.0010094642639160156,0,0,silkworm,14.389027118682861,0.00072479248046875,AmazonEmployeeAccess,GaussianNB,60,onehot,onehot,Onehot -> [ MLP-MultiHead-Encoded => GM => Decoded ] -> Onehot,GM,MLP-MultiHead,encoded,decoded,False,centroid,Onehot -> [ [FFN-SFT]-ENC => GM => DEC ] -> Onehot
Train - Original,0.5290064352737187,0.0010094642639160156,0,0,silkworm,14.389027118682861,0.020546436309814453,AmazonEmployeeAccess,GaussianNB,60,onehot,onehot,Onehot -> [ MLP-MultiHead-Encoded => GM => Decoded ] -> Onehot,GM,MLP-MultiHead,encoded,decoded,False,centroid,Onehot -> [ [FFN-SFT]-ENC => GM => DEC ] -> Onehot
Val,0.5411362039653164,0.0010094642639160156,0,0,silkworm,14.389027118682861,0.004622459411621094,AmazonEmployeeAccess,GaussianNB,60,onehot,onehot,Onehot -> [ MLP-MultiHead-Encoded => GM => Decoded ] -> Onehot,GM,MLP-MultiHead,encoded,decoded,False,centroid,Onehot -> [ [FFN-SFT]-ENC => GM => DEC ] -> Onehot
Test,0.5469551118132191,0.0010094642639160156,0,0,silkworm,14.389027118682861,0.003933906555175781,AmazonEmployeeAccess,GaussianNB,60,onehot,onehot,Onehot -> [ MLP-MultiHead-Encoded => GM => Decoded ] -> Onehot,GM,MLP-MultiHead,encoded,decoded,False,centroid,Onehot -> [ [FFN-SFT]-ENC => GM => DEC ] -> Onehot
Train,0.7083333333333334,0.0010230541229248047,0,0,silkworm,15.49925184249878,0.0006930828094482422,AmazonEmployeeAccess,GaussianNB,60,onehot,onehot,Onehot -> [ MLP-MultiHead-Encoded => GM => Decoded-Binary ] -> Onehot,GM,MLP-MultiHead,encoded,decoded,True,centroid,Onehot -> [ [FFN-SFT]-ENC => GM => DEC-BIN ] -> Onehot
Train - Original,0.5198823057152255,0.0010230541229248047,0,0,silkworm,15.49925184249878,0.020714998245239258,AmazonEmployeeAccess,GaussianNB,60,onehot,onehot,Onehot -> [ MLP-MultiHead-Encoded => GM => Decoded-Binary ] -> Onehot,GM,MLP-MultiHead,encoded,decoded,True,centroid,Onehot -> [ [FFN-SFT]-ENC => GM => DEC-BIN ] -> Onehot
Val,0.5012564590740296,0.0010230541229248047,0,0,silkworm,15.49925184249878,0.004425525665283203,AmazonEmployeeAccess,GaussianNB,60,onehot,onehot,Onehot -> [ MLP-MultiHead-Encoded => GM => Decoded-Binary ] -> Onehot,GM,MLP-MultiHead,encoded,decoded,True,centroid,Onehot -> [ [FFN-SFT]-ENC => GM => DEC-BIN ] -> Onehot
Test,0.5265116472892445,0.0010230541229248047,0,0,silkworm,15.49925184249878,0.003926515579223633,AmazonEmployeeAccess,GaussianNB,60,onehot,onehot,Onehot -> [ MLP-MultiHead-Encoded => GM => Decoded-Binary ] -> Onehot,GM,MLP-MultiHead,encoded,decoded,True,centroid,Onehot -> [ [FFN-SFT]-ENC => GM => DEC-BIN ] -> Onehot
Train,0.8,0.0008609294891357422,0,0,silkworm,14.581238508224487,0.0006253719329833984,AmazonEmployeeAccess,GaussianNB,60,onehot,onehot,Onehot -> [ MLP-MultiHead-Encoded => GM => Encoded ] -> Onehot,GM,MLP-MultiHead,encoded,encoded,False,centroid,Onehot -> [ [FFN-SFT]-ENC => GM => ENC ] -> Onehot
Train - Original,0.527956086260823,0.0008609294891357422,0,0,silkworm,14.581238508224487,0.006017208099365234,AmazonEmployeeAccess,GaussianNB,60,onehot,onehot,Onehot -> [ MLP-MultiHead-Encoded => GM => Encoded ] -> Onehot,GM,MLP-MultiHead,encoded,encoded,False,centroid,Onehot -> [ [FFN-SFT]-ENC => GM => ENC ] -> Onehot
Val,0.5160994035906217,0.0008609294891357422,0,0,silkworm,14.581238508224487,0.0016987323760986328,AmazonEmployeeAccess,GaussianNB,60,onehot,onehot,Onehot -> [ MLP-MultiHead-Encoded => GM => Encoded ] -> Onehot,GM,MLP-MultiHead,encoded,encoded,False,centroid,Onehot -> [ [FFN-SFT]-ENC => GM => ENC ] -> Onehot
Test,0.5155064837650161,0.0008609294891357422,0,0,silkworm,14.581238508224487,0.0015673637390136719,AmazonEmployeeAccess,GaussianNB,60,onehot,onehot,Onehot -> [ MLP-MultiHead-Encoded => GM => Encoded ] -> Onehot,GM,MLP-MultiHead,encoded,encoded,False,centroid,Onehot -> [ [FFN-SFT]-ENC => GM => ENC ] -> Onehot
Train,0.75,0.019671916961669922,0,0,silkworm,14.192906141281128,0.008036613464355469,AmazonEmployeeAccess,GaussianNB,60,onehot,onehot,Onehot -> [ MLP-MultiHead-Encoded => GM => Decoded ] -> Onehot,GM,MLP-MultiHead,encoded,decoded,False,centroid,Onehot -> [ [FFN-SFT]-ENC => GM => DEC ] -> Onehot
Train - Original,0.551232730552009,0.019671916961669922,0,0,silkworm,14.192906141281128,0.07941889762878418,AmazonEmployeeAccess,GaussianNB,60,onehot,onehot,Onehot -> [ MLP-MultiHead-Encoded => GM => Decoded ] -> Onehot,GM,MLP-MultiHead,encoded,decoded,False,centroid,Onehot -> [ [FFN-SFT]-ENC => GM => DEC ] -> Onehot
Val,0.5569044802175176,0.019671916961669922,0,0,silkworm,14.192906141281128,0.0047533512115478516,AmazonEmployeeAccess,GaussianNB,60,onehot,onehot,Onehot -> [ MLP-MultiHead-Encoded => GM => Decoded ] -> Onehot,GM,MLP-MultiHead,encoded,decoded,False,centroid,Onehot -> [ [FFN-SFT]-ENC => GM => DEC ] -> Onehot
Test,0.5433641326377918,0.019671916961669922,0,0,silkworm,14.192906141281128,0.014992475509643555,AmazonEmployeeAccess,GaussianNB,60,onehot,onehot,Onehot -> [ MLP-MultiHead-Encoded => GM => Decoded ] -> Onehot,GM,MLP-MultiHead,encoded,decoded,False,centroid,Onehot -> [ [FFN-SFT]-ENC => GM => DEC ] -> Onehot
Train,0.6166666666666667,0.0010483264923095703,0,0,silkworm,14.25659990310669,0.0007956027984619141,AmazonEmployeeAccess,GaussianNB,60,onehot,onehot,Onehot -> [ MLP-MultiHead-Encoded => GM => Decoded-Binary ] -> Onehot,GM,MLP-MultiHead,encoded,decoded,True,centroid,Onehot -> [ [FFN-SFT]-ENC => GM => DEC-BIN ] -> Onehot
Train - Original,0.5111369471407147,0.0010483264923095703,0,0,silkworm,14.25659990310669,0.04347825050354004,AmazonEmployeeAccess,GaussianNB,60,onehot,onehot,Onehot -> [ MLP-MultiHead-Encoded => GM => Decoded-Binary ] -> Onehot,GM,MLP-MultiHead,encoded,decoded,True,centroid,Onehot -> [ [FFN-SFT]-ENC => GM => DEC-BIN ] -> Onehot
Val,0.5193449077101346,0.0010483264923095703,0,0,silkworm,14.25659990310669,0.010241508483886719,AmazonEmployeeAccess,GaussianNB,60,onehot,onehot,Onehot -> [ MLP-MultiHead-Encoded => GM => Decoded-Binary ] -> Onehot,GM,MLP-MultiHead,encoded,decoded,True,centroid,Onehot -> [ [FFN-SFT]-ENC => GM => DEC-BIN ] -> Onehot
Test,0.5041535494967174,0.0010483264923095703,0,0,silkworm,14.25659990310669,0.0038912296295166016,AmazonEmployeeAccess,GaussianNB,60,onehot,onehot,Onehot -> [ MLP-MultiHead-Encoded => GM => Decoded-Binary ] -> Onehot,GM,MLP-MultiHead,encoded,decoded,True,centroid,Onehot -> [ [FFN-SFT]-ENC => GM => DEC-BIN ] -> Onehot
Train,0.6416666666666666,0.0008416175842285156,0,0,silkworm,14.054234266281128,0.0006511211395263672,AmazonEmployeeAccess,GaussianNB,60,onehot,onehot,Onehot -> [ MLP-MultiHead-Encoded => GM => Encoded ] -> Onehot,GM,MLP-MultiHead,encoded,encoded,False,centroid,Onehot -> [ [FFN-SFT]-ENC => GM => ENC ] -> Onehot
Train - Original,0.5287506690343047,0.0008416175842285156,0,0,silkworm,14.054234266281128,0.005789041519165039,AmazonEmployeeAccess,GaussianNB,60,onehot,onehot,Onehot -> [ MLP-MultiHead-Encoded => GM => Encoded ] -> Onehot,GM,MLP-MultiHead,encoded,encoded,False,centroid,Onehot -> [ [FFN-SFT]-ENC => GM => ENC ] -> Onehot
Val,0.5132610606415431,0.0008416175842285156,0,0,silkworm,14.054234266281128,0.0016629695892333984,AmazonEmployeeAccess,GaussianNB,60,onehot,onehot,Onehot -> [ MLP-MultiHead-Encoded => GM => Encoded ] -> Onehot,GM,MLP-MultiHead,encoded,encoded,False,centroid,Onehot -> [ [FFN-SFT]-ENC => GM => ENC ] -> Onehot
Test,0.5362905211636303,0.0008416175842285156,0,0,silkworm,14.054234266281128,0.0015721321105957031,AmazonEmployeeAccess,GaussianNB,60,onehot,onehot,Onehot -> [ MLP-MultiHead-Encoded => GM => Encoded ] -> Onehot,GM,MLP-MultiHead,encoded,encoded,False,centroid,Onehot -> [ [FFN-SFT]-ENC => GM => ENC ] -> Onehot
Train,0.775,0.011824369430541992,0,0,silkworm,13.69516134262085,0.0007033348083496094,AmazonEmployeeAccess,GaussianNB,60,onehot,onehot,Onehot -> [ MLP-MultiHead-Encoded => GM => Decoded ] -> Onehot,GM,MLP-MultiHead,encoded,decoded,False,centroid,Onehot -> [ [FFN-SFT]-ENC => GM => DEC ] -> Onehot
Train - Original,0.5186271694831153,0.011824369430541992,0,0,silkworm,13.69516134262085,0.03732109069824219,AmazonEmployeeAccess,GaussianNB,60,onehot,onehot,Onehot -> [ MLP-MultiHead-Encoded => GM => Decoded ] -> Onehot,GM,MLP-MultiHead,encoded,decoded,False,centroid,Onehot -> [ [FFN-SFT]-ENC => GM => DEC ] -> Onehot
Val,0.5352074659140331,0.011824369430541992,0,0,silkworm,13.69516134262085,0.010265827178955078,AmazonEmployeeAccess,GaussianNB,60,onehot,onehot,Onehot -> [ MLP-MultiHead-Encoded => GM => Decoded ] -> Onehot,GM,MLP-MultiHead,encoded,decoded,False,centroid,Onehot -> [ [FFN-SFT]-ENC => GM => DEC ] -> Onehot
Test,0.5266101444498744,0.011824369430541992,0,0,silkworm,13.69516134262085,0.0038743019104003906,AmazonEmployeeAccess,GaussianNB,60,onehot,onehot,Onehot -> [ MLP-MultiHead-Encoded => GM => Decoded ] -> Onehot,GM,MLP-MultiHead,encoded,decoded,False,centroid,Onehot -> [ [FFN-SFT]-ENC => GM => DEC ] -> Onehot
Train,0.7166666666666667,0.0009675025939941406,0,0,silkworm,14.906582832336426,0.0007293224334716797,AmazonEmployeeAccess,GaussianNB,60,onehot,onehot,Onehot -> [ MLP-MultiHead-Encoded => GM => Decoded-Binary ] -> Onehot,GM,MLP-MultiHead,encoded,decoded,True,centroid,Onehot -> [ [FFN-SFT]-ENC => GM => DEC-BIN ] -> Onehot
Train - Original,0.5472057015660978,0.0009675025939941406,0,0,silkworm,14.906582832336426,0.029522180557250977,AmazonEmployeeAccess,GaussianNB,60,onehot,onehot,Onehot -> [ MLP-MultiHead-Encoded => GM => Decoded-Binary ] -> Onehot,GM,MLP-MultiHead,encoded,decoded,True,centroid,Onehot -> [ [FFN-SFT]-ENC => GM => DEC-BIN ] -> Onehot
Val,0.5484803117995383,0.0009675025939941406,0,0,silkworm,14.906582832336426,0.004578590393066406,AmazonEmployeeAccess,GaussianNB,60,onehot,onehot,Onehot -> [ MLP-MultiHead-Encoded => GM => Decoded-Binary ] -> Onehot,GM,MLP-MultiHead,encoded,decoded,True,centroid,Onehot -> [ [FFN-SFT]-ENC => GM => DEC-BIN ] -> Onehot
Test,0.5628169430269693,0.0009675025939941406,0,0,silkworm,14.906582832336426,0.00431513786315918,AmazonEmployeeAccess,GaussianNB,60,onehot,onehot,Onehot -> [ MLP-MultiHead-Encoded => GM => Decoded-Binary ] -> Onehot,GM,MLP-MultiHead,encoded,decoded,True,centroid,Onehot -> [ [FFN-SFT]-ENC => GM => DEC-BIN ] -> Onehot
Train,0.7666666666666666,0.0009284019470214844,0,0,silkworm,15.10934567451477,0.0006773471832275391,AmazonEmployeeAccess,GaussianNB,60,onehot,onehot,Onehot -> [ MLP-MultiHead-Encoded => GM => Encoded ] -> Onehot,GM,MLP-MultiHead,encoded,encoded,False,centroid,Onehot -> [ [FFN-SFT]-ENC => GM => ENC ] -> Onehot
Train - Original,0.5455549291102402,0.0009284019470214844,0,0,silkworm,15.10934567451477,0.023192405700683594,AmazonEmployeeAccess,GaussianNB,60,onehot,onehot,Onehot -> [ MLP-MultiHead-Encoded => GM => Encoded ] -> Onehot,GM,MLP-MultiHead,encoded,encoded,False,centroid,Onehot -> [ [FFN-SFT]-ENC => GM => ENC ] -> Onehot
Val,0.5320836159257423,0.0009284019470214844,0,0,silkworm,15.10934567451477,0.0017018318176269531,AmazonEmployeeAccess,GaussianNB,60,onehot,onehot,Onehot -> [ MLP-MultiHead-Encoded => GM => Encoded ] -> Onehot,GM,MLP-MultiHead,encoded,encoded,False,centroid,Onehot -> [ [FFN-SFT]-ENC => GM => ENC ] -> Onehot
Test,0.540012577329742,0.0009284019470214844,0,0,silkworm,15.10934567451477,0.0015842914581298828,AmazonEmployeeAccess,GaussianNB,60,onehot,onehot,Onehot -> [ MLP-MultiHead-Encoded => GM => Encoded ] -> Onehot,GM,MLP-MultiHead,encoded,encoded,False,centroid,Onehot -> [ [FFN-SFT]-ENC => GM => ENC ] -> Onehot
Train,0.775,0.001012563705444336,0,0,silkworm,15.000313520431519,0.0007333755493164062,AmazonEmployeeAccess,GaussianNB,60,onehot,onehot,Onehot -> [ MLP-MultiHead-Encoded => GM => Decoded ] -> Onehot,GM,MLP-MultiHead,encoded,decoded,False,centroid,Onehot -> [ [FFN-SFT]-ENC => GM => DEC ] -> Onehot
Train - Original,0.5312506272196607,0.001012563705444336,0,0,silkworm,15.000313520431519,0.020733118057250977,AmazonEmployeeAccess,GaussianNB,60,onehot,onehot,Onehot -> [ MLP-MultiHead-Encoded => GM => Decoded ] -> Onehot,GM,MLP-MultiHead,encoded,decoded,False,centroid,Onehot -> [ [FFN-SFT]-ENC => GM => DEC ] -> Onehot
Val,0.5458605661174996,0.001012563705444336,0,0,silkworm,15.000313520431519,0.004479408264160156,AmazonEmployeeAccess,GaussianNB,60,onehot,onehot,Onehot -> [ MLP-MultiHead-Encoded => GM => Decoded ] -> Onehot,GM,MLP-MultiHead,encoded,decoded,False,centroid,Onehot -> [ [FFN-SFT]-ENC => GM => DEC ] -> Onehot
Test,0.5224198479355374,0.001012563705444336,0,0,silkworm,15.000313520431519,0.0039675235748291016,AmazonEmployeeAccess,GaussianNB,60,onehot,onehot,Onehot -> [ MLP-MultiHead-Encoded => GM => Decoded ] -> Onehot,GM,MLP-MultiHead,encoded,decoded,False,centroid,Onehot -> [ [FFN-SFT]-ENC => GM => DEC ] -> Onehot
Train,0.6916666666666667,0.0009613037109375,0,0,silkworm,14.702906847000122,0.0006725788116455078,AmazonEmployeeAccess,GaussianNB,60,onehot,onehot,Onehot -> [ MLP-MultiHead-Encoded => GM => Decoded-Binary ] -> Onehot,GM,MLP-MultiHead,encoded,decoded,True,centroid,Onehot -> [ [FFN-SFT]-ENC => GM => DEC-BIN ] -> Onehot
Train - Original,0.5358173438780574,0.0009613037109375,0,0,silkworm,14.702906847000122,0.03995466232299805,AmazonEmployeeAccess,GaussianNB,60,onehot,onehot,Onehot -> [ MLP-MultiHead-Encoded => GM => Decoded-Binary ] -> Onehot,GM,MLP-MultiHead,encoded,decoded,True,centroid,Onehot -> [ [FFN-SFT]-ENC => GM => DEC-BIN ] -> Onehot
Val,0.5513479277739424,0.0009613037109375,0,0,silkworm,14.702906847000122,0.004780769348144531,AmazonEmployeeAccess,GaussianNB,60,onehot,onehot,Onehot -> [ MLP-MultiHead-Encoded => GM => Decoded-Binary ] -> Onehot,GM,MLP-MultiHead,encoded,decoded,True,centroid,Onehot -> [ [FFN-SFT]-ENC => GM => DEC-BIN ] -> Onehot
Test,0.5342838309334121,0.0009613037109375,0,0,silkworm,14.702906847000122,0.010011672973632812,AmazonEmployeeAccess,GaussianNB,60,onehot,onehot,Onehot -> [ MLP-MultiHead-Encoded => GM => Decoded-Binary ] -> Onehot,GM,MLP-MultiHead,encoded,decoded,True,centroid,Onehot -> [ [FFN-SFT]-ENC => GM => DEC-BIN ] -> Onehot
Train,0.6833333333333333,0.0008111000061035156,0,0,silkworm,14.438373327255249,0.0006213188171386719,AmazonEmployeeAccess,GaussianNB,60,onehot,onehot,Onehot -> [ MLP-MultiHead-Encoded => GM => Encoded ] -> Onehot,GM,MLP-MultiHead,encoded,encoded,False,centroid,Onehot -> [ [FFN-SFT]-ENC => GM => ENC ] -> Onehot
Train - Original,0.5276802489922671,0.0008111000061035156,0,0,silkworm,14.438373327255249,0.00689244270324707,AmazonEmployeeAccess,GaussianNB,60,onehot,onehot,Onehot -> [ MLP-MultiHead-Encoded => GM => Encoded ] -> Onehot,GM,MLP-MultiHead,encoded,encoded,False,centroid,Onehot -> [ [FFN-SFT]-ENC => GM => ENC ] -> Onehot
Val,0.5456632583234236,0.0008111000061035156,0,0,silkworm,14.438373327255249,0.001617431640625,AmazonEmployeeAccess,GaussianNB,60,onehot,onehot,Onehot -> [ MLP-MultiHead-Encoded => GM => Encoded ] -> Onehot,GM,MLP-MultiHead,encoded,encoded,False,centroid,Onehot -> [ [FFN-SFT]-ENC => GM => ENC ] -> Onehot
Test,0.5386374054332549,0.0008111000061035156,0,0,silkworm,14.438373327255249,0.0015683174133300781,AmazonEmployeeAccess,GaussianNB,60,onehot,onehot,Onehot -> [ MLP-MultiHead-Encoded => GM => Encoded ] -> Onehot,GM,MLP-MultiHead,encoded,encoded,False,centroid,Onehot -> [ [FFN-SFT]-ENC => GM => ENC ] -> Onehot
Train,0.7166666666666667,0.0010867118835449219,0,0,silkworm,14.231208324432373,0.0007796287536621094,AmazonEmployeeAccess,GaussianNB,60,onehot,onehot,Onehot -> [ MLP-MultiHead-Encoded => GM => Decoded ] -> Onehot,GM,MLP-MultiHead,encoded,decoded,False,centroid,Onehot -> [ [FFN-SFT]-ENC => GM => DEC ] -> Onehot
Train - Original,0.5583081864710113,0.0010867118835449219,0,0,silkworm,14.231208324432373,0.04517006874084473,AmazonEmployeeAccess,GaussianNB,60,onehot,onehot,Onehot -> [ MLP-MultiHead-Encoded => GM => Decoded ] -> Onehot,GM,MLP-MultiHead,encoded,decoded,False,centroid,Onehot -> [ [FFN-SFT]-ENC => GM => DEC ] -> Onehot
Val,0.564683121401699,0.0010867118835449219,0,0,silkworm,14.231208324432373,0.01035451889038086,AmazonEmployeeAccess,GaussianNB,60,onehot,onehot,Onehot -> [ MLP-MultiHead-Encoded => GM => Decoded ] -> Onehot,GM,MLP-MultiHead,encoded,decoded,False,centroid,Onehot -> [ [FFN-SFT]-ENC => GM => DEC ] -> Onehot
Test,0.5668708588573572,0.0010867118835449219,0,0,silkworm,14.231208324432373,0.009730815887451172,AmazonEmployeeAccess,GaussianNB,60,onehot,onehot,Onehot -> [ MLP-MultiHead-Encoded => GM => Decoded ] -> Onehot,GM,MLP-MultiHead,encoded,decoded,False,centroid,Onehot -> [ [FFN-SFT]-ENC => GM => DEC ] -> Onehot
Train,0.6666666666666666,0.0014069080352783203,0,0,silkworm,14.851202964782715,0.0009734630584716797,AmazonEmployeeAccess,GaussianNB,60,onehot,onehot,Onehot -> [ MLP-MultiHead-Encoded => GM => Decoded-Binary ] -> Onehot,GM,MLP-MultiHead,encoded,decoded,True,centroid,Onehot -> [ [FFN-SFT]-ENC => GM => DEC-BIN ] -> Onehot
Train - Original,0.5232412063803572,0.0014069080352783203,0,0,silkworm,14.851202964782715,0.06568527221679688,AmazonEmployeeAccess,GaussianNB,60,onehot,onehot,Onehot -> [ MLP-MultiHead-Encoded => GM => Decoded-Binary ] -> Onehot,GM,MLP-MultiHead,encoded,decoded,True,centroid,Onehot -> [ [FFN-SFT]-ENC => GM => DEC-BIN ] -> Onehot
Val,0.5252964559110221,0.0014069080352783203,0,0,silkworm,14.851202964782715,0.005072355270385742,AmazonEmployeeAccess,GaussianNB,60,onehot,onehot,Onehot -> [ MLP-MultiHead-Encoded => GM => Decoded-Binary ] -> Onehot,GM,MLP-MultiHead,encoded,decoded,True,centroid,Onehot -> [ [FFN-SFT]-ENC => GM => DEC-BIN ] -> Onehot
Test,0.5535551792458906,0.0014069080352783203,0,0,silkworm,14.851202964782715,0.021358489990234375,AmazonEmployeeAccess,GaussianNB,60,onehot,onehot,Onehot -> [ MLP-MultiHead-Encoded => GM => Decoded-Binary ] -> Onehot,GM,MLP-MultiHead,encoded,decoded,True,centroid,Onehot -> [ [FFN-SFT]-ENC => GM => DEC-BIN ] -> Onehot
Train,0.6333333333333333,0.0009133815765380859,0,0,silkworm,13.923001289367676,0.0006582736968994141,AmazonEmployeeAccess,GaussianNB,60,onehot,onehot,Onehot -> [ MLP-MultiHead-Encoded => GM => Encoded ] -> Onehot,GM,MLP-MultiHead,encoded,encoded,False,centroid,Onehot -> [ [FFN-SFT]-ENC => GM => ENC ] -> Onehot
Train - Original,0.5226006757246477,0.0009133815765380859,0,0,silkworm,13.923001289367676,0.0060770511627197266,AmazonEmployeeAccess,GaussianNB,60,onehot,onehot,Onehot -> [ MLP-MultiHead-Encoded => GM => Encoded ] -> Onehot,GM,MLP-MultiHead,encoded,encoded,False,centroid,Onehot -> [ [FFN-SFT]-ENC => GM => ENC ] -> Onehot
Val,0.5133359539660768,0.0009133815765380859,0,0,silkworm,13.923001289367676,0.0016603469848632812,AmazonEmployeeAccess,GaussianNB,60,onehot,onehot,Onehot -> [ MLP-MultiHead-Encoded => GM => Encoded ] -> Onehot,GM,MLP-MultiHead,encoded,encoded,False,centroid,Onehot -> [ [FFN-SFT]-ENC => GM => ENC ] -> Onehot
Test,0.5244685888766399,0.0009133815765380859,0,0,silkworm,13.923001289367676,0.0015652179718017578,AmazonEmployeeAccess,GaussianNB,60,onehot,onehot,Onehot -> [ MLP-MultiHead-Encoded => GM => Encoded ] -> Onehot,GM,MLP-MultiHead,encoded,encoded,False,centroid,Onehot -> [ [FFN-SFT]-ENC => GM => ENC ] -> Onehot
Train,0.7142857142857143,0.0013012886047363281,0,0,silkworm,13.91812252998352,0.0008883476257324219,AmazonEmployeeAccess,GaussianNB,70,onehot,onehot,Onehot -> [ GM => Original ] -> Onehot,GM,N/A,original,original,False,centroid,Onehot -> [ GM => ORI ] -> Onehot
Train - Original,0.5216889771023009,0.0013012886047363281,0,0,silkworm,13.91812252998352,0.022412538528442383,AmazonEmployeeAccess,GaussianNB,70,onehot,onehot,Onehot -> [ GM => Original ] -> Onehot,GM,N/A,original,original,False,centroid,Onehot -> [ GM => ORI ] -> Onehot
Val,0.5019860036922028,0.0013012886047363281,0,0,silkworm,13.91812252998352,0.00445103645324707,AmazonEmployeeAccess,GaussianNB,70,onehot,onehot,Onehot -> [ GM => Original ] -> Onehot,GM,N/A,original,original,False,centroid,Onehot -> [ GM => ORI ] -> Onehot
Test,0.5350130887573068,0.0013012886047363281,0,0,silkworm,13.91812252998352,0.00393986701965332,AmazonEmployeeAccess,GaussianNB,70,onehot,onehot,Onehot -> [ GM => Original ] -> Onehot,GM,N/A,original,original,False,centroid,Onehot -> [ GM => ORI ] -> Onehot
Train,0.6071428571428571,0.0010328292846679688,0,0,silkworm,14.185332536697388,0.0007534027099609375,AmazonEmployeeAccess,GaussianNB,70,onehot,onehot,Onehot -> [ GM => Original ] -> Onehot,GM,N/A,original,original,False,centroid,Onehot -> [ GM => ORI ] -> Onehot
Train - Original,0.5114693387153426,0.0010328292846679688,0,0,silkworm,14.185332536697388,0.02135491371154785,AmazonEmployeeAccess,GaussianNB,70,onehot,onehot,Onehot -> [ GM => Original ] -> Onehot,GM,N/A,original,original,False,centroid,Onehot -> [ GM => ORI ] -> Onehot
Val,0.5187807366765916,0.0010328292846679688,0,0,silkworm,14.185332536697388,0.004607439041137695,AmazonEmployeeAccess,GaussianNB,70,onehot,onehot,Onehot -> [ GM => Original ] -> Onehot,GM,N/A,original,original,False,centroid,Onehot -> [ GM => ORI ] -> Onehot
Test,0.5059083142968629,0.0010328292846679688,0,0,silkworm,14.185332536697388,0.003915548324584961,AmazonEmployeeAccess,GaussianNB,70,onehot,onehot,Onehot -> [ GM => Original ] -> Onehot,GM,N/A,original,original,False,centroid,Onehot -> [ GM => ORI ] -> Onehot
Train,0.6642857142857143,0.000919342041015625,0,0,silkworm,14.584245681762695,0.0006883144378662109,AmazonEmployeeAccess,GaussianNB,70,onehot,onehot,Onehot -> [ GM => Original ] -> Onehot,GM,N/A,original,original,False,centroid,Onehot -> [ GM => ORI ] -> Onehot
Train - Original,0.5471232221807173,0.000919342041015625,0,0,silkworm,14.584245681762695,0.04380917549133301,AmazonEmployeeAccess,GaussianNB,70,onehot,onehot,Onehot -> [ GM => Original ] -> Onehot,GM,N/A,original,original,False,centroid,Onehot -> [ GM => ORI ] -> Onehot
Val,0.5488247450585613,0.000919342041015625,0,0,silkworm,14.584245681762695,0.004840373992919922,AmazonEmployeeAccess,GaussianNB,70,onehot,onehot,Onehot -> [ GM => Original ] -> Onehot,GM,N/A,original,original,False,centroid,Onehot -> [ GM => ORI ] -> Onehot
Test,0.5509112881534435,0.000919342041015625,0,0,silkworm,14.584245681762695,0.003950834274291992,AmazonEmployeeAccess,GaussianNB,70,onehot,onehot,Onehot -> [ GM => Original ] -> Onehot,GM,N/A,original,original,False,centroid,Onehot -> [ GM => ORI ] -> Onehot
Train,0.6928571428571428,0.0009582042694091797,0,0,silkworm,14.327716827392578,0.0007288455963134766,AmazonEmployeeAccess,GaussianNB,70,onehot,onehot,Onehot -> [ GM => Original ] -> Onehot,GM,N/A,original,original,False,centroid,Onehot -> [ GM => ORI ] -> Onehot
Train - Original,0.5337707609707688,0.0009582042694091797,0,0,silkworm,14.327716827392578,0.021622419357299805,AmazonEmployeeAccess,GaussianNB,70,onehot,onehot,Onehot -> [ GM => Original ] -> Onehot,GM,N/A,original,original,False,centroid,Onehot -> [ GM => ORI ] -> Onehot
Val,0.5420801639897689,0.0009582042694091797,0,0,silkworm,14.327716827392578,0.004552364349365234,AmazonEmployeeAccess,GaussianNB,70,onehot,onehot,Onehot -> [ GM => Original ] -> Onehot,GM,N/A,original,original,False,centroid,Onehot -> [ GM => ORI ] -> Onehot
Test,0.543271696840893,0.0009582042694091797,0,0,silkworm,14.327716827392578,0.0040132999420166016,AmazonEmployeeAccess,GaussianNB,70,onehot,onehot,Onehot -> [ GM => Original ] -> Onehot,GM,N/A,original,original,False,centroid,Onehot -> [ GM => ORI ] -> Onehot
Train,0.6214285714285714,0.0008950233459472656,0,0,silkworm,13.897554159164429,0.0006814002990722656,AmazonEmployeeAccess,GaussianNB,70,onehot,onehot,Onehot -> [ GM => Original ] -> Onehot,GM,N/A,original,original,False,centroid,Onehot -> [ GM => ORI ] -> Onehot
Train - Original,0.5191078636619593,0.0008950233459472656,0,0,silkworm,13.897554159164429,0.020058393478393555,AmazonEmployeeAccess,GaussianNB,70,onehot,onehot,Onehot -> [ GM => Original ] -> Onehot,GM,N/A,original,original,False,centroid,Onehot -> [ GM => ORI ] -> Onehot
Val,0.5186841737099339,0.0008950233459472656,0,0,silkworm,13.897554159164429,0.004602193832397461,AmazonEmployeeAccess,GaussianNB,70,onehot,onehot,Onehot -> [ GM => Original ] -> Onehot,GM,N/A,original,original,False,centroid,Onehot -> [ GM => ORI ] -> Onehot
Test,0.5375482541378278,0.0008950233459472656,0,0,silkworm,13.897554159164429,0.003940582275390625,AmazonEmployeeAccess,GaussianNB,70,onehot,onehot,Onehot -> [ GM => Original ] -> Onehot,GM,N/A,original,original,False,centroid,Onehot -> [ GM => ORI ] -> Onehot
Train,0.7857142857142857,0.001157999038696289,0,0,silkworm,13.979340076446533,0.0007905960083007812,AmazonEmployeeAccess,GaussianNB,70,onehot,onehot,Onehot -> [ MLP-MultiHead-Encoded => GM => Decoded ] -> Onehot,GM,MLP-MultiHead,encoded,decoded,False,centroid,Onehot -> [ [FFN-SFT]-ENC => GM => DEC ] -> Onehot
Train - Original,0.5262403965700841,0.001157999038696289,0,0,silkworm,13.979340076446533,0.021080493927001953,AmazonEmployeeAccess,GaussianNB,70,onehot,onehot,Onehot -> [ MLP-MultiHead-Encoded => GM => Decoded ] -> Onehot,GM,MLP-MultiHead,encoded,decoded,False,centroid,Onehot -> [ [FFN-SFT]-ENC => GM => DEC ] -> Onehot
Val,0.5441748960617516,0.001157999038696289,0,0,silkworm,13.979340076446533,0.004551887512207031,AmazonEmployeeAccess,GaussianNB,70,onehot,onehot,Onehot -> [ MLP-MultiHead-Encoded => GM => Decoded ] -> Onehot,GM,MLP-MultiHead,encoded,decoded,False,centroid,Onehot -> [ [FFN-SFT]-ENC => GM => DEC ] -> Onehot
Test,0.536266275708706,0.001157999038696289,0,0,silkworm,13.979340076446533,0.004227638244628906,AmazonEmployeeAccess,GaussianNB,70,onehot,onehot,Onehot -> [ MLP-MultiHead-Encoded => GM => Decoded ] -> Onehot,GM,MLP-MultiHead,encoded,decoded,False,centroid,Onehot -> [ [FFN-SFT]-ENC => GM => DEC ] -> Onehot
Train,0.7142857142857143,0.0017266273498535156,0,0,silkworm,14.564992666244507,0.0007143020629882812,AmazonEmployeeAccess,GaussianNB,70,onehot,onehot,Onehot -> [ MLP-MultiHead-Encoded => GM => Decoded-Binary ] -> Onehot,GM,MLP-MultiHead,encoded,decoded,True,centroid,Onehot -> [ [FFN-SFT]-ENC => GM => DEC-BIN ] -> Onehot
Train - Original,0.5237208551931001,0.0017266273498535156,0,0,silkworm,14.564992666244507,0.04660463333129883,AmazonEmployeeAccess,GaussianNB,70,onehot,onehot,Onehot -> [ MLP-MultiHead-Encoded => GM => Decoded-Binary ] -> Onehot,GM,MLP-MultiHead,encoded,decoded,True,centroid,Onehot -> [ [FFN-SFT]-ENC => GM => DEC-BIN ] -> Onehot
Val,0.5014461634849042,0.0017266273498535156,0,0,silkworm,14.564992666244507,0.004691362380981445,AmazonEmployeeAccess,GaussianNB,70,onehot,onehot,Onehot -> [ MLP-MultiHead-Encoded => GM => Decoded-Binary ] -> Onehot,GM,MLP-MultiHead,encoded,decoded,True,centroid,Onehot -> [ [FFN-SFT]-ENC => GM => DEC-BIN ] -> Onehot
Test,0.5373073149295178,0.0017266273498535156,0,0,silkworm,14.564992666244507,0.00394892692565918,AmazonEmployeeAccess,GaussianNB,70,onehot,onehot,Onehot -> [ MLP-MultiHead-Encoded => GM => Decoded-Binary ] -> Onehot,GM,MLP-MultiHead,encoded,decoded,True,centroid,Onehot -> [ [FFN-SFT]-ENC => GM => DEC-BIN ] -> Onehot
Train,0.7642857142857142,0.0008323192596435547,0,0,silkworm,14.709483861923218,0.0006456375122070312,AmazonEmployeeAccess,GaussianNB,70,onehot,onehot,Onehot -> [ MLP-MultiHead-Encoded => GM => Encoded ] -> Onehot,GM,MLP-MultiHead,encoded,encoded,False,centroid,Onehot -> [ [FFN-SFT]-ENC => GM => ENC ] -> Onehot
Train - Original,0.5232254213522298,0.0008323192596435547,0,0,silkworm,14.709483861923218,0.005917549133300781,AmazonEmployeeAccess,GaussianNB,70,onehot,onehot,Onehot -> [ MLP-MultiHead-Encoded => GM => Encoded ] -> Onehot,GM,MLP-MultiHead,encoded,encoded,False,centroid,Onehot -> [ [FFN-SFT]-ENC => GM => ENC ] -> Onehot
Val,0.5196710928494743,0.0008323192596435547,0,0,silkworm,14.709483861923218,0.0016341209411621094,AmazonEmployeeAccess,GaussianNB,70,onehot,onehot,Onehot -> [ MLP-MultiHead-Encoded => GM => Encoded ] -> Onehot,GM,MLP-MultiHead,encoded,encoded,False,centroid,Onehot -> [ [FFN-SFT]-ENC => GM => ENC ] -> Onehot
Test,0.5229293813241807,0.0008323192596435547,0,0,silkworm,14.709483861923218,0.0017316341400146484,AmazonEmployeeAccess,GaussianNB,70,onehot,onehot,Onehot -> [ MLP-MultiHead-Encoded => GM => Encoded ] -> Onehot,GM,MLP-MultiHead,encoded,encoded,False,centroid,Onehot -> [ [FFN-SFT]-ENC => GM => ENC ] -> Onehot
Train,0.7428571428571429,0.001210927963256836,0,0,silkworm,14.833025932312012,0.012552738189697266,AmazonEmployeeAccess,GaussianNB,70,onehot,onehot,Onehot -> [ MLP-MultiHead-Encoded => GM => Decoded ] -> Onehot,GM,MLP-MultiHead,encoded,decoded,False,centroid,Onehot -> [ [FFN-SFT]-ENC => GM => DEC ] -> Onehot
Train - Original,0.537966651427552,0.001210927963256836,0,0,silkworm,14.833025932312012,0.0618433952331543,AmazonEmployeeAccess,GaussianNB,70,onehot,onehot,Onehot -> [ MLP-MultiHead-Encoded => GM => Decoded ] -> Onehot,GM,MLP-MultiHead,encoded,decoded,False,centroid,Onehot -> [ [FFN-SFT]-ENC => GM => DEC ] -> Onehot
Val,0.5433928880994887,0.001210927963256836,0,0,silkworm,14.833025932312012,0.021829843521118164,AmazonEmployeeAccess,GaussianNB,70,onehot,onehot,Onehot -> [ MLP-MultiHead-Encoded => GM => Decoded ] -> Onehot,GM,MLP-MultiHead,encoded,decoded,False,centroid,Onehot -> [ [FFN-SFT]-ENC => GM => DEC ] -> Onehot
Test,0.5280334284209769,0.001210927963256836,0,0,silkworm,14.833025932312012,0.01200103759765625,AmazonEmployeeAccess,GaussianNB,70,onehot,onehot,Onehot -> [ MLP-MultiHead-Encoded => GM => Decoded ] -> Onehot,GM,MLP-MultiHead,encoded,decoded,False,centroid,Onehot -> [ [FFN-SFT]-ENC => GM => DEC ] -> Onehot
Train,0.6071428571428571,0.0013041496276855469,0,0,silkworm,14.322787046432495,0.0009129047393798828,AmazonEmployeeAccess,GaussianNB,70,onehot,onehot,Onehot -> [ MLP-MultiHead-Encoded => GM => Decoded-Binary ] -> Onehot,GM,MLP-MultiHead,encoded,decoded,True,centroid,Onehot -> [ [FFN-SFT]-ENC => GM => DEC-BIN ] -> Onehot
Train - Original,0.5115618884608308,0.0013041496276855469,0,0,silkworm,14.322787046432495,0.020534753799438477,AmazonEmployeeAccess,GaussianNB,70,onehot,onehot,Onehot -> [ MLP-MultiHead-Encoded => GM => Decoded-Binary ] -> Onehot,GM,MLP-MultiHead,encoded,decoded,True,centroid,Onehot -> [ [FFN-SFT]-ENC => GM => DEC-BIN ] -> Onehot
Val,0.5187807366765916,0.0013041496276855469,0,0,silkworm,14.322787046432495,0.00449681282043457,AmazonEmployeeAccess,GaussianNB,70,onehot,onehot,Onehot -> [ MLP-MultiHead-Encoded => GM => Decoded-Binary ] -> Onehot,GM,MLP-MultiHead,encoded,decoded,True,centroid,Onehot -> [ [FFN-SFT]-ENC => GM => DEC-BIN ] -> Onehot
Test,0.5059083142968629,0.0013041496276855469,0,0,silkworm,14.322787046432495,0.003926277160644531,AmazonEmployeeAccess,GaussianNB,70,onehot,onehot,Onehot -> [ MLP-MultiHead-Encoded => GM => Decoded-Binary ] -> Onehot,GM,MLP-MultiHead,encoded,decoded,True,centroid,Onehot -> [ [FFN-SFT]-ENC => GM => DEC-BIN ] -> Onehot
Train,0.6499999999999999,0.0009932518005371094,0,0,silkworm,15.200586080551147,0.0006682872772216797,AmazonEmployeeAccess,GaussianNB,70,onehot,onehot,Onehot -> [ MLP-MultiHead-Encoded => GM => Encoded ] -> Onehot,GM,MLP-MultiHead,encoded,encoded,False,centroid,Onehot -> [ [FFN-SFT]-ENC => GM => ENC ] -> Onehot
Train - Original,0.5298273264274125,0.0009932518005371094,0,0,silkworm,15.200586080551147,0.006168842315673828,AmazonEmployeeAccess,GaussianNB,70,onehot,onehot,Onehot -> [ MLP-MultiHead-Encoded => GM => Encoded ] -> Onehot,GM,MLP-MultiHead,encoded,encoded,False,centroid,Onehot -> [ [FFN-SFT]-ENC => GM => ENC ] -> Onehot
Val,0.5240890386586415,0.0009932518005371094,0,0,silkworm,15.200586080551147,0.0017769336700439453,AmazonEmployeeAccess,GaussianNB,70,onehot,onehot,Onehot -> [ MLP-MultiHead-Encoded => GM => Encoded ] -> Onehot,GM,MLP-MultiHead,encoded,encoded,False,centroid,Onehot -> [ [FFN-SFT]-ENC => GM => ENC ] -> Onehot
Test,0.5405543117132066,0.0009932518005371094,0,0,silkworm,15.200586080551147,0.0015931129455566406,AmazonEmployeeAccess,GaussianNB,70,onehot,onehot,Onehot -> [ MLP-MultiHead-Encoded => GM => Encoded ] -> Onehot,GM,MLP-MultiHead,encoded,encoded,False,centroid,Onehot -> [ [FFN-SFT]-ENC => GM => ENC ] -> Onehot
Train,0.7714285714285714,0.0010235309600830078,0,0,silkworm,16.67339253425598,0.0007321834564208984,AmazonEmployeeAccess,GaussianNB,70,onehot,onehot,Onehot -> [ MLP-MultiHead-Encoded => GM => Decoded ] -> Onehot,GM,MLP-MultiHead,encoded,decoded,False,centroid,Onehot -> [ [FFN-SFT]-ENC => GM => DEC ] -> Onehot
Train - Original,0.5251118890183595,0.0010235309600830078,0,0,silkworm,16.67339253425598,0.022513866424560547,AmazonEmployeeAccess,GaussianNB,70,onehot,onehot,Onehot -> [ MLP-MultiHead-Encoded => GM => Decoded ] -> Onehot,GM,MLP-MultiHead,encoded,decoded,False,centroid,Onehot -> [ [FFN-SFT]-ENC => GM => DEC ] -> Onehot
Val,0.5426066982764651,0.0010235309600830078,0,0,silkworm,16.67339253425598,0.004391908645629883,AmazonEmployeeAccess,GaussianNB,70,onehot,onehot,Onehot -> [ MLP-MultiHead-Encoded => GM => Decoded ] -> Onehot,GM,MLP-MultiHead,encoded,decoded,False,centroid,Onehot -> [ [FFN-SFT]-ENC => GM => DEC ] -> Onehot
Test,0.5395655517545754,0.0010235309600830078,0,0,silkworm,16.67339253425598,0.003933429718017578,AmazonEmployeeAccess,GaussianNB,70,onehot,onehot,Onehot -> [ MLP-MultiHead-Encoded => GM => Decoded ] -> Onehot,GM,MLP-MultiHead,encoded,decoded,False,centroid,Onehot -> [ [FFN-SFT]-ENC => GM => DEC ] -> Onehot
Train,0.6642857142857143,0.0010247230529785156,0,0,silkworm,17.578373432159424,0.0007405281066894531,AmazonEmployeeAccess,GaussianNB,70,onehot,onehot,Onehot -> [ MLP-MultiHead-Encoded => GM => Decoded-Binary ] -> Onehot,GM,MLP-MultiHead,encoded,decoded,True,centroid,Onehot -> [ [FFN-SFT]-ENC => GM => DEC-BIN ] -> Onehot
Train - Original,0.5371110192737633,0.0010247230529785156,0,0,silkworm,17.578373432159424,0.052281856536865234,AmazonEmployeeAccess,GaussianNB,70,onehot,onehot,Onehot -> [ MLP-MultiHead-Encoded => GM => Decoded-Binary ] -> Onehot,GM,MLP-MultiHead,encoded,decoded,True,centroid,Onehot -> [ [FFN-SFT]-ENC => GM => DEC-BIN ] -> Onehot
Val,0.5472295552629097,0.0010247230529785156,0,0,silkworm,17.578373432159424,0.004739046096801758,AmazonEmployeeAccess,GaussianNB,70,onehot,onehot,Onehot -> [ MLP-MultiHead-Encoded => GM => Decoded-Binary ] -> Onehot,GM,MLP-MultiHead,encoded,decoded,True,centroid,Onehot -> [ [FFN-SFT]-ENC => GM => DEC-BIN ] -> Onehot
Test,0.5455935779851269,0.0010247230529785156,0,0,silkworm,17.578373432159424,0.009813308715820312,AmazonEmployeeAccess,GaussianNB,70,onehot,onehot,Onehot -> [ MLP-MultiHead-Encoded => GM => Decoded-Binary ] -> Onehot,GM,MLP-MultiHead,encoded,decoded,True,centroid,Onehot -> [ [FFN-SFT]-ENC => GM => DEC-BIN ] -> Onehot
Train,0.7214285714285714,0.0009012222290039062,0,0,silkworm,16.095993280410767,0.0006701946258544922,AmazonEmployeeAccess,GaussianNB,70,onehot,onehot,Onehot -> [ MLP-MultiHead-Encoded => GM => Encoded ] -> Onehot,GM,MLP-MultiHead,encoded,encoded,False,centroid,Onehot -> [ [FFN-SFT]-ENC => GM => ENC ] -> Onehot
Train - Original,0.5436574851000485,0.0009012222290039062,0,0,silkworm,16.095993280410767,0.011694669723510742,AmazonEmployeeAccess,GaussianNB,70,onehot,onehot,Onehot -> [ MLP-MultiHead-Encoded => GM => Encoded ] -> Onehot,GM,MLP-MultiHead,encoded,encoded,False,centroid,Onehot -> [ [FFN-SFT]-ENC => GM => ENC ] -> Onehot
Val,0.5326633738948483,0.0009012222290039062,0,0,silkworm,16.095993280410767,0.0016765594482421875,AmazonEmployeeAccess,GaussianNB,70,onehot,onehot,Onehot -> [ MLP-MultiHead-Encoded => GM => Encoded ] -> Onehot,GM,MLP-MultiHead,encoded,encoded,False,centroid,Onehot -> [ [FFN-SFT]-ENC => GM => ENC ] -> Onehot
Test,0.5419552444055507,0.0009012222290039062,0,0,silkworm,16.095993280410767,0.0073053836822509766,AmazonEmployeeAccess,GaussianNB,70,onehot,onehot,Onehot -> [ MLP-MultiHead-Encoded => GM => Encoded ] -> Onehot,GM,MLP-MultiHead,encoded,encoded,False,centroid,Onehot -> [ [FFN-SFT]-ENC => GM => ENC ] -> Onehot
Train,0.7642857142857142,0.023514509201049805,0,0,silkworm,14.99673581123352,0.0008962154388427734,AmazonEmployeeAccess,GaussianNB,70,onehot,onehot,Onehot -> [ MLP-MultiHead-Encoded => GM => Decoded ] -> Onehot,GM,MLP-MultiHead,encoded,decoded,False,centroid,Onehot -> [ [FFN-SFT]-ENC => GM => DEC ] -> Onehot
Train - Original,0.5240023722841388,0.023514509201049805,0,0,silkworm,14.99673581123352,0.06852531433105469,AmazonEmployeeAccess,GaussianNB,70,onehot,onehot,Onehot -> [ MLP-MultiHead-Encoded => GM => Decoded ] -> Onehot,GM,MLP-MultiHead,encoded,decoded,False,centroid,Onehot -> [ [FFN-SFT]-ENC => GM => DEC ] -> Onehot
Val,0.5346824523039773,0.023514509201049805,0,0,silkworm,14.99673581123352,0.011009931564331055,AmazonEmployeeAccess,GaussianNB,70,onehot,onehot,Onehot -> [ MLP-MultiHead-Encoded => GM => Decoded ] -> Onehot,GM,MLP-MultiHead,encoded,decoded,False,centroid,Onehot -> [ [FFN-SFT]-ENC => GM => DEC ] -> Onehot
Test,0.5277909738717339,0.023514509201049805,0,0,silkworm,14.99673581123352,0.009712696075439453,AmazonEmployeeAccess,GaussianNB,70,onehot,onehot,Onehot -> [ MLP-MultiHead-Encoded => GM => Decoded ] -> Onehot,GM,MLP-MultiHead,encoded,decoded,False,centroid,Onehot -> [ [FFN-SFT]-ENC => GM => DEC ] -> Onehot
Train,0.6928571428571428,0.0010759830474853516,0,0,silkworm,15.116512298583984,0.0007143020629882812,AmazonEmployeeAccess,GaussianNB,70,onehot,onehot,Onehot -> [ MLP-MultiHead-Encoded => GM => Decoded-Binary ] -> Onehot,GM,MLP-MultiHead,encoded,decoded,True,centroid,Onehot -> [ [FFN-SFT]-ENC => GM => DEC-BIN ] -> Onehot
Train - Original,0.5310699879573825,0.0010759830474853516,0,0,silkworm,15.116512298583984,0.03947186470031738,AmazonEmployeeAccess,GaussianNB,70,onehot,onehot,Onehot -> [ MLP-MultiHead-Encoded => GM => Decoded-Binary ] -> Onehot,GM,MLP-MultiHead,encoded,decoded,True,centroid,Onehot -> [ [FFN-SFT]-ENC => GM => DEC-BIN ] -> Onehot
Val,0.5390901335458225,0.0010759830474853516,0,0,silkworm,15.116512298583984,0.010463953018188477,AmazonEmployeeAccess,GaussianNB,70,onehot,onehot,Onehot -> [ MLP-MultiHead-Encoded => GM => Decoded-Binary ] -> Onehot,GM,MLP-MultiHead,encoded,decoded,True,centroid,Onehot -> [ [FFN-SFT]-ENC => GM => DEC-BIN ] -> Onehot
Test,0.5440812677342244,0.0010759830474853516,0,0,silkworm,15.116512298583984,0.009590625762939453,AmazonEmployeeAccess,GaussianNB,70,onehot,onehot,Onehot -> [ MLP-MultiHead-Encoded => GM => Decoded-Binary ] -> Onehot,GM,MLP-MultiHead,encoded,decoded,True,centroid,Onehot -> [ [FFN-SFT]-ENC => GM => DEC-BIN ] -> Onehot
Train,0.7142857142857143,0.001313924789428711,0,0,silkworm,16.71164321899414,0.0008802413940429688,AmazonEmployeeAccess,GaussianNB,70,onehot,onehot,Onehot -> [ MLP-MultiHead-Encoded => GM => Encoded ] -> Onehot,GM,MLP-MultiHead,encoded,encoded,False,centroid,Onehot -> [ [FFN-SFT]-ENC => GM => ENC ] -> Onehot
Train - Original,0.5284501959712984,0.001313924789428711,0,0,silkworm,16.71164321899414,0.0067958831787109375,AmazonEmployeeAccess,GaussianNB,70,onehot,onehot,Onehot -> [ MLP-MultiHead-Encoded => GM => Encoded ] -> Onehot,GM,MLP-MultiHead,encoded,encoded,False,centroid,Onehot -> [ [FFN-SFT]-ENC => GM => ENC ] -> Onehot
Val,0.5455815219540087,0.001313924789428711,0,0,silkworm,16.71164321899414,0.001798868179321289,AmazonEmployeeAccess,GaussianNB,70,onehot,onehot,Onehot -> [ MLP-MultiHead-Encoded => GM => Encoded ] -> Onehot,GM,MLP-MultiHead,encoded,encoded,False,centroid,Onehot -> [ [FFN-SFT]-ENC => GM => ENC ] -> Onehot
Test,0.5352915326537029,0.001313924789428711,0,0,silkworm,16.71164321899414,0.0016009807586669922,AmazonEmployeeAccess,GaussianNB,70,onehot,onehot,Onehot -> [ MLP-MultiHead-Encoded => GM => Encoded ] -> Onehot,GM,MLP-MultiHead,encoded,encoded,False,centroid,Onehot -> [ [FFN-SFT]-ENC => GM => ENC ] -> Onehot
Train,0.75,0.0010449886322021484,0,0,silkworm,13.478053331375122,0.01384592056274414,AmazonEmployeeAccess,GaussianNB,70,onehot,onehot,Onehot -> [ MLP-MultiHead-Encoded => GM => Decoded ] -> Onehot,GM,MLP-MultiHead,encoded,decoded,False,centroid,Onehot -> [ [FFN-SFT]-ENC => GM => DEC ] -> Onehot
Train - Original,0.5369953669374397,0.0010449886322021484,0,0,silkworm,13.478053331375122,0.043524742126464844,AmazonEmployeeAccess,GaussianNB,70,onehot,onehot,Onehot -> [ MLP-MultiHead-Encoded => GM => Decoded ] -> Onehot,GM,MLP-MultiHead,encoded,decoded,False,centroid,Onehot -> [ [FFN-SFT]-ENC => GM => DEC ] -> Onehot
Val,0.5405826776682553,0.0010449886322021484,0,0,silkworm,13.478053331375122,0.004701852798461914,AmazonEmployeeAccess,GaussianNB,70,onehot,onehot,Onehot -> [ MLP-MultiHead-Encoded => GM => Decoded ] -> Onehot,GM,MLP-MultiHead,encoded,decoded,False,centroid,Onehot -> [ [FFN-SFT]-ENC => GM => DEC ] -> Onehot
Test,0.5493592002030557,0.0010449886322021484,0,0,silkworm,13.478053331375122,0.009685277938842773,AmazonEmployeeAccess,GaussianNB,70,onehot,onehot,Onehot -> [ MLP-MultiHead-Encoded => GM => Decoded ] -> Onehot,GM,MLP-MultiHead,encoded,decoded,False,centroid,Onehot -> [ [FFN-SFT]-ENC => GM => DEC ] -> Onehot
Train,0.6142857142857143,0.0010504722595214844,0,0,silkworm,14.72782588005066,0.0007431507110595703,AmazonEmployeeAccess,GaussianNB,70,onehot,onehot,Onehot -> [ MLP-MultiHead-Encoded => GM => Decoded-Binary ] -> Onehot,GM,MLP-MultiHead,encoded,decoded,True,centroid,Onehot -> [ [FFN-SFT]-ENC => GM => DEC-BIN ] -> Onehot
Train - Original,0.5191709340833951,0.0010504722595214844,0,0,silkworm,14.72782588005066,0.03442502021789551,AmazonEmployeeAccess,GaussianNB,70,onehot,onehot,Onehot -> [ MLP-MultiHead-Encoded => GM => Decoded-Binary ] -> Onehot,GM,MLP-MultiHead,encoded,decoded,True,centroid,Onehot -> [ [FFN-SFT]-ENC => GM => DEC-BIN ] -> Onehot
Val,0.5188582911852457,0.0010504722595214844,0,0,silkworm,14.72782588005066,0.004491329193115234,AmazonEmployeeAccess,GaussianNB,70,onehot,onehot,Onehot -> [ MLP-MultiHead-Encoded => GM => Decoded-Binary ] -> Onehot,GM,MLP-MultiHead,encoded,decoded,True,centroid,Onehot -> [ [FFN-SFT]-ENC => GM => DEC-BIN ] -> Onehot
Test,0.5413267567536851,0.0010504722595214844,0,0,silkworm,14.72782588005066,0.00399017333984375,AmazonEmployeeAccess,GaussianNB,70,onehot,onehot,Onehot -> [ MLP-MultiHead-Encoded => GM => Decoded-Binary ] -> Onehot,GM,MLP-MultiHead,encoded,decoded,True,centroid,Onehot -> [ [FFN-SFT]-ENC => GM => DEC-BIN ] -> Onehot
Train,0.6142857142857143,0.00106048583984375,0,0,silkworm,15.45408034324646,0.0007412433624267578,AmazonEmployeeAccess,GaussianNB,70,onehot,onehot,Onehot -> [ MLP-MultiHead-Encoded => GM => Encoded ] -> Onehot,GM,MLP-MultiHead,encoded,encoded,False,centroid,Onehot -> [ [FFN-SFT]-ENC => GM => ENC ] -> Onehot
Train - Original,0.5108892302202795,0.00106048583984375,0,0,silkworm,15.45408034324646,0.006134033203125,AmazonEmployeeAccess,GaussianNB,70,onehot,onehot,Onehot -> [ MLP-MultiHead-Encoded => GM => Encoded ] -> Onehot,GM,MLP-MultiHead,encoded,encoded,False,centroid,Onehot -> [ [FFN-SFT]-ENC => GM => ENC ] -> Onehot
Val,0.5142920794036514,0.00106048583984375,0,0,silkworm,15.45408034324646,0.0016748905181884766,AmazonEmployeeAccess,GaussianNB,70,onehot,onehot,Onehot -> [ MLP-MultiHead-Encoded => GM => Encoded ] -> Onehot,GM,MLP-MultiHead,encoded,encoded,False,centroid,Onehot -> [ [FFN-SFT]-ENC => GM => ENC ] -> Onehot
Test,0.5235518076123152,0.00106048583984375,0,0,silkworm,15.45408034324646,0.007275819778442383,AmazonEmployeeAccess,GaussianNB,70,onehot,onehot,Onehot -> [ MLP-MultiHead-Encoded => GM => Encoded ] -> Onehot,GM,MLP-MultiHead,encoded,encoded,False,centroid,Onehot -> [ [FFN-SFT]-ENC => GM => ENC ] -> Onehot
Train,0.6875,0.0011837482452392578,0,0,silkworm,13.288150310516357,0.0008311271667480469,AmazonEmployeeAccess,GaussianNB,80,onehot,onehot,Onehot -> [ GM => Original ] -> Onehot,GM,N/A,original,original,False,centroid,Onehot -> [ GM => ORI ] -> Onehot
Train - Original,0.5243749059170509,0.0011837482452392578,0,0,silkworm,13.288150310516357,0.034760475158691406,AmazonEmployeeAccess,GaussianNB,80,onehot,onehot,Onehot -> [ GM => Original ] -> Onehot,GM,N/A,original,original,False,centroid,Onehot -> [ GM => ORI ] -> Onehot
Val,0.5079641637342952,0.0011837482452392578,0,0,silkworm,13.288150310516357,0.010202884674072266,AmazonEmployeeAccess,GaussianNB,80,onehot,onehot,Onehot -> [ GM => Original ] -> Onehot,GM,N/A,original,original,False,centroid,Onehot -> [ GM => ORI ] -> Onehot
Test,0.5340675160152595,0.0011837482452392578,0,0,silkworm,13.288150310516357,0.008359909057617188,AmazonEmployeeAccess,GaussianNB,80,onehot,onehot,Onehot -> [ GM => Original ] -> Onehot,GM,N/A,original,original,False,centroid,Onehot -> [ GM => ORI ] -> Onehot
Train,0.70625,0.0009920597076416016,0,0,silkworm,14.169338941574097,0.0007686614990234375,AmazonEmployeeAccess,GaussianNB,80,onehot,onehot,Onehot -> [ GM => Original ] -> Onehot,GM,N/A,original,original,False,centroid,Onehot -> [ GM => ORI ] -> Onehot
Train - Original,0.5418689333920597,0.0009920597076416016,0,0,silkworm,14.169338941574097,0.020501375198364258,AmazonEmployeeAccess,GaussianNB,80,onehot,onehot,Onehot -> [ GM => Original ] -> Onehot,GM,N/A,original,original,False,centroid,Onehot -> [ GM => ORI ] -> Onehot
Val,0.5476161872987004,0.0009920597076416016,0,0,silkworm,14.169338941574097,0.0046770572662353516,AmazonEmployeeAccess,GaussianNB,80,onehot,onehot,Onehot -> [ GM => Original ] -> Onehot,GM,N/A,original,original,False,centroid,Onehot -> [ GM => ORI ] -> Onehot
Test,0.5573211802990525,0.0009920597076416016,0,0,silkworm,14.169338941574097,0.003905057907104492,AmazonEmployeeAccess,GaussianNB,80,onehot,onehot,Onehot -> [ GM => Original ] -> Onehot,GM,N/A,original,original,False,centroid,Onehot -> [ GM => ORI ] -> Onehot
Train,0.65625,0.0010356903076171875,0,0,silkworm,14.85313630104065,0.0007936954498291016,AmazonEmployeeAccess,GaussianNB,80,onehot,onehot,Onehot -> [ GM => Original ] -> Onehot,GM,N/A,original,original,False,centroid,Onehot -> [ GM => ORI ] -> Onehot
Train - Original,0.5475291378377927,0.0010356903076171875,0,0,silkworm,14.85313630104065,0.0666353702545166,AmazonEmployeeAccess,GaussianNB,80,onehot,onehot,Onehot -> [ GM => Original ] -> Onehot,GM,N/A,original,original,False,centroid,Onehot -> [ GM => ORI ] -> Onehot
Val,0.5498956815824769,0.0010356903076171875,0,0,silkworm,14.85313630104065,0.00426173210144043,AmazonEmployeeAccess,GaussianNB,80,onehot,onehot,Onehot -> [ GM => Original ] -> Onehot,GM,N/A,original,original,False,centroid,Onehot -> [ GM => ORI ] -> Onehot
Test,0.5572268503259877,0.0010356903076171875,0,0,silkworm,14.85313630104065,0.00962519645690918,AmazonEmployeeAccess,GaussianNB,80,onehot,onehot,Onehot -> [ GM => Original ] -> Onehot,GM,N/A,original,original,False,centroid,Onehot -> [ GM => ORI ] -> Onehot
Train,0.675,0.0009336471557617188,0,0,silkworm,15.258687257766724,0.0007245540618896484,AmazonEmployeeAccess,GaussianNB,80,onehot,onehot,Onehot -> [ GM => Original ] -> Onehot,GM,N/A,original,original,False,centroid,Onehot -> [ GM => ORI ] -> Onehot
Train - Original,0.538095231457993,0.0009336471557617188,0,0,silkworm,15.258687257766724,0.029114961624145508,AmazonEmployeeAccess,GaussianNB,80,onehot,onehot,Onehot -> [ GM => Original ] -> Onehot,GM,N/A,original,original,False,centroid,Onehot -> [ GM => ORI ] -> Onehot
Val,0.547701345190556,0.0009336471557617188,0,0,silkworm,15.258687257766724,0.04968142509460449,AmazonEmployeeAccess,GaussianNB,80,onehot,onehot,Onehot -> [ GM => Original ] -> Onehot,GM,N/A,original,original,False,centroid,Onehot -> [ GM => ORI ] -> Onehot
Test,0.5446476264078465,0.0009336471557617188,0,0,silkworm,15.258687257766724,0.0040531158447265625,AmazonEmployeeAccess,GaussianNB,80,onehot,onehot,Onehot -> [ GM => Original ] -> Onehot,GM,N/A,original,original,False,centroid,Onehot -> [ GM => ORI ] -> Onehot
Train,0.6125,0.0032854080200195312,0,0,silkworm,14.812931776046753,0.0007903575897216797,AmazonEmployeeAccess,GaussianNB,80,onehot,onehot,Onehot -> [ GM => Original ] -> Onehot,GM,N/A,original,original,False,centroid,Onehot -> [ GM => ORI ] -> Onehot
Train - Original,0.5186850827651188,0.0032854080200195312,0,0,silkworm,14.812931776046753,0.0428919792175293,AmazonEmployeeAccess,GaussianNB,80,onehot,onehot,Onehot -> [ GM => Original ] -> Onehot,GM,N/A,original,original,False,centroid,Onehot -> [ GM => ORI ] -> Onehot
Val,0.51537898303229,0.0032854080200195312,0,0,silkworm,14.812931776046753,0.010667800903320312,AmazonEmployeeAccess,GaussianNB,80,onehot,onehot,Onehot -> [ GM => Original ] -> Onehot,GM,N/A,original,original,False,centroid,Onehot -> [ GM => ORI ] -> Onehot
Test,0.5377641902207473,0.0032854080200195312,0,0,silkworm,14.812931776046753,0.003965616226196289,AmazonEmployeeAccess,GaussianNB,80,onehot,onehot,Onehot -> [ GM => Original ] -> Onehot,GM,N/A,original,original,False,centroid,Onehot -> [ GM => ORI ] -> Onehot
Train,0.75,0.0009098052978515625,0,0,silkworm,14.819655179977417,0.0007102489471435547,AmazonEmployeeAccess,GaussianNB,80,onehot,onehot,Onehot -> [ MLP-MultiHead-Encoded => GM => Decoded ] -> Onehot,GM,MLP-MultiHead,encoded,decoded,False,centroid,Onehot -> [ [FFN-SFT]-ENC => GM => DEC ] -> Onehot
Train - Original,0.5190675822215284,0.0009098052978515625,0,0,silkworm,14.819655179977417,0.03770875930786133,AmazonEmployeeAccess,GaussianNB,80,onehot,onehot,Onehot -> [ MLP-MultiHead-Encoded => GM => Decoded ] -> Onehot,GM,MLP-MultiHead,encoded,decoded,False,centroid,Onehot -> [ [FFN-SFT]-ENC => GM => DEC ] -> Onehot
Val,0.5289582452608113,0.0009098052978515625,0,0,silkworm,14.819655179977417,0.010201692581176758,AmazonEmployeeAccess,GaussianNB,80,onehot,onehot,Onehot -> [ MLP-MultiHead-Encoded => GM => Decoded ] -> Onehot,GM,MLP-MultiHead,encoded,decoded,False,centroid,Onehot -> [ [FFN-SFT]-ENC => GM => DEC ] -> Onehot
Test,0.5234438395708555,0.0009098052978515625,0,0,silkworm,14.819655179977417,0.004181385040283203,AmazonEmployeeAccess,GaussianNB,80,onehot,onehot,Onehot -> [ MLP-MultiHead-Encoded => GM => Decoded ] -> Onehot,GM,MLP-MultiHead,encoded,decoded,False,centroid,Onehot -> [ [FFN-SFT]-ENC => GM => DEC ] -> Onehot
Train,0.6875,0.0012464523315429688,0,0,silkworm,14.590685606002808,0.0008192062377929688,AmazonEmployeeAccess,GaussianNB,80,onehot,onehot,Onehot -> [ MLP-MultiHead-Encoded => GM => Decoded-Binary ] -> Onehot,GM,MLP-MultiHead,encoded,decoded,True,centroid,Onehot -> [ [FFN-SFT]-ENC => GM => DEC-BIN ] -> Onehot
Train - Original,0.5248902365593796,0.0012464523315429688,0,0,silkworm,14.590685606002808,0.044080495834350586,AmazonEmployeeAccess,GaussianNB,80,onehot,onehot,Onehot -> [ MLP-MultiHead-Encoded => GM => Decoded-Binary ] -> Onehot,GM,MLP-MultiHead,encoded,decoded,True,centroid,Onehot -> [ [FFN-SFT]-ENC => GM => DEC-BIN ] -> Onehot
Val,0.5078561956928355,0.0012464523315429688,0,0,silkworm,14.590685606002808,0.004484891891479492,AmazonEmployeeAccess,GaussianNB,80,onehot,onehot,Onehot -> [ MLP-MultiHead-Encoded => GM => Decoded-Binary ] -> Onehot,GM,MLP-MultiHead,encoded,decoded,True,centroid,Onehot -> [ [FFN-SFT]-ENC => GM => DEC-BIN ] -> Onehot
Test,0.5362537741460107,0.0012464523315429688,0,0,silkworm,14.590685606002808,0.003950357437133789,AmazonEmployeeAccess,GaussianNB,80,onehot,onehot,Onehot -> [ MLP-MultiHead-Encoded => GM => Decoded-Binary ] -> Onehot,GM,MLP-MultiHead,encoded,decoded,True,centroid,Onehot -> [ [FFN-SFT]-ENC => GM => DEC-BIN ] -> Onehot
Train,0.75,0.0011172294616699219,0,0,silkworm,15.185814380645752,0.0008046627044677734,AmazonEmployeeAccess,GaussianNB,80,onehot,onehot,Onehot -> [ MLP-MultiHead-Encoded => GM => Encoded ] -> Onehot,GM,MLP-MultiHead,encoded,encoded,False,centroid,Onehot -> [ [FFN-SFT]-ENC => GM => ENC ] -> Onehot
Train - Original,0.5312307304182022,0.0011172294616699219,0,0,silkworm,15.185814380645752,0.006111860275268555,AmazonEmployeeAccess,GaussianNB,80,onehot,onehot,Onehot -> [ MLP-MultiHead-Encoded => GM => Encoded ] -> Onehot,GM,MLP-MultiHead,encoded,encoded,False,centroid,Onehot -> [ [FFN-SFT]-ENC => GM => ENC ] -> Onehot
Val,0.5086670965112636,0.0011172294616699219,0,0,silkworm,15.185814380645752,0.0017578601837158203,AmazonEmployeeAccess,GaussianNB,80,onehot,onehot,Onehot -> [ MLP-MultiHead-Encoded => GM => Encoded ] -> Onehot,GM,MLP-MultiHead,encoded,encoded,False,centroid,Onehot -> [ [FFN-SFT]-ENC => GM => ENC ] -> Onehot
Test,0.5222277784723091,0.0011172294616699219,0,0,silkworm,15.185814380645752,0.0015978813171386719,AmazonEmployeeAccess,GaussianNB,80,onehot,onehot,Onehot -> [ MLP-MultiHead-Encoded => GM => Encoded ] -> Onehot,GM,MLP-MultiHead,encoded,encoded,False,centroid,Onehot -> [ [FFN-SFT]-ENC => GM => ENC ] -> Onehot
Train,0.70625,0.013108968734741211,0,0,silkworm,15.470783472061157,0.001130819320678711,AmazonEmployeeAccess,GaussianNB,80,onehot,onehot,Onehot -> [ MLP-MultiHead-Encoded => GM => Decoded ] -> Onehot,GM,MLP-MultiHead,encoded,decoded,False,centroid,Onehot -> [ [FFN-SFT]-ENC => GM => DEC ] -> Onehot
Train - Original,0.5393762927694118,0.013108968734741211,0,0,silkworm,15.470783472061157,0.05822634696960449,AmazonEmployeeAccess,GaussianNB,80,onehot,onehot,Onehot -> [ MLP-MultiHead-Encoded => GM => Decoded ] -> Onehot,GM,MLP-MultiHead,encoded,decoded,False,centroid,Onehot -> [ [FFN-SFT]-ENC => GM => DEC ] -> Onehot
Val,0.529777129631601,0.013108968734741211,0,0,silkworm,15.470783472061157,0.011203527450561523,AmazonEmployeeAccess,GaussianNB,80,onehot,onehot,Onehot -> [ MLP-MultiHead-Encoded => GM => Decoded ] -> Onehot,GM,MLP-MultiHead,encoded,decoded,False,centroid,Onehot -> [ [FFN-SFT]-ENC => GM => DEC ] -> Onehot
Test,0.5248508336269306,0.013108968734741211,0,0,silkworm,15.470783472061157,0.009932994842529297,AmazonEmployeeAccess,GaussianNB,80,onehot,onehot,Onehot -> [ MLP-MultiHead-Encoded => GM => Decoded ] -> Onehot,GM,MLP-MultiHead,encoded,decoded,False,centroid,Onehot -> [ [FFN-SFT]-ENC => GM => DEC ] -> Onehot
Train,0.61875,0.003426074981689453,0,0,silkworm,15.058149814605713,0.0028295516967773438,AmazonEmployeeAccess,GaussianNB,80,onehot,onehot,Onehot -> [ MLP-MultiHead-Encoded => GM => Decoded-Binary ] -> Onehot,GM,MLP-MultiHead,encoded,decoded,True,centroid,Onehot -> [ [FFN-SFT]-ENC => GM => DEC-BIN ] -> Onehot
Train - Original,0.5148810303685821,0.003426074981689453,0,0,silkworm,15.058149814605713,0.025907039642333984,AmazonEmployeeAccess,GaussianNB,80,onehot,onehot,Onehot -> [ MLP-MultiHead-Encoded => GM => Decoded-Binary ] -> Onehot,GM,MLP-MultiHead,encoded,decoded,True,centroid,Onehot -> [ [FFN-SFT]-ENC => GM => DEC-BIN ] -> Onehot
Val,0.52517518194896,0.003426074981689453,0,0,silkworm,15.058149814605713,0.005097389221191406,AmazonEmployeeAccess,GaussianNB,80,onehot,onehot,Onehot -> [ MLP-MultiHead-Encoded => GM => Decoded-Binary ] -> Onehot,GM,MLP-MultiHead,encoded,decoded,True,centroid,Onehot -> [ [FFN-SFT]-ENC => GM => DEC-BIN ] -> Onehot
Test,0.5165425981277962,0.003426074981689453,0,0,silkworm,15.058149814605713,0.00412440299987793,AmazonEmployeeAccess,GaussianNB,80,onehot,onehot,Onehot -> [ MLP-MultiHead-Encoded => GM => Decoded-Binary ] -> Onehot,GM,MLP-MultiHead,encoded,decoded,True,centroid,Onehot -> [ [FFN-SFT]-ENC => GM => DEC-BIN ] -> Onehot
Train,0.64375,0.0009288787841796875,0,0,silkworm,13.799330711364746,0.0006804466247558594,AmazonEmployeeAccess,GaussianNB,80,onehot,onehot,Onehot -> [ MLP-MultiHead-Encoded => GM => Encoded ] -> Onehot,GM,MLP-MultiHead,encoded,encoded,False,centroid,Onehot -> [ [FFN-SFT]-ENC => GM => ENC ] -> Onehot
Train - Original,0.5448266225475711,0.0009288787841796875,0,0,silkworm,13.799330711364746,0.006016254425048828,AmazonEmployeeAccess,GaussianNB,80,onehot,onehot,Onehot -> [ MLP-MultiHead-Encoded => GM => Encoded ] -> Onehot,GM,MLP-MultiHead,encoded,encoded,False,centroid,Onehot -> [ [FFN-SFT]-ENC => GM => ENC ] -> Onehot
Val,0.54170341635214,0.0009288787841796875,0,0,silkworm,13.799330711364746,0.0017008781433105469,AmazonEmployeeAccess,GaussianNB,80,onehot,onehot,Onehot -> [ MLP-MultiHead-Encoded => GM => Encoded ] -> Onehot,GM,MLP-MultiHead,encoded,encoded,False,centroid,Onehot -> [ [FFN-SFT]-ENC => GM => ENC ] -> Onehot
Test,0.5557232532854486,0.0009288787841796875,0,0,silkworm,13.799330711364746,0.0015957355499267578,AmazonEmployeeAccess,GaussianNB,80,onehot,onehot,Onehot -> [ MLP-MultiHead-Encoded => GM => Encoded ] -> Onehot,GM,MLP-MultiHead,encoded,encoded,False,centroid,Onehot -> [ [FFN-SFT]-ENC => GM => ENC ] -> Onehot
Train,0.78125,0.001455545425415039,0,0,silkworm,14.504979133605957,0.0009441375732421875,AmazonEmployeeAccess,GaussianNB,80,onehot,onehot,Onehot -> [ MLP-MultiHead-Encoded => GM => Decoded ] -> Onehot,GM,MLP-MultiHead,encoded,decoded,False,centroid,Onehot -> [ [FFN-SFT]-ENC => GM => DEC ] -> Onehot
Train - Original,0.5243125324063491,0.001455545425415039,0,0,silkworm,14.504979133605957,0.04312324523925781,AmazonEmployeeAccess,GaussianNB,80,onehot,onehot,Onehot -> [ MLP-MultiHead-Encoded => GM => Decoded ] -> Onehot,GM,MLP-MultiHead,encoded,decoded,False,centroid,Onehot -> [ [FFN-SFT]-ENC => GM => DEC ] -> Onehot
Val,0.5373824136787906,0.001455545425415039,0,0,silkworm,14.504979133605957,0.0043675899505615234,AmazonEmployeeAccess,GaussianNB,80,onehot,onehot,Onehot -> [ MLP-MultiHead-Encoded => GM => Decoded ] -> Onehot,GM,MLP-MultiHead,encoded,decoded,False,centroid,Onehot -> [ [FFN-SFT]-ENC => GM => DEC ] -> Onehot
Test,0.525259975678778,0.001455545425415039,0,0,silkworm,14.504979133605957,0.009631633758544922,AmazonEmployeeAccess,GaussianNB,80,onehot,onehot,Onehot -> [ MLP-MultiHead-Encoded => GM => Decoded ] -> Onehot,GM,MLP-MultiHead,encoded,decoded,False,centroid,Onehot -> [ [FFN-SFT]-ENC => GM => DEC ] -> Onehot
Train,0.65625,0.001287221908569336,0,0,silkworm,13.455155849456787,0.012283563613891602,AmazonEmployeeAccess,GaussianNB,80,onehot,onehot,Onehot -> [ MLP-MultiHead-Encoded => GM => Decoded-Binary ] -> Onehot,GM,MLP-MultiHead,encoded,decoded,True,centroid,Onehot -> [ [FFN-SFT]-ENC => GM => DEC-BIN ] -> Onehot
Train - Original,0.5402155823664858,0.001287221908569336,0,0,silkworm,13.455155849456787,0.02846693992614746,AmazonEmployeeAccess,GaussianNB,80,onehot,onehot,Onehot -> [ MLP-MultiHead-Encoded => GM => Decoded-Binary ] -> Onehot,GM,MLP-MultiHead,encoded,decoded,True,centroid,Onehot -> [ [FFN-SFT]-ENC => GM => DEC-BIN ] -> Onehot
Val,0.5462160242821645,0.001287221908569336,0,0,silkworm,13.455155849456787,0.00479888916015625,AmazonEmployeeAccess,GaussianNB,80,onehot,onehot,Onehot -> [ MLP-MultiHead-Encoded => GM => Decoded-Binary ] -> Onehot,GM,MLP-MultiHead,encoded,decoded,True,centroid,Onehot -> [ [FFN-SFT]-ENC => GM => DEC-BIN ] -> Onehot
Test,0.5529888205722685,0.001287221908569336,0,0,silkworm,13.455155849456787,0.004019498825073242,AmazonEmployeeAccess,GaussianNB,80,onehot,onehot,Onehot -> [ MLP-MultiHead-Encoded => GM => Decoded-Binary ] -> Onehot,GM,MLP-MultiHead,encoded,decoded,True,centroid,Onehot -> [ [FFN-SFT]-ENC => GM => DEC-BIN ] -> Onehot
Train,0.73125,0.0009069442749023438,0,0,silkworm,14.495366334915161,0.0006635189056396484,AmazonEmployeeAccess,GaussianNB,80,onehot,onehot,Onehot -> [ MLP-MultiHead-Encoded => GM => Encoded ] -> Onehot,GM,MLP-MultiHead,encoded,encoded,False,centroid,Onehot -> [ [FFN-SFT]-ENC => GM => ENC ] -> Onehot
Train - Original,0.5425428112263956,0.0009069442749023438,0,0,silkworm,14.495366334915161,0.006072282791137695,AmazonEmployeeAccess,GaussianNB,80,onehot,onehot,Onehot -> [ MLP-MultiHead-Encoded => GM => Encoded ] -> Onehot,GM,MLP-MultiHead,encoded,encoded,False,centroid,Onehot -> [ [FFN-SFT]-ENC => GM => ENC ] -> Onehot
Val,0.5244840344159537,0.0009069442749023438,0,0,silkworm,14.495366334915161,0.0017240047454833984,AmazonEmployeeAccess,GaussianNB,80,onehot,onehot,Onehot -> [ MLP-MultiHead-Encoded => GM => Encoded ] -> Onehot,GM,MLP-MultiHead,encoded,encoded,False,centroid,Onehot -> [ [FFN-SFT]-ENC => GM => ENC ] -> Onehot
Test,0.5347759379013286,0.0009069442749023438,0,0,silkworm,14.495366334915161,0.003890514373779297,AmazonEmployeeAccess,GaussianNB,80,onehot,onehot,Onehot -> [ MLP-MultiHead-Encoded => GM => Encoded ] -> Onehot,GM,MLP-MultiHead,encoded,encoded,False,centroid,Onehot -> [ [FFN-SFT]-ENC => GM => ENC ] -> Onehot
Train,0.775,0.0010390281677246094,0,0,silkworm,13.904273748397827,0.0007584095001220703,AmazonEmployeeAccess,GaussianNB,80,onehot,onehot,Onehot -> [ MLP-MultiHead-Encoded => GM => Decoded ] -> Onehot,GM,MLP-MultiHead,encoded,decoded,False,centroid,Onehot -> [ [FFN-SFT]-ENC => GM => DEC ] -> Onehot
Train - Original,0.531433496596288,0.0010390281677246094,0,0,silkworm,13.904273748397827,0.03302741050720215,AmazonEmployeeAccess,GaussianNB,80,onehot,onehot,Onehot -> [ MLP-MultiHead-Encoded => GM => Decoded ] -> Onehot,GM,MLP-MultiHead,encoded,decoded,False,centroid,Onehot -> [ [FFN-SFT]-ENC => GM => DEC ] -> Onehot
Val,0.5305952536640703,0.0010390281677246094,0,0,silkworm,13.904273748397827,0.004697561264038086,AmazonEmployeeAccess,GaussianNB,80,onehot,onehot,Onehot -> [ MLP-MultiHead-Encoded => GM => Decoded ] -> Onehot,GM,MLP-MultiHead,encoded,decoded,False,centroid,Onehot -> [ [FFN-SFT]-ENC => GM => DEC ] -> Onehot
Test,0.5278440108043809,0.0010390281677246094,0,0,silkworm,13.904273748397827,0.0039386749267578125,AmazonEmployeeAccess,GaussianNB,80,onehot,onehot,Onehot -> [ MLP-MultiHead-Encoded => GM => Decoded ] -> Onehot,GM,MLP-MultiHead,encoded,decoded,False,centroid,Onehot -> [ [FFN-SFT]-ENC => GM => DEC ] -> Onehot
Train,0.6937500000000001,0.004342079162597656,0,0,silkworm,15.402256965637207,0.0009558200836181641,AmazonEmployeeAccess,GaussianNB,80,onehot,onehot,Onehot -> [ MLP-MultiHead-Encoded => GM => Decoded-Binary ] -> Onehot,GM,MLP-MultiHead,encoded,decoded,True,centroid,Onehot -> [ [FFN-SFT]-ENC => GM => DEC-BIN ] -> Onehot
Train - Original,0.542480890707671,0.004342079162597656,0,0,silkworm,15.402256965637207,0.03134560585021973,AmazonEmployeeAccess,GaussianNB,80,onehot,onehot,Onehot -> [ MLP-MultiHead-Encoded => GM => Decoded-Binary ] -> Onehot,GM,MLP-MultiHead,encoded,decoded,True,centroid,Onehot -> [ [FFN-SFT]-ENC => GM => DEC-BIN ] -> Onehot
Val,0.5470048752893087,0.004342079162597656,0,0,silkworm,15.402256965637207,0.01007080078125,AmazonEmployeeAccess,GaussianNB,80,onehot,onehot,Onehot -> [ MLP-MultiHead-Encoded => GM => Decoded-Binary ] -> Onehot,GM,MLP-MultiHead,encoded,decoded,True,centroid,Onehot -> [ [FFN-SFT]-ENC => GM => DEC-BIN ] -> Onehot
Test,0.5452151215871681,0.004342079162597656,0,0,silkworm,15.402256965637207,0.004112720489501953,AmazonEmployeeAccess,GaussianNB,80,onehot,onehot,Onehot -> [ MLP-MultiHead-Encoded => GM => Decoded-Binary ] -> Onehot,GM,MLP-MultiHead,encoded,decoded,True,centroid,Onehot -> [ [FFN-SFT]-ENC => GM => DEC-BIN ] -> Onehot
Train,0.73125,0.0008957386016845703,0,0,silkworm,16.21260929107666,0.0006685256958007812,AmazonEmployeeAccess,GaussianNB,80,onehot,onehot,Onehot -> [ MLP-MultiHead-Encoded => GM => Encoded ] -> Onehot,GM,MLP-MultiHead,encoded,encoded,False,centroid,Onehot -> [ [FFN-SFT]-ENC => GM => ENC ] -> Onehot
Train - Original,0.5392322413206737,0.0008957386016845703,0,0,silkworm,16.21260929107666,0.005773067474365234,AmazonEmployeeAccess,GaussianNB,80,onehot,onehot,Onehot -> [ MLP-MultiHead-Encoded => GM => Encoded ] -> Onehot,GM,MLP-MultiHead,encoded,encoded,False,centroid,Onehot -> [ [FFN-SFT]-ENC => GM => ENC ] -> Onehot
Val,0.5472428611835122,0.0008957386016845703,0,0,silkworm,16.21260929107666,0.0016558170318603516,AmazonEmployeeAccess,GaussianNB,80,onehot,onehot,Onehot -> [ MLP-MultiHead-Encoded => GM => Encoded ] -> Onehot,GM,MLP-MultiHead,encoded,encoded,False,centroid,Onehot -> [ [FFN-SFT]-ENC => GM => ENC ] -> Onehot
Test,0.5368303613709289,0.0008957386016845703,0,0,silkworm,16.21260929107666,0.0015740394592285156,AmazonEmployeeAccess,GaussianNB,80,onehot,onehot,Onehot -> [ MLP-MultiHead-Encoded => GM => Encoded ] -> Onehot,GM,MLP-MultiHead,encoded,encoded,False,centroid,Onehot -> [ [FFN-SFT]-ENC => GM => ENC ] -> Onehot
Train,0.75,0.0009038448333740234,0,0,silkworm,14.411715030670166,0.0007016658782958984,AmazonEmployeeAccess,GaussianNB,80,onehot,onehot,Onehot -> [ MLP-MultiHead-Encoded => GM => Decoded ] -> Onehot,GM,MLP-MultiHead,encoded,decoded,False,centroid,Onehot -> [ [FFN-SFT]-ENC => GM => DEC ] -> Onehot
Train - Original,0.5429919005034483,0.0009038448333740234,0,0,silkworm,14.411715030670166,0.05991029739379883,AmazonEmployeeAccess,GaussianNB,80,onehot,onehot,Onehot -> [ MLP-MultiHead-Encoded => GM => Decoded ] -> Onehot,GM,MLP-MultiHead,encoded,decoded,False,centroid,Onehot -> [ [FFN-SFT]-ENC => GM => DEC ] -> Onehot
Val,0.5561768364451446,0.0009038448333740234,0,0,silkworm,14.411715030670166,0.012115478515625,AmazonEmployeeAccess,GaussianNB,80,onehot,onehot,Onehot -> [ MLP-MultiHead-Encoded => GM => Decoded ] -> Onehot,GM,MLP-MultiHead,encoded,decoded,False,centroid,Onehot -> [ [FFN-SFT]-ENC => GM => DEC ] -> Onehot
Test,0.5525967261059148,0.0009038448333740234,0,0,silkworm,14.411715030670166,0.010058403015136719,AmazonEmployeeAccess,GaussianNB,80,onehot,onehot,Onehot -> [ MLP-MultiHead-Encoded => GM => Decoded ] -> Onehot,GM,MLP-MultiHead,encoded,decoded,False,centroid,Onehot -> [ [FFN-SFT]-ENC => GM => DEC ] -> Onehot
Train,0.60625,0.001056671142578125,0,0,silkworm,14.872843027114868,0.0007555484771728516,AmazonEmployeeAccess,GaussianNB,80,onehot,onehot,Onehot -> [ MLP-MultiHead-Encoded => GM => Decoded-Binary ] -> Onehot,GM,MLP-MultiHead,encoded,decoded,True,centroid,Onehot -> [ [FFN-SFT]-ENC => GM => DEC-BIN ] -> Onehot
Train - Original,0.519078384337907,0.001056671142578125,0,0,silkworm,14.872843027114868,0.0312345027923584,AmazonEmployeeAccess,GaussianNB,80,onehot,onehot,Onehot -> [ MLP-MultiHead-Encoded => GM => Decoded-Binary ] -> Onehot,GM,MLP-MultiHead,encoded,decoded,True,centroid,Onehot -> [ [FFN-SFT]-ENC => GM => DEC-BIN ] -> Onehot
Val,0.5162009087563602,0.001056671142578125,0,0,silkworm,14.872843027114868,0.004654645919799805,AmazonEmployeeAccess,GaussianNB,80,onehot,onehot,Onehot -> [ MLP-MultiHead-Encoded => GM => Decoded-Binary ] -> Onehot,GM,MLP-MultiHead,encoded,decoded,True,centroid,Onehot -> [ [FFN-SFT]-ENC => GM => DEC-BIN ] -> Onehot
Test,0.5416506608780642,0.001056671142578125,0,0,silkworm,14.872843027114868,0.003967761993408203,AmazonEmployeeAccess,GaussianNB,80,onehot,onehot,Onehot -> [ MLP-MultiHead-Encoded => GM => Decoded-Binary ] -> Onehot,GM,MLP-MultiHead,encoded,decoded,True,centroid,Onehot -> [ [FFN-SFT]-ENC => GM => DEC-BIN ] -> Onehot
Train,0.6375,0.0008361339569091797,0,0,silkworm,12.610157012939453,0.0006387233734130859,AmazonEmployeeAccess,GaussianNB,80,onehot,onehot,Onehot -> [ MLP-MultiHead-Encoded => GM => Encoded ] -> Onehot,GM,MLP-MultiHead,encoded,encoded,False,centroid,Onehot -> [ [FFN-SFT]-ENC => GM => ENC ] -> Onehot
Train - Original,0.5196834422372507,0.0008361339569091797,0,0,silkworm,12.610157012939453,0.005692958831787109,AmazonEmployeeAccess,GaussianNB,80,onehot,onehot,Onehot -> [ MLP-MultiHead-Encoded => GM => Encoded ] -> Onehot,GM,MLP-MultiHead,encoded,encoded,False,centroid,Onehot -> [ [FFN-SFT]-ENC => GM => ENC ] -> Onehot
Val,0.5228371416145328,0.0008361339569091797,0,0,silkworm,12.610157012939453,0.0016362667083740234,AmazonEmployeeAccess,GaussianNB,80,onehot,onehot,Onehot -> [ MLP-MultiHead-Encoded => GM => Encoded ] -> Onehot,GM,MLP-MultiHead,encoded,encoded,False,centroid,Onehot -> [ [FFN-SFT]-ENC => GM => ENC ] -> Onehot
Test,0.5295434656604803,0.0008361339569091797,0,0,silkworm,12.610157012939453,0.0015735626220703125,AmazonEmployeeAccess,GaussianNB,80,onehot,onehot,Onehot -> [ MLP-MultiHead-Encoded => GM => Encoded ] -> Onehot,GM,MLP-MultiHead,encoded,encoded,False,centroid,Onehot -> [ [FFN-SFT]-ENC => GM => ENC ] -> Onehot
Train,0.7277777777777779,0.0009434223175048828,0,0,silkworm,14.909675121307373,0.0007262229919433594,AmazonEmployeeAccess,GaussianNB,90,onehot,onehot,Onehot -> [ GM => Original ] -> Onehot,GM,N/A,original,original,False,centroid,Onehot -> [ GM => ORI ] -> Onehot
Train - Original,0.5468754007236721,0.0009434223175048828,0,0,silkworm,14.909675121307373,0.06825137138366699,AmazonEmployeeAccess,GaussianNB,90,onehot,onehot,Onehot -> [ GM => Original ] -> Onehot,GM,N/A,original,original,False,centroid,Onehot -> [ GM => ORI ] -> Onehot
Val,0.5344862850173814,0.0009434223175048828,0,0,silkworm,14.909675121307373,0.004369020462036133,AmazonEmployeeAccess,GaussianNB,90,onehot,onehot,Onehot -> [ GM => Original ] -> Onehot,GM,N/A,original,original,False,centroid,Onehot -> [ GM => ORI ] -> Onehot
Test,0.5490781044600272,0.0009434223175048828,0,0,silkworm,14.909675121307373,0.012962102890014648,AmazonEmployeeAccess,GaussianNB,90,onehot,onehot,Onehot -> [ GM => Original ] -> Onehot,GM,N/A,original,original,False,centroid,Onehot -> [ GM => ORI ] -> Onehot
Train,0.6888888888888889,0.001005411148071289,0,0,silkworm,15.13550090789795,0.0007658004760742188,AmazonEmployeeAccess,GaussianNB,90,onehot,onehot,Onehot -> [ GM => Original ] -> Onehot,GM,N/A,original,original,False,centroid,Onehot -> [ GM => ORI ] -> Onehot
Train - Original,0.5616621390699308,0.001005411148071289,0,0,silkworm,15.13550090789795,0.020455598831176758,AmazonEmployeeAccess,GaussianNB,90,onehot,onehot,Onehot -> [ GM => Original ] -> Onehot,GM,N/A,original,original,False,centroid,Onehot -> [ GM => ORI ] -> Onehot
Val,0.5498994832740776,0.001005411148071289,0,0,silkworm,15.13550090789795,0.004206657409667969,AmazonEmployeeAccess,GaussianNB,90,onehot,onehot,Onehot -> [ GM => Original ] -> Onehot,GM,N/A,original,original,False,centroid,Onehot -> [ GM => ORI ] -> Onehot
Test,0.55339606844795,0.001005411148071289,0,0,silkworm,15.13550090789795,0.003928184509277344,AmazonEmployeeAccess,GaussianNB,90,onehot,onehot,Onehot -> [ GM => Original ] -> Onehot,GM,N/A,original,original,False,centroid,Onehot -> [ GM => ORI ] -> Onehot
Train,0.6111111111111112,0.002233266830444336,0,0,silkworm,14.613662958145142,0.0019364356994628906,AmazonEmployeeAccess,GaussianNB,90,onehot,onehot,Onehot -> [ GM => Original ] -> Onehot,GM,N/A,original,original,False,centroid,Onehot -> [ GM => ORI ] -> Onehot
Train - Original,0.5288442989914308,0.002233266830444336,0,0,silkworm,14.613662958145142,0.029702425003051758,AmazonEmployeeAccess,GaussianNB,90,onehot,onehot,Onehot -> [ GM => Original ] -> Onehot,GM,N/A,original,original,False,centroid,Onehot -> [ GM => ORI ] -> Onehot
Val,0.5246866645782707,0.002233266830444336,0,0,silkworm,14.613662958145142,0.010604619979858398,AmazonEmployeeAccess,GaussianNB,90,onehot,onehot,Onehot -> [ GM => Original ] -> Onehot,GM,N/A,original,original,False,centroid,Onehot -> [ GM => ORI ] -> Onehot
Test,0.5435937067891062,0.002233266830444336,0,0,silkworm,14.613662958145142,0.009720325469970703,AmazonEmployeeAccess,GaussianNB,90,onehot,onehot,Onehot -> [ GM => Original ] -> Onehot,GM,N/A,original,original,False,centroid,Onehot -> [ GM => ORI ] -> Onehot
Train,0.7611111111111111,0.001155853271484375,0,0,silkworm,14.964075326919556,0.0008668899536132812,AmazonEmployeeAccess,GaussianNB,90,onehot,onehot,Onehot -> [ GM => Original ] -> Onehot,GM,N/A,original,original,False,centroid,Onehot -> [ GM => ORI ] -> Onehot
Train - Original,0.5423039450722835,0.001155853271484375,0,0,silkworm,14.964075326919556,0.04077601432800293,AmazonEmployeeAccess,GaussianNB,90,onehot,onehot,Onehot -> [ GM => Original ] -> Onehot,GM,N/A,original,original,False,centroid,Onehot -> [ GM => ORI ] -> Onehot
Val,0.5771937281212649,0.001155853271484375,0,0,silkworm,14.964075326919556,0.01063227653503418,AmazonEmployeeAccess,GaussianNB,90,onehot,onehot,Onehot -> [ GM => Original ] -> Onehot,GM,N/A,original,original,False,centroid,Onehot -> [ GM => ORI ] -> Onehot
Test,0.5469001807044063,0.001155853271484375,0,0,silkworm,14.964075326919556,0.00966501235961914,AmazonEmployeeAccess,GaussianNB,90,onehot,onehot,Onehot -> [ GM => Original ] -> Onehot,GM,N/A,original,original,False,centroid,Onehot -> [ GM => ORI ] -> Onehot
Train,0.6166666666666667,0.0012080669403076172,0,0,silkworm,15.67932677268982,0.0008368492126464844,AmazonEmployeeAccess,GaussianNB,90,onehot,onehot,Onehot -> [ GM => Original ] -> Onehot,GM,N/A,original,original,False,centroid,Onehot -> [ GM => ORI ] -> Onehot
Train - Original,0.5217329173240858,0.0012080669403076172,0,0,silkworm,15.67932677268982,0.026826143264770508,AmazonEmployeeAccess,GaussianNB,90,onehot,onehot,Onehot -> [ GM => Original ] -> Onehot,GM,N/A,original,original,False,centroid,Onehot -> [ GM => ORI ] -> Onehot
Val,0.5215662361124206,0.0012080669403076172,0,0,silkworm,15.67932677268982,0.004805803298950195,AmazonEmployeeAccess,GaussianNB,90,onehot,onehot,Onehot -> [ GM => Original ] -> Onehot,GM,N/A,original,original,False,centroid,Onehot -> [ GM => ORI ] -> Onehot
Test,0.540085692529748,0.0012080669403076172,0,0,silkworm,15.67932677268982,0.003957033157348633,AmazonEmployeeAccess,GaussianNB,90,onehot,onehot,Onehot -> [ GM => Original ] -> Onehot,GM,N/A,original,original,False,centroid,Onehot -> [ GM => ORI ] -> Onehot
Train,0.7555555555555555,0.0010993480682373047,0,0,silkworm,15.017160654067993,0.0008034706115722656,AmazonEmployeeAccess,GaussianNB,90,onehot,onehot,Onehot -> [ MLP-MultiHead-Encoded => GM => Decoded ] -> Onehot,GM,MLP-MultiHead,encoded,decoded,False,centroid,Onehot -> [ [FFN-SFT]-ENC => GM => DEC ] -> Onehot
Train - Original,0.5225590004627487,0.0010993480682373047,0,0,silkworm,15.017160654067993,0.022127866744995117,AmazonEmployeeAccess,GaussianNB,90,onehot,onehot,Onehot -> [ MLP-MultiHead-Encoded => GM => Decoded ] -> Onehot,GM,MLP-MultiHead,encoded,decoded,False,centroid,Onehot -> [ [FFN-SFT]-ENC => GM => DEC ] -> Onehot
Val,0.5224121124935752,0.0010993480682373047,0,0,silkworm,15.017160654067993,0.004455089569091797,AmazonEmployeeAccess,GaussianNB,90,onehot,onehot,Onehot -> [ MLP-MultiHead-Encoded => GM => Decoded ] -> Onehot,GM,MLP-MultiHead,encoded,decoded,False,centroid,Onehot -> [ [FFN-SFT]-ENC => GM => DEC ] -> Onehot
Test,0.5427136725424011,0.0010993480682373047,0,0,silkworm,15.017160654067993,0.004035234451293945,AmazonEmployeeAccess,GaussianNB,90,onehot,onehot,Onehot -> [ MLP-MultiHead-Encoded => GM => Decoded ] -> Onehot,GM,MLP-MultiHead,encoded,decoded,False,centroid,Onehot -> [ [FFN-SFT]-ENC => GM => DEC ] -> Onehot
Train,0.7333333333333334,0.0013747215270996094,0,0,silkworm,14.363757848739624,0.0009119510650634766,AmazonEmployeeAccess,GaussianNB,90,onehot,onehot,Onehot -> [ MLP-MultiHead-Encoded => GM => Decoded-Binary ] -> Onehot,GM,MLP-MultiHead,encoded,decoded,True,centroid,Onehot -> [ [FFN-SFT]-ENC => GM => DEC-BIN ] -> Onehot
Train - Original,0.5437097882506425,0.0013747215270996094,0,0,silkworm,14.363757848739624,0.026273012161254883,AmazonEmployeeAccess,GaussianNB,90,onehot,onehot,Onehot -> [ MLP-MultiHead-Encoded => GM => Decoded-Binary ] -> Onehot,GM,MLP-MultiHead,encoded,decoded,True,centroid,Onehot -> [ [FFN-SFT]-ENC => GM => DEC-BIN ] -> Onehot
Val,0.5363878911560488,0.0013747215270996094,0,0,silkworm,14.363757848739624,0.004893779754638672,AmazonEmployeeAccess,GaussianNB,90,onehot,onehot,Onehot -> [ MLP-MultiHead-Encoded => GM => Decoded-Binary ] -> Onehot,GM,MLP-MultiHead,encoded,decoded,True,centroid,Onehot -> [ [FFN-SFT]-ENC => GM => DEC-BIN ] -> Onehot
Test,0.5478093852640671,0.0013747215270996094,0,0,silkworm,14.363757848739624,0.003915309906005859,AmazonEmployeeAccess,GaussianNB,90,onehot,onehot,Onehot -> [ MLP-MultiHead-Encoded => GM => Decoded-Binary ] -> Onehot,GM,MLP-MultiHead,encoded,decoded,True,centroid,Onehot -> [ [FFN-SFT]-ENC => GM => DEC-BIN ] -> Onehot
Train,0.7277777777777777,0.0020422935485839844,0,0,silkworm,15.893564462661743,0.001775503158569336,AmazonEmployeeAccess,GaussianNB,90,onehot,onehot,Onehot -> [ MLP-MultiHead-Encoded => GM => Encoded ] -> Onehot,GM,MLP-MultiHead,encoded,encoded,False,centroid,Onehot -> [ [FFN-SFT]-ENC => GM => ENC ] -> Onehot
Train - Original,0.5366385834871183,0.0020422935485839844,0,0,silkworm,15.893564462661743,0.012322425842285156,AmazonEmployeeAccess,GaussianNB,90,onehot,onehot,Onehot -> [ MLP-MultiHead-Encoded => GM => Encoded ] -> Onehot,GM,MLP-MultiHead,encoded,encoded,False,centroid,Onehot -> [ [FFN-SFT]-ENC => GM => ENC ] -> Onehot
Val,0.5077790213533414,0.0020422935485839844,0,0,silkworm,15.893564462661743,0.0028285980224609375,AmazonEmployeeAccess,GaussianNB,90,onehot,onehot,Onehot -> [ MLP-MultiHead-Encoded => GM => Encoded ] -> Onehot,GM,MLP-MultiHead,encoded,encoded,False,centroid,Onehot -> [ [FFN-SFT]-ENC => GM => ENC ] -> Onehot
Test,0.5293801876749745,0.0020422935485839844,0,0,silkworm,15.893564462661743,0.0037636756896972656,AmazonEmployeeAccess,GaussianNB,90,onehot,onehot,Onehot -> [ MLP-MultiHead-Encoded => GM => Encoded ] -> Onehot,GM,MLP-MultiHead,encoded,encoded,False,centroid,Onehot -> [ [FFN-SFT]-ENC => GM => ENC ] -> Onehot
Train,0.7055555555555555,0.001069784164428711,0,0,silkworm,15.325655221939087,0.0007805824279785156,AmazonEmployeeAccess,GaussianNB,90,onehot,onehot,Onehot -> [ MLP-MultiHead-Encoded => GM => Decoded ] -> Onehot,GM,MLP-MultiHead,encoded,decoded,False,centroid,Onehot -> [ [FFN-SFT]-ENC => GM => DEC ] -> Onehot
Train - Original,0.5221101202589163,0.001069784164428711,0,0,silkworm,15.325655221939087,0.05998992919921875,AmazonEmployeeAccess,GaussianNB,90,onehot,onehot,Onehot -> [ MLP-MultiHead-Encoded => GM => Decoded ] -> Onehot,GM,MLP-MultiHead,encoded,decoded,False,centroid,Onehot -> [ [FFN-SFT]-ENC => GM => DEC ] -> Onehot
Val,0.5243095367714818,0.001069784164428711,0,0,silkworm,15.325655221939087,0.010245084762573242,AmazonEmployeeAccess,GaussianNB,90,onehot,onehot,Onehot -> [ MLP-MultiHead-Encoded => GM => Decoded ] -> Onehot,GM,MLP-MultiHead,encoded,decoded,False,centroid,Onehot -> [ [FFN-SFT]-ENC => GM => DEC ] -> Onehot
Test,0.5098743403531503,0.001069784164428711,0,0,silkworm,15.325655221939087,0.003947257995605469,AmazonEmployeeAccess,GaussianNB,90,onehot,onehot,Onehot -> [ MLP-MultiHead-Encoded => GM => Decoded ] -> Onehot,GM,MLP-MultiHead,encoded,decoded,False,centroid,Onehot -> [ [FFN-SFT]-ENC => GM => DEC ] -> Onehot
Train,0.7277777777777779,0.001032114028930664,0,0,silkworm,14.4433114528656,0.0007307529449462891,AmazonEmployeeAccess,GaussianNB,90,onehot,onehot,Onehot -> [ MLP-MultiHead-Encoded => GM => Decoded-Binary ] -> Onehot,GM,MLP-MultiHead,encoded,decoded,True,centroid,Onehot -> [ [FFN-SFT]-ENC => GM => DEC-BIN ] -> Onehot
Train - Original,0.5469339063797997,0.001032114028930664,0,0,silkworm,14.4433114528656,0.020735740661621094,AmazonEmployeeAccess,GaussianNB,90,onehot,onehot,Onehot -> [ MLP-MultiHead-Encoded => GM => Decoded-Binary ] -> Onehot,GM,MLP-MultiHead,encoded,decoded,True,centroid,Onehot -> [ [FFN-SFT]-ENC => GM => DEC-BIN ] -> Onehot
Val,0.5662353520822625,0.001032114028930664,0,0,silkworm,14.4433114528656,0.004724264144897461,AmazonEmployeeAccess,GaussianNB,90,onehot,onehot,Onehot -> [ MLP-MultiHead-Encoded => GM => Decoded-Binary ] -> Onehot,GM,MLP-MultiHead,encoded,decoded,True,centroid,Onehot -> [ [FFN-SFT]-ENC => GM => DEC-BIN ] -> Onehot
Test,0.561613004655885,0.001032114028930664,0,0,silkworm,14.4433114528656,0.004329204559326172,AmazonEmployeeAccess,GaussianNB,90,onehot,onehot,Onehot -> [ MLP-MultiHead-Encoded => GM => Decoded-Binary ] -> Onehot,GM,MLP-MultiHead,encoded,decoded,True,centroid,Onehot -> [ [FFN-SFT]-ENC => GM => DEC-BIN ] -> Onehot
Train,0.6444444444444444,0.0009377002716064453,0,0,silkworm,13.858423709869385,0.0006837844848632812,AmazonEmployeeAccess,GaussianNB,90,onehot,onehot,Onehot -> [ MLP-MultiHead-Encoded => GM => Encoded ] -> Onehot,GM,MLP-MultiHead,encoded,encoded,False,centroid,Onehot -> [ [FFN-SFT]-ENC => GM => ENC ] -> Onehot
Train - Original,0.5467893670935478,0.0009377002716064453,0,0,silkworm,13.858423709869385,0.006068229675292969,AmazonEmployeeAccess,GaussianNB,90,onehot,onehot,Onehot -> [ MLP-MultiHead-Encoded => GM => Encoded ] -> Onehot,GM,MLP-MultiHead,encoded,encoded,False,centroid,Onehot -> [ [FFN-SFT]-ENC => GM => ENC ] -> Onehot
Val,0.5482476482735759,0.0009377002716064453,0,0,silkworm,13.858423709869385,0.0018339157104492188,AmazonEmployeeAccess,GaussianNB,90,onehot,onehot,Onehot -> [ MLP-MultiHead-Encoded => GM => Encoded ] -> Onehot,GM,MLP-MultiHead,encoded,encoded,False,centroid,Onehot -> [ [FFN-SFT]-ENC => GM => ENC ] -> Onehot
Test,0.5293805665102077,0.0009377002716064453,0,0,silkworm,13.858423709869385,0.005645036697387695,AmazonEmployeeAccess,GaussianNB,90,onehot,onehot,Onehot -> [ MLP-MultiHead-Encoded => GM => Encoded ] -> Onehot,GM,MLP-MultiHead,encoded,encoded,False,centroid,Onehot -> [ [FFN-SFT]-ENC => GM => ENC ] -> Onehot
Train,0.7888888888888889,0.0012240409851074219,0,0,silkworm,15.100809812545776,0.0008356571197509766,AmazonEmployeeAccess,GaussianNB,90,onehot,onehot,Onehot -> [ MLP-MultiHead-Encoded => GM => Decoded ] -> Onehot,GM,MLP-MultiHead,encoded,decoded,False,centroid,Onehot -> [ [FFN-SFT]-ENC => GM => DEC ] -> Onehot
Train - Original,0.5391389946644514,0.0012240409851074219,0,0,silkworm,15.100809812545776,0.038396358489990234,AmazonEmployeeAccess,GaussianNB,90,onehot,onehot,Onehot -> [ MLP-MultiHead-Encoded => GM => Decoded ] -> Onehot,GM,MLP-MultiHead,encoded,decoded,False,centroid,Onehot -> [ [FFN-SFT]-ENC => GM => DEC ] -> Onehot
Val,0.5493961393061456,0.0012240409851074219,0,0,silkworm,15.100809812545776,0.0046541690826416016,AmazonEmployeeAccess,GaussianNB,90,onehot,onehot,Onehot -> [ MLP-MultiHead-Encoded => GM => Decoded ] -> Onehot,GM,MLP-MultiHead,encoded,decoded,False,centroid,Onehot -> [ [FFN-SFT]-ENC => GM => DEC ] -> Onehot
Test,0.541182420529839,0.0012240409851074219,0,0,silkworm,15.100809812545776,0.0039713382720947266,AmazonEmployeeAccess,GaussianNB,90,onehot,onehot,Onehot -> [ MLP-MultiHead-Encoded => GM => Decoded ] -> Onehot,GM,MLP-MultiHead,encoded,decoded,False,centroid,Onehot -> [ [FFN-SFT]-ENC => GM => DEC ] -> Onehot
Train,0.6222222222222222,0.0010044574737548828,0,0,silkworm,14.246360301971436,0.0007407665252685547,AmazonEmployeeAccess,GaussianNB,90,onehot,onehot,Onehot -> [ MLP-MultiHead-Encoded => GM => Decoded-Binary ] -> Onehot,GM,MLP-MultiHead,encoded,decoded,True,centroid,Onehot -> [ [FFN-SFT]-ENC => GM => DEC-BIN ] -> Onehot
Train - Original,0.527092230560372,0.0010044574737548828,0,0,silkworm,14.246360301971436,0.03176474571228027,AmazonEmployeeAccess,GaussianNB,90,onehot,onehot,Onehot -> [ MLP-MultiHead-Encoded => GM => Decoded-Binary ] -> Onehot,GM,MLP-MultiHead,encoded,decoded,True,centroid,Onehot -> [ [FFN-SFT]-ENC => GM => DEC-BIN ] -> Onehot
Val,0.5181599204381981,0.0010044574737548828,0,0,silkworm,14.246360301971436,0.004428863525390625,AmazonEmployeeAccess,GaussianNB,90,onehot,onehot,Onehot -> [ MLP-MultiHead-Encoded => GM => Decoded-Binary ] -> Onehot,GM,MLP-MultiHead,encoded,decoded,True,centroid,Onehot -> [ [FFN-SFT]-ENC => GM => DEC-BIN ] -> Onehot
Test,0.5463470812639459,0.0010044574737548828,0,0,silkworm,14.246360301971436,0.003998756408691406,AmazonEmployeeAccess,GaussianNB,90,onehot,onehot,Onehot -> [ MLP-MultiHead-Encoded => GM => Decoded-Binary ] -> Onehot,GM,MLP-MultiHead,encoded,decoded,True,centroid,Onehot -> [ [FFN-SFT]-ENC => GM => DEC-BIN ] -> Onehot
Train,0.6777777777777778,0.0008509159088134766,0,0,silkworm,14.633374214172363,0.0006363391876220703,AmazonEmployeeAccess,GaussianNB,90,onehot,onehot,Onehot -> [ MLP-MultiHead-Encoded => GM => Encoded ] -> Onehot,GM,MLP-MultiHead,encoded,encoded,False,centroid,Onehot -> [ [FFN-SFT]-ENC => GM => ENC ] -> Onehot
Train - Original,0.5446944882723862,0.0008509159088134766,0,0,silkworm,14.633374214172363,0.011417865753173828,AmazonEmployeeAccess,GaussianNB,90,onehot,onehot,Onehot -> [ MLP-MultiHead-Encoded => GM => Encoded ] -> Onehot,GM,MLP-MultiHead,encoded,encoded,False,centroid,Onehot -> [ [FFN-SFT]-ENC => GM => ENC ] -> Onehot
Val,0.5294923829307089,0.0008509159088134766,0,0,silkworm,14.633374214172363,0.0016393661499023438,AmazonEmployeeAccess,GaussianNB,90,onehot,onehot,Onehot -> [ MLP-MultiHead-Encoded => GM => Encoded ] -> Onehot,GM,MLP-MultiHead,encoded,encoded,False,centroid,Onehot -> [ [FFN-SFT]-ENC => GM => ENC ] -> Onehot
Test,0.5365307027014741,0.0008509159088134766,0,0,silkworm,14.633374214172363,0.005586862564086914,AmazonEmployeeAccess,GaussianNB,90,onehot,onehot,Onehot -> [ MLP-MultiHead-Encoded => GM => Encoded ] -> Onehot,GM,MLP-MultiHead,encoded,encoded,False,centroid,Onehot -> [ [FFN-SFT]-ENC => GM => ENC ] -> Onehot
Train,0.7444444444444445,0.006821870803833008,0,0,silkworm,14.6574547290802,0.0008223056793212891,AmazonEmployeeAccess,GaussianNB,90,onehot,onehot,Onehot -> [ MLP-MultiHead-Encoded => GM => Decoded ] -> Onehot,GM,MLP-MultiHead,encoded,decoded,False,centroid,Onehot -> [ [FFN-SFT]-ENC => GM => DEC ] -> Onehot
Train - Original,0.5384437565161153,0.006821870803833008,0,0,silkworm,14.6574547290802,0.03482222557067871,AmazonEmployeeAccess,GaussianNB,90,onehot,onehot,Onehot -> [ MLP-MultiHead-Encoded => GM => Decoded ] -> Onehot,GM,MLP-MultiHead,encoded,decoded,False,centroid,Onehot -> [ [FFN-SFT]-ENC => GM => DEC ] -> Onehot
Val,0.5389380658817948,0.006821870803833008,0,0,silkworm,14.6574547290802,0.013323783874511719,AmazonEmployeeAccess,GaussianNB,90,onehot,onehot,Onehot -> [ MLP-MultiHead-Encoded => GM => Decoded ] -> Onehot,GM,MLP-MultiHead,encoded,decoded,False,centroid,Onehot -> [ [FFN-SFT]-ENC => GM => DEC ] -> Onehot
Test,0.5397447408198752,0.006821870803833008,0,0,silkworm,14.6574547290802,0.003991603851318359,AmazonEmployeeAccess,GaussianNB,90,onehot,onehot,Onehot -> [ MLP-MultiHead-Encoded => GM => Decoded ] -> Onehot,GM,MLP-MultiHead,encoded,decoded,False,centroid,Onehot -> [ [FFN-SFT]-ENC => GM => DEC ] -> Onehot
Train,0.6833333333333333,0.001096963882446289,0,0,silkworm,15.432515382766724,0.0007576942443847656,AmazonEmployeeAccess,GaussianNB,90,onehot,onehot,Onehot -> [ MLP-MultiHead-Encoded => GM => Decoded-Binary ] -> Onehot,GM,MLP-MultiHead,encoded,decoded,True,centroid,Onehot -> [ [FFN-SFT]-ENC => GM => DEC-BIN ] -> Onehot
Train - Original,0.5265289176140007,0.001096963882446289,0,0,silkworm,15.432515382766724,0.0437769889831543,AmazonEmployeeAccess,GaussianNB,90,onehot,onehot,Onehot -> [ MLP-MultiHead-Encoded => GM => Decoded-Binary ] -> Onehot,GM,MLP-MultiHead,encoded,decoded,True,centroid,Onehot -> [ [FFN-SFT]-ENC => GM => DEC-BIN ] -> Onehot
Val,0.5585034717047698,0.001096963882446289,0,0,silkworm,15.432515382766724,0.015017986297607422,AmazonEmployeeAccess,GaussianNB,90,onehot,onehot,Onehot -> [ MLP-MultiHead-Encoded => GM => Decoded-Binary ] -> Onehot,GM,MLP-MultiHead,encoded,decoded,True,centroid,Onehot -> [ [FFN-SFT]-ENC => GM => DEC-BIN ] -> Onehot
Test,0.5168888535309338,0.001096963882446289,0,0,silkworm,15.432515382766724,0.004235506057739258,AmazonEmployeeAccess,GaussianNB,90,onehot,onehot,Onehot -> [ MLP-MultiHead-Encoded => GM => Decoded-Binary ] -> Onehot,GM,MLP-MultiHead,encoded,decoded,True,centroid,Onehot -> [ [FFN-SFT]-ENC => GM => DEC-BIN ] -> Onehot
Train,0.7,0.000911712646484375,0,0,silkworm,13.996164321899414,0.0007009506225585938,AmazonEmployeeAccess,GaussianNB,90,onehot,onehot,Onehot -> [ MLP-MultiHead-Encoded => GM => Encoded ] -> Onehot,GM,MLP-MultiHead,encoded,encoded,False,centroid,Onehot -> [ [FFN-SFT]-ENC => GM => ENC ] -> Onehot
Train - Original,0.5404711046871429,0.000911712646484375,0,0,silkworm,13.996164321899414,0.006439208984375,AmazonEmployeeAccess,GaussianNB,90,onehot,onehot,Onehot -> [ MLP-MultiHead-Encoded => GM => Encoded ] -> Onehot,GM,MLP-MultiHead,encoded,encoded,False,centroid,Onehot -> [ [FFN-SFT]-ENC => GM => ENC ] -> Onehot
Val,0.5572907320841481,0.000911712646484375,0,0,silkworm,13.996164321899414,0.0017232894897460938,AmazonEmployeeAccess,GaussianNB,90,onehot,onehot,Onehot -> [ MLP-MultiHead-Encoded => GM => Encoded ] -> Onehot,GM,MLP-MultiHead,encoded,encoded,False,centroid,Onehot -> [ [FFN-SFT]-ENC => GM => ENC ] -> Onehot
Test,0.5434694488326193,0.000911712646484375,0,0,silkworm,13.996164321899414,0.0015597343444824219,AmazonEmployeeAccess,GaussianNB,90,onehot,onehot,Onehot -> [ MLP-MultiHead-Encoded => GM => Encoded ] -> Onehot,GM,MLP-MultiHead,encoded,encoded,False,centroid,Onehot -> [ [FFN-SFT]-ENC => GM => ENC ] -> Onehot
Train,0.7388888888888889,0.000978231430053711,0,0,silkworm,15.561252117156982,0.0007474422454833984,AmazonEmployeeAccess,GaussianNB,90,onehot,onehot,Onehot -> [ MLP-MultiHead-Encoded => GM => Decoded ] -> Onehot,GM,MLP-MultiHead,encoded,decoded,False,centroid,Onehot -> [ [FFN-SFT]-ENC => GM => DEC ] -> Onehot
Train - Original,0.5461174406092673,0.000978231430053711,0,0,silkworm,15.561252117156982,0.0850534439086914,AmazonEmployeeAccess,GaussianNB,90,onehot,onehot,Onehot -> [ MLP-MultiHead-Encoded => GM => Decoded ] -> Onehot,GM,MLP-MultiHead,encoded,decoded,False,centroid,Onehot -> [ [FFN-SFT]-ENC => GM => DEC ] -> Onehot
Val,0.5557605512148686,0.000978231430053711,0,0,silkworm,15.561252117156982,0.054654598236083984,AmazonEmployeeAccess,GaussianNB,90,onehot,onehot,Onehot -> [ MLP-MultiHead-Encoded => GM => Decoded ] -> Onehot,GM,MLP-MultiHead,encoded,decoded,False,centroid,Onehot -> [ [FFN-SFT]-ENC => GM => DEC ] -> Onehot
Test,0.5515704614591975,0.000978231430053711,0,0,silkworm,15.561252117156982,0.005541563034057617,AmazonEmployeeAccess,GaussianNB,90,onehot,onehot,Onehot -> [ MLP-MultiHead-Encoded => GM => Decoded ] -> Onehot,GM,MLP-MultiHead,encoded,decoded,False,centroid,Onehot -> [ [FFN-SFT]-ENC => GM => DEC ] -> Onehot
Train,0.6333333333333333,0.0020394325256347656,0,0,silkworm,15.809964895248413,0.0007944107055664062,AmazonEmployeeAccess,GaussianNB,90,onehot,onehot,Onehot -> [ MLP-MultiHead-Encoded => GM => Decoded-Binary ] -> Onehot,GM,MLP-MultiHead,encoded,decoded,True,centroid,Onehot -> [ [FFN-SFT]-ENC => GM => DEC-BIN ] -> Onehot
Train - Original,0.5303043618249026,0.0020394325256347656,0,0,silkworm,15.809964895248413,0.045795440673828125,AmazonEmployeeAccess,GaussianNB,90,onehot,onehot,Onehot -> [ MLP-MultiHead-Encoded => GM => Decoded-Binary ] -> Onehot,GM,MLP-MultiHead,encoded,decoded,True,centroid,Onehot -> [ [FFN-SFT]-ENC => GM => DEC-BIN ] -> Onehot
Val,0.5328785496394476,0.0020394325256347656,0,0,silkworm,15.809964895248413,0.02575850486755371,AmazonEmployeeAccess,GaussianNB,90,onehot,onehot,Onehot -> [ MLP-MultiHead-Encoded => GM => Decoded-Binary ] -> Onehot,GM,MLP-MultiHead,encoded,decoded,True,centroid,Onehot -> [ [FFN-SFT]-ENC => GM => DEC-BIN ] -> Onehot
Test,0.5404376304613835,0.0020394325256347656,0,0,silkworm,15.809964895248413,0.004095315933227539,AmazonEmployeeAccess,GaussianNB,90,onehot,onehot,Onehot -> [ MLP-MultiHead-Encoded => GM => Decoded-Binary ] -> Onehot,GM,MLP-MultiHead,encoded,decoded,True,centroid,Onehot -> [ [FFN-SFT]-ENC => GM => DEC-BIN ] -> Onehot
Train,0.6277777777777778,0.00089263916015625,0,0,silkworm,14.987794160842896,0.0008015632629394531,AmazonEmployeeAccess,GaussianNB,90,onehot,onehot,Onehot -> [ MLP-MultiHead-Encoded => GM => Encoded ] -> Onehot,GM,MLP-MultiHead,encoded,encoded,False,centroid,Onehot -> [ [FFN-SFT]-ENC => GM => ENC ] -> Onehot
Train - Original,0.5169783135317763,0.00089263916015625,0,0,silkworm,14.987794160842896,0.02323436737060547,AmazonEmployeeAccess,GaussianNB,90,onehot,onehot,Onehot -> [ MLP-MultiHead-Encoded => GM => Encoded ] -> Onehot,GM,MLP-MultiHead,encoded,encoded,False,centroid,Onehot -> [ [FFN-SFT]-ENC => GM => ENC ] -> Onehot
Val,0.5278367462386063,0.00089263916015625,0,0,silkworm,14.987794160842896,0.001661062240600586,AmazonEmployeeAccess,GaussianNB,90,onehot,onehot,Onehot -> [ MLP-MultiHead-Encoded => GM => Encoded ] -> Onehot,GM,MLP-MultiHead,encoded,encoded,False,centroid,Onehot -> [ [FFN-SFT]-ENC => GM => ENC ] -> Onehot
Test,0.531783897229578,0.00089263916015625,0,0,silkworm,14.987794160842896,0.0015652179718017578,AmazonEmployeeAccess,GaussianNB,90,onehot,onehot,Onehot -> [ MLP-MultiHead-Encoded => GM => Encoded ] -> Onehot,GM,MLP-MultiHead,encoded,encoded,False,centroid,Onehot -> [ [FFN-SFT]-ENC => GM => ENC ] -> Onehot
Train,0.725,0.0035533905029296875,0,0,silkworm,17.049684047698975,0.0008065700531005859,AmazonEmployeeAccess,GaussianNB,100,onehot,onehot,Onehot -> [ GM => Original ] -> Onehot,GM,N/A,original,original,False,centroid,Onehot -> [ GM => ORI ] -> Onehot
Train - Original,0.5445242678255828,0.0035533905029296875,0,0,silkworm,17.049684047698975,0.04508686065673828,AmazonEmployeeAccess,GaussianNB,100,onehot,onehot,Onehot -> [ GM => Original ] -> Onehot,GM,N/A,original,original,False,centroid,Onehot -> [ GM => ORI ] -> Onehot
Val,0.5587235896484499,0.0035533905029296875,0,0,silkworm,17.049684047698975,0.013481378555297852,AmazonEmployeeAccess,GaussianNB,100,onehot,onehot,Onehot -> [ GM => Original ] -> Onehot,GM,N/A,original,original,False,centroid,Onehot -> [ GM => ORI ] -> Onehot
Test,0.5469217743126982,0.0035533905029296875,0,0,silkworm,17.049684047698975,0.009721040725708008,AmazonEmployeeAccess,GaussianNB,100,onehot,onehot,Onehot -> [ GM => Original ] -> Onehot,GM,N/A,original,original,False,centroid,Onehot -> [ GM => ORI ] -> Onehot
Train,0.735,0.0013191699981689453,0,0,silkworm,15.499172925949097,0.0009074211120605469,AmazonEmployeeAccess,GaussianNB,100,onehot,onehot,Onehot -> [ GM => Original ] -> Onehot,GM,N/A,original,original,False,centroid,Onehot -> [ GM => ORI ] -> Onehot
Train - Original,0.5447819505695155,0.0013191699981689453,0,0,silkworm,15.499172925949097,0.02079463005065918,AmazonEmployeeAccess,GaussianNB,100,onehot,onehot,Onehot -> [ GM => Original ] -> Onehot,GM,N/A,original,original,False,centroid,Onehot -> [ GM => ORI ] -> Onehot
Val,0.5472991262192025,0.0013191699981689453,0,0,silkworm,15.499172925949097,0.004249095916748047,AmazonEmployeeAccess,GaussianNB,100,onehot,onehot,Onehot -> [ GM => Original ] -> Onehot,GM,N/A,original,original,False,centroid,Onehot -> [ GM => ORI ] -> Onehot
Test,0.5538923426034315,0.0013191699981689453,0,0,silkworm,15.499172925949097,0.003995656967163086,AmazonEmployeeAccess,GaussianNB,100,onehot,onehot,Onehot -> [ GM => Original ] -> Onehot,GM,N/A,original,original,False,centroid,Onehot -> [ GM => ORI ] -> Onehot
Train,0.595,0.0012581348419189453,0,0,silkworm,15.37415099143982,0.0008769035339355469,AmazonEmployeeAccess,GaussianNB,100,onehot,onehot,Onehot -> [ GM => Original ] -> Onehot,GM,N/A,original,original,False,centroid,Onehot -> [ GM => ORI ] -> Onehot
Train - Original,0.5287685796401711,0.0012581348419189453,0,0,silkworm,15.37415099143982,0.04865002632141113,AmazonEmployeeAccess,GaussianNB,100,onehot,onehot,Onehot -> [ GM => Original ] -> Onehot,GM,N/A,original,original,False,centroid,Onehot -> [ GM => ORI ] -> Onehot
Val,0.5241468243709722,0.0012581348419189453,0,0,silkworm,15.37415099143982,0.00438380241394043,AmazonEmployeeAccess,GaussianNB,100,onehot,onehot,Onehot -> [ GM => Original ] -> Onehot,GM,N/A,original,original,False,centroid,Onehot -> [ GM => ORI ] -> Onehot
Test,0.5392211905276039,0.0012581348419189453,0,0,silkworm,15.37415099143982,0.0039043426513671875,AmazonEmployeeAccess,GaussianNB,100,onehot,onehot,Onehot -> [ GM => Original ] -> Onehot,GM,N/A,original,original,False,centroid,Onehot -> [ GM => ORI ] -> Onehot
Train,0.695,0.0010457038879394531,0,0,silkworm,14.855140924453735,0.0007867813110351562,AmazonEmployeeAccess,GaussianNB,100,onehot,onehot,Onehot -> [ GM => Original ] -> Onehot,GM,N/A,original,original,False,centroid,Onehot -> [ GM => ORI ] -> Onehot
Train - Original,0.5451817682576674,0.0010457038879394531,0,0,silkworm,14.855140924453735,0.03925156593322754,AmazonEmployeeAccess,GaussianNB,100,onehot,onehot,Onehot -> [ GM => Original ] -> Onehot,GM,N/A,original,original,False,centroid,Onehot -> [ GM => ORI ] -> Onehot
Val,0.5447307033737732,0.0010457038879394531,0,0,silkworm,14.855140924453735,0.004262685775756836,AmazonEmployeeAccess,GaussianNB,100,onehot,onehot,Onehot -> [ GM => Original ] -> Onehot,GM,N/A,original,original,False,centroid,Onehot -> [ GM => ORI ] -> Onehot
Test,0.5471862013054662,0.0010457038879394531,0,0,silkworm,14.855140924453735,0.003920793533325195,AmazonEmployeeAccess,GaussianNB,100,onehot,onehot,Onehot -> [ GM => Original ] -> Onehot,GM,N/A,original,original,False,centroid,Onehot -> [ GM => ORI ] -> Onehot
Train,0.61,0.0010364055633544922,0,0,silkworm,18.186952114105225,0.0007615089416503906,AmazonEmployeeAccess,GaussianNB,100,onehot,onehot,Onehot -> [ GM => Original ] -> Onehot,GM,N/A,original,original,False,centroid,Onehot -> [ GM => ORI ] -> Onehot
Train - Original,0.5204351301550487,0.0010364055633544922,0,0,silkworm,18.186952114105225,0.03630328178405762,AmazonEmployeeAccess,GaussianNB,100,onehot,onehot,Onehot -> [ GM => Original ] -> Onehot,GM,N/A,original,original,False,centroid,Onehot -> [ GM => ORI ] -> Onehot
Val,0.5219981082782594,0.0010364055633544922,0,0,silkworm,18.186952114105225,0.015512466430664062,AmazonEmployeeAccess,GaussianNB,100,onehot,onehot,Onehot -> [ GM => Original ] -> Onehot,GM,N/A,original,original,False,centroid,Onehot -> [ GM => ORI ] -> Onehot
Test,0.5403016286126675,0.0010364055633544922,0,0,silkworm,18.186952114105225,0.009767293930053711,AmazonEmployeeAccess,GaussianNB,100,onehot,onehot,Onehot -> [ GM => Original ] -> Onehot,GM,N/A,original,original,False,centroid,Onehot -> [ GM => ORI ] -> Onehot
Train,0.73,0.0009500980377197266,0,0,silkworm,15.01748013496399,0.012548446655273438,AmazonEmployeeAccess,GaussianNB,100,onehot,onehot,Onehot -> [ MLP-MultiHead-Encoded => GM => Decoded ] -> Onehot,GM,MLP-MultiHead,encoded,decoded,False,centroid,Onehot -> [ [FFN-SFT]-ENC => GM => DEC ] -> Onehot
Train - Original,0.5303958313587529,0.0009500980377197266,0,0,silkworm,15.01748013496399,0.05699944496154785,AmazonEmployeeAccess,GaussianNB,100,onehot,onehot,Onehot -> [ MLP-MultiHead-Encoded => GM => Decoded ] -> Onehot,GM,MLP-MultiHead,encoded,decoded,False,centroid,Onehot -> [ [FFN-SFT]-ENC => GM => DEC ] -> Onehot
Val,0.5181314077511929,0.0009500980377197266,0,0,silkworm,15.01748013496399,0.005675554275512695,AmazonEmployeeAccess,GaussianNB,100,onehot,onehot,Onehot -> [ MLP-MultiHead-Encoded => GM => Decoded ] -> Onehot,GM,MLP-MultiHead,encoded,decoded,False,centroid,Onehot -> [ [FFN-SFT]-ENC => GM => DEC ] -> Onehot
Test,0.5307814992025518,0.0009500980377197266,0,0,silkworm,15.01748013496399,0.009682178497314453,AmazonEmployeeAccess,GaussianNB,100,onehot,onehot,Onehot -> [ MLP-MultiHead-Encoded => GM => Decoded ] -> Onehot,GM,MLP-MultiHead,encoded,decoded,False,centroid,Onehot -> [ [FFN-SFT]-ENC => GM => DEC ] -> Onehot
Train,0.715,0.0031654834747314453,0,0,silkworm,14.881075382232666,0.0007822513580322266,AmazonEmployeeAccess,GaussianNB,100,onehot,onehot,Onehot -> [ MLP-MultiHead-Encoded => GM => Decoded-Binary ] -> Onehot,GM,MLP-MultiHead,encoded,decoded,True,centroid,Onehot -> [ [FFN-SFT]-ENC => GM => DEC-BIN ] -> Onehot
Train - Original,0.5372333271075974,0.0031654834747314453,0,0,silkworm,14.881075382232666,0.0544583797454834,AmazonEmployeeAccess,GaussianNB,100,onehot,onehot,Onehot -> [ MLP-MultiHead-Encoded => GM => Decoded-Binary ] -> Onehot,GM,MLP-MultiHead,encoded,decoded,True,centroid,Onehot -> [ [FFN-SFT]-ENC => GM => DEC-BIN ] -> Onehot
Val,0.5227420993245154,0.0031654834747314453,0,0,silkworm,14.881075382232666,0.010383129119873047,AmazonEmployeeAccess,GaussianNB,100,onehot,onehot,Onehot -> [ MLP-MultiHead-Encoded => GM => Decoded-Binary ] -> Onehot,GM,MLP-MultiHead,encoded,decoded,True,centroid,Onehot -> [ [FFN-SFT]-ENC => GM => DEC-BIN ] -> Onehot
Test,0.549131141392674,0.0031654834747314453,0,0,silkworm,14.881075382232666,0.009891986846923828,AmazonEmployeeAccess,GaussianNB,100,onehot,onehot,Onehot -> [ MLP-MultiHead-Encoded => GM => Decoded-Binary ] -> Onehot,GM,MLP-MultiHead,encoded,decoded,True,centroid,Onehot -> [ [FFN-SFT]-ENC => GM => DEC-BIN ] -> Onehot
Train,0.72,0.000888824462890625,0,0,silkworm,14.115835666656494,0.0006527900695800781,AmazonEmployeeAccess,GaussianNB,100,onehot,onehot,Onehot -> [ MLP-MultiHead-Encoded => GM => Encoded ] -> Onehot,GM,MLP-MultiHead,encoded,encoded,False,centroid,Onehot -> [ [FFN-SFT]-ENC => GM => ENC ] -> Onehot
Train - Original,0.5390911168970189,0.000888824462890625,0,0,silkworm,14.115835666656494,0.006108760833740234,AmazonEmployeeAccess,GaussianNB,100,onehot,onehot,Onehot -> [ MLP-MultiHead-Encoded => GM => Encoded ] -> Onehot,GM,MLP-MultiHead,encoded,encoded,False,centroid,Onehot -> [ [FFN-SFT]-ENC => GM => ENC ] -> Onehot
Val,0.5255762604128333,0.000888824462890625,0,0,silkworm,14.115835666656494,0.0017387866973876953,AmazonEmployeeAccess,GaussianNB,100,onehot,onehot,Onehot -> [ MLP-MultiHead-Encoded => GM => Encoded ] -> Onehot,GM,MLP-MultiHead,encoded,encoded,False,centroid,Onehot -> [ [FFN-SFT]-ENC => GM => ENC ] -> Onehot
Test,0.53113495247512,0.000888824462890625,0,0,silkworm,14.115835666656494,0.001573324203491211,AmazonEmployeeAccess,GaussianNB,100,onehot,onehot,Onehot -> [ MLP-MultiHead-Encoded => GM => Encoded ] -> Onehot,GM,MLP-MultiHead,encoded,encoded,False,centroid,Onehot -> [ [FFN-SFT]-ENC => GM => ENC ] -> Onehot
Train,0.7,0.0012066364288330078,0,0,silkworm,14.675076007843018,0.0008337497711181641,AmazonEmployeeAccess,GaussianNB,100,onehot,onehot,Onehot -> [ MLP-MultiHead-Encoded => GM => Decoded ] -> Onehot,GM,MLP-MultiHead,encoded,decoded,False,centroid,Onehot -> [ [FFN-SFT]-ENC => GM => DEC ] -> Onehot
Train - Original,0.5178319246444362,0.0012066364288330078,0,0,silkworm,14.675076007843018,0.09944963455200195,AmazonEmployeeAccess,GaussianNB,100,onehot,onehot,Onehot -> [ MLP-MultiHead-Encoded => GM => Decoded ] -> Onehot,GM,MLP-MultiHead,encoded,decoded,False,centroid,Onehot -> [ [FFN-SFT]-ENC => GM => DEC ] -> Onehot
Val,0.5167780055413457,0.0012066364288330078,0,0,silkworm,14.675076007843018,0.004571437835693359,AmazonEmployeeAccess,GaussianNB,100,onehot,onehot,Onehot -> [ MLP-MultiHead-Encoded => GM => Decoded ] -> Onehot,GM,MLP-MultiHead,encoded,decoded,False,centroid,Onehot -> [ [FFN-SFT]-ENC => GM => DEC ] -> Onehot
Test,0.5041258945246944,0.0012066364288330078,0,0,silkworm,14.675076007843018,0.009649038314819336,AmazonEmployeeAccess,GaussianNB,100,onehot,onehot,Onehot -> [ MLP-MultiHead-Encoded => GM => Decoded ] -> Onehot,GM,MLP-MultiHead,encoded,decoded,False,centroid,Onehot -> [ [FFN-SFT]-ENC => GM => DEC ] -> Onehot
Train,0.59,0.0010645389556884766,0,0,silkworm,15.36441969871521,0.0007483959197998047,AmazonEmployeeAccess,GaussianNB,100,onehot,onehot,Onehot -> [ MLP-MultiHead-Encoded => GM => Decoded-Binary ] -> Onehot,GM,MLP-MultiHead,encoded,decoded,True,centroid,Onehot -> [ [FFN-SFT]-ENC => GM => DEC-BIN ] -> Onehot
Train - Original,0.5107310314836393,0.0010645389556884766,0,0,silkworm,15.36441969871521,0.019984960556030273,AmazonEmployeeAccess,GaussianNB,100,onehot,onehot,Onehot -> [ MLP-MultiHead-Encoded => GM => Decoded-Binary ] -> Onehot,GM,MLP-MultiHead,encoded,decoded,True,centroid,Onehot -> [ [FFN-SFT]-ENC => GM => DEC-BIN ] -> Onehot
Val,0.5257811715901107,0.0010645389556884766,0,0,silkworm,15.36441969871521,0.0044291019439697266,AmazonEmployeeAccess,GaussianNB,100,onehot,onehot,Onehot -> [ MLP-MultiHead-Encoded => GM => Decoded-Binary ] -> Onehot,GM,MLP-MultiHead,encoded,decoded,True,centroid,Onehot -> [ [FFN-SFT]-ENC => GM => DEC-BIN ] -> Onehot
Test,0.5072035519591465,0.0010645389556884766,0,0,silkworm,15.36441969871521,0.00412440299987793,AmazonEmployeeAccess,GaussianNB,100,onehot,onehot,Onehot -> [ MLP-MultiHead-Encoded => GM => Decoded-Binary ] -> Onehot,GM,MLP-MultiHead,encoded,decoded,True,centroid,Onehot -> [ [FFN-SFT]-ENC => GM => DEC-BIN ] -> Onehot
Train,0.645,0.0009045600891113281,0,0,silkworm,15.807566404342651,0.0007162094116210938,AmazonEmployeeAccess,GaussianNB,100,onehot,onehot,Onehot -> [ MLP-MultiHead-Encoded => GM => Encoded ] -> Onehot,GM,MLP-MultiHead,encoded,encoded,False,centroid,Onehot -> [ [FFN-SFT]-ENC => GM => ENC ] -> Onehot
Train - Original,0.5433797661725105,0.0009045600891113281,0,0,silkworm,15.807566404342651,0.008144855499267578,AmazonEmployeeAccess,GaussianNB,100,onehot,onehot,Onehot -> [ MLP-MultiHead-Encoded => GM => Encoded ] -> Onehot,GM,MLP-MultiHead,encoded,encoded,False,centroid,Onehot -> [ [FFN-SFT]-ENC => GM => ENC ] -> Onehot
Val,0.5352253338645563,0.0009045600891113281,0,0,silkworm,15.807566404342651,0.007417917251586914,AmazonEmployeeAccess,GaussianNB,100,onehot,onehot,Onehot -> [ MLP-MultiHead-Encoded => GM => Encoded ] -> Onehot,GM,MLP-MultiHead,encoded,encoded,False,centroid,Onehot -> [ [FFN-SFT]-ENC => GM => ENC ] -> Onehot
Test,0.5394477339970527,0.0009045600891113281,0,0,silkworm,15.807566404342651,0.0016107559204101562,AmazonEmployeeAccess,GaussianNB,100,onehot,onehot,Onehot -> [ MLP-MultiHead-Encoded => GM => Encoded ] -> Onehot,GM,MLP-MultiHead,encoded,encoded,False,centroid,Onehot -> [ [FFN-SFT]-ENC => GM => ENC ] -> Onehot
Train,0.73,0.0031096935272216797,0,0,silkworm,14.563682079315186,0.0018391609191894531,AmazonEmployeeAccess,GaussianNB,100,onehot,onehot,Onehot -> [ MLP-MultiHead-Encoded => GM => Decoded ] -> Onehot,GM,MLP-MultiHead,encoded,decoded,False,centroid,Onehot -> [ [FFN-SFT]-ENC => GM => DEC ] -> Onehot
Train - Original,0.5519462277615785,0.0031096935272216797,0,0,silkworm,14.563682079315186,0.02339339256286621,AmazonEmployeeAccess,GaussianNB,100,onehot,onehot,Onehot -> [ MLP-MultiHead-Encoded => GM => Decoded ] -> Onehot,GM,MLP-MultiHead,encoded,decoded,False,centroid,Onehot -> [ [FFN-SFT]-ENC => GM => DEC ] -> Onehot
Val,0.5600062803945244,0.0031096935272216797,0,0,silkworm,14.563682079315186,0.004682064056396484,AmazonEmployeeAccess,GaussianNB,100,onehot,onehot,Onehot -> [ MLP-MultiHead-Encoded => GM => Decoded ] -> Onehot,GM,MLP-MultiHead,encoded,decoded,False,centroid,Onehot -> [ [FFN-SFT]-ENC => GM => DEC ] -> Onehot
Test,0.5831240268669947,0.0031096935272216797,0,0,silkworm,14.563682079315186,0.004081249237060547,AmazonEmployeeAccess,GaussianNB,100,onehot,onehot,Onehot -> [ MLP-MultiHead-Encoded => GM => Decoded ] -> Onehot,GM,MLP-MultiHead,encoded,decoded,False,centroid,Onehot -> [ [FFN-SFT]-ENC => GM => DEC ] -> Onehot
Train,0.6,0.001050710678100586,0,0,silkworm,15.077784061431885,0.0007472038269042969,AmazonEmployeeAccess,GaussianNB,100,onehot,onehot,Onehot -> [ MLP-MultiHead-Encoded => GM => Decoded-Binary ] -> Onehot,GM,MLP-MultiHead,encoded,decoded,True,centroid,Onehot -> [ [FFN-SFT]-ENC => GM => DEC-BIN ] -> Onehot
Train - Original,0.5246880627554178,0.001050710678100586,0,0,silkworm,15.077784061431885,0.02085399627685547,AmazonEmployeeAccess,GaussianNB,100,onehot,onehot,Onehot -> [ MLP-MultiHead-Encoded => GM => Decoded-Binary ] -> Onehot,GM,MLP-MultiHead,encoded,decoded,True,centroid,Onehot -> [ [FFN-SFT]-ENC => GM => DEC-BIN ] -> Onehot
Val,0.5176200802308996,0.001050710678100586,0,0,silkworm,15.077784061431885,0.004602193832397461,AmazonEmployeeAccess,GaussianNB,100,onehot,onehot,Onehot -> [ MLP-MultiHead-Encoded => GM => Decoded-Binary ] -> Onehot,GM,MLP-MultiHead,encoded,decoded,True,centroid,Onehot -> [ [FFN-SFT]-ENC => GM => DEC-BIN ] -> Onehot
Test,0.541758628919524,0.001050710678100586,0,0,silkworm,15.077784061431885,0.0038864612579345703,AmazonEmployeeAccess,GaussianNB,100,onehot,onehot,Onehot -> [ MLP-MultiHead-Encoded => GM => Decoded-Binary ] -> Onehot,GM,MLP-MultiHead,encoded,decoded,True,centroid,Onehot -> [ [FFN-SFT]-ENC => GM => DEC-BIN ] -> Onehot
Train,0.66,0.0008747577667236328,0,0,silkworm,15.085517883300781,0.0006518363952636719,AmazonEmployeeAccess,GaussianNB,100,onehot,onehot,Onehot -> [ MLP-MultiHead-Encoded => GM => Encoded ] -> Onehot,GM,MLP-MultiHead,encoded,encoded,False,centroid,Onehot -> [ [FFN-SFT]-ENC => GM => ENC ] -> Onehot
Train - Original,0.5572599978813914,0.0008747577667236328,0,0,silkworm,15.085517883300781,0.006014823913574219,AmazonEmployeeAccess,GaussianNB,100,onehot,onehot,Onehot -> [ MLP-MultiHead-Encoded => GM => Encoded ] -> Onehot,GM,MLP-MultiHead,encoded,encoded,False,centroid,Onehot -> [ [FFN-SFT]-ENC => GM => ENC ] -> Onehot
Val,0.558734234384932,0.0008747577667236328,0,0,silkworm,15.085517883300781,0.0016632080078125,AmazonEmployeeAccess,GaussianNB,100,onehot,onehot,Onehot -> [ MLP-MultiHead-Encoded => GM => Encoded ] -> Onehot,GM,MLP-MultiHead,encoded,encoded,False,centroid,Onehot -> [ [FFN-SFT]-ENC => GM => ENC ] -> Onehot
Test,0.559608587437066,0.0008747577667236328,0,0,silkworm,15.085517883300781,0.0015544891357421875,AmazonEmployeeAccess,GaussianNB,100,onehot,onehot,Onehot -> [ MLP-MultiHead-Encoded => GM => Encoded ] -> Onehot,GM,MLP-MultiHead,encoded,encoded,False,centroid,Onehot -> [ [FFN-SFT]-ENC => GM => ENC ] -> Onehot
Train,0.735,0.0012493133544921875,0,0,silkworm,14.079532146453857,0.0008373260498046875,AmazonEmployeeAccess,GaussianNB,100,onehot,onehot,Onehot -> [ MLP-MultiHead-Encoded => GM => Decoded ] -> Onehot,GM,MLP-MultiHead,encoded,decoded,False,centroid,Onehot -> [ [FFN-SFT]-ENC => GM => DEC ] -> Onehot
Train - Original,0.5431746653434655,0.0012493133544921875,0,0,silkworm,14.079532146453857,0.04024147987365723,AmazonEmployeeAccess,GaussianNB,100,onehot,onehot,Onehot -> [ MLP-MultiHead-Encoded => GM => Decoded ] -> Onehot,GM,MLP-MultiHead,encoded,decoded,False,centroid,Onehot -> [ [FFN-SFT]-ENC => GM => DEC ] -> Onehot
Val,0.5739041243791838,0.0012493133544921875,0,0,silkworm,14.079532146453857,0.005036830902099609,AmazonEmployeeAccess,GaussianNB,100,onehot,onehot,Onehot -> [ MLP-MultiHead-Encoded => GM => Decoded ] -> Onehot,GM,MLP-MultiHead,encoded,decoded,False,centroid,Onehot -> [ [FFN-SFT]-ENC => GM => DEC ] -> Onehot
Test,0.5461709228805116,0.0012493133544921875,0,0,silkworm,14.079532146453857,0.029739856719970703,AmazonEmployeeAccess,GaussianNB,100,onehot,onehot,Onehot -> [ MLP-MultiHead-Encoded => GM => Decoded ] -> Onehot,GM,MLP-MultiHead,encoded,decoded,False,centroid,Onehot -> [ [FFN-SFT]-ENC => GM => DEC ] -> Onehot
Train,0.7150000000000001,0.00113677978515625,0,0,silkworm,13.916200637817383,0.0008003711700439453,AmazonEmployeeAccess,GaussianNB,100,onehot,onehot,Onehot -> [ MLP-MultiHead-Encoded => GM => Decoded-Binary ] -> Onehot,GM,MLP-MultiHead,encoded,decoded,True,centroid,Onehot -> [ [FFN-SFT]-ENC => GM => DEC-BIN ] -> Onehot
Train - Original,0.5504068216410296,0.00113677978515625,0,0,silkworm,13.916200637817383,0.020926713943481445,AmazonEmployeeAccess,GaussianNB,100,onehot,onehot,Onehot -> [ MLP-MultiHead-Encoded => GM => Decoded-Binary ] -> Onehot,GM,MLP-MultiHead,encoded,decoded,True,centroid,Onehot -> [ [FFN-SFT]-ENC => GM => DEC-BIN ] -> Onehot
Val,0.5463939434490771,0.00113677978515625,0,0,silkworm,13.916200637817383,0.0046999454498291016,AmazonEmployeeAccess,GaussianNB,100,onehot,onehot,Onehot -> [ MLP-MultiHead-Encoded => GM => Decoded-Binary ] -> Onehot,GM,MLP-MultiHead,encoded,decoded,True,centroid,Onehot -> [ [FFN-SFT]-ENC => GM => DEC-BIN ] -> Onehot
Test,0.5565805574181621,0.00113677978515625,0,0,silkworm,13.916200637817383,0.003957986831665039,AmazonEmployeeAccess,GaussianNB,100,onehot,onehot,Onehot -> [ MLP-MultiHead-Encoded => GM => Decoded-Binary ] -> Onehot,GM,MLP-MultiHead,encoded,decoded,True,centroid,Onehot -> [ [FFN-SFT]-ENC => GM => DEC-BIN ] -> Onehot
Train,0.675,0.0009245872497558594,0,0,silkworm,15.489708423614502,0.0007026195526123047,AmazonEmployeeAccess,GaussianNB,100,onehot,onehot,Onehot -> [ MLP-MultiHead-Encoded => GM => Encoded ] -> Onehot,GM,MLP-MultiHead,encoded,encoded,False,centroid,Onehot -> [ [FFN-SFT]-ENC => GM => ENC ] -> Onehot
Train - Original,0.5477510342155294,0.0009245872497558594,0,0,silkworm,15.489708423614502,0.006726503372192383,AmazonEmployeeAccess,GaussianNB,100,onehot,onehot,Onehot -> [ MLP-MultiHead-Encoded => GM => Encoded ] -> Onehot,GM,MLP-MultiHead,encoded,encoded,False,centroid,Onehot -> [ [FFN-SFT]-ENC => GM => ENC ] -> Onehot
Val,0.5548405418475004,0.0009245872497558594,0,0,silkworm,15.489708423614502,0.0016798973083496094,AmazonEmployeeAccess,GaussianNB,100,onehot,onehot,Onehot -> [ MLP-MultiHead-Encoded => GM => Encoded ] -> Onehot,GM,MLP-MultiHead,encoded,encoded,False,centroid,Onehot -> [ [FFN-SFT]-ENC => GM => ENC ] -> Onehot
Test,0.5583951781851519,0.0009245872497558594,0,0,silkworm,15.489708423614502,0.0016176700592041016,AmazonEmployeeAccess,GaussianNB,100,onehot,onehot,Onehot -> [ MLP-MultiHead-Encoded => GM => Encoded ] -> Onehot,GM,MLP-MultiHead,encoded,encoded,False,centroid,Onehot -> [ [FFN-SFT]-ENC => GM => ENC ] -> Onehot
Train,0.725,0.0012137889862060547,0,0,silkworm,17.18874764442444,0.0009033679962158203,AmazonEmployeeAccess,GaussianNB,100,onehot,onehot,Onehot -> [ MLP-MultiHead-Encoded => GM => Decoded ] -> Onehot,GM,MLP-MultiHead,encoded,decoded,False,centroid,Onehot -> [ [FFN-SFT]-ENC => GM => DEC ] -> Onehot
Train - Original,0.5440666762375741,0.0012137889862060547,0,0,silkworm,17.18874764442444,0.07421588897705078,AmazonEmployeeAccess,GaussianNB,100,onehot,onehot,Onehot -> [ MLP-MultiHead-Encoded => GM => Decoded ] -> Onehot,GM,MLP-MultiHead,encoded,decoded,False,centroid,Onehot -> [ [FFN-SFT]-ENC => GM => DEC ] -> Onehot
Val,0.5518493708960739,0.0012137889862060547,0,0,silkworm,17.18874764442444,0.01042628288269043,AmazonEmployeeAccess,GaussianNB,100,onehot,onehot,Onehot -> [ MLP-MultiHead-Encoded => GM => Decoded ] -> Onehot,GM,MLP-MultiHead,encoded,decoded,False,centroid,Onehot -> [ [FFN-SFT]-ENC => GM => DEC ] -> Onehot
Test,0.556968863532184,0.0012137889862060547,0,0,silkworm,17.18874764442444,0.003981351852416992,AmazonEmployeeAccess,GaussianNB,100,onehot,onehot,Onehot -> [ MLP-MultiHead-Encoded => GM => Decoded ] -> Onehot,GM,MLP-MultiHead,encoded,decoded,False,centroid,Onehot -> [ [FFN-SFT]-ENC => GM => DEC ] -> Onehot
Train,0.63,0.0011472702026367188,0,0,silkworm,18.20237922668457,0.04390096664428711,AmazonEmployeeAccess,GaussianNB,100,onehot,onehot,Onehot -> [ MLP-MultiHead-Encoded => GM => Decoded-Binary ] -> Onehot,GM,MLP-MultiHead,encoded,decoded,True,centroid,Onehot -> [ [FFN-SFT]-ENC => GM => DEC-BIN ] -> Onehot
Train - Original,0.5308344321292574,0.0011472702026367188,0,0,silkworm,18.20237922668457,0.05565071105957031,AmazonEmployeeAccess,GaussianNB,100,onehot,onehot,Onehot -> [ MLP-MultiHead-Encoded => GM => Decoded-Binary ] -> Onehot,GM,MLP-MultiHead,encoded,decoded,True,centroid,Onehot -> [ [FFN-SFT]-ENC => GM => DEC-BIN ] -> Onehot
Val,0.5315167837080788,0.0011472702026367188,0,0,silkworm,18.20237922668457,0.004280567169189453,AmazonEmployeeAccess,GaussianNB,100,onehot,onehot,Onehot -> [ MLP-MultiHead-Encoded => GM => Decoded-Binary ] -> Onehot,GM,MLP-MultiHead,encoded,decoded,True,centroid,Onehot -> [ [FFN-SFT]-ENC => GM => DEC-BIN ] -> Onehot
Test,0.5429208954149571,0.0011472702026367188,0,0,silkworm,18.20237922668457,0.00407099723815918,AmazonEmployeeAccess,GaussianNB,100,onehot,onehot,Onehot -> [ MLP-MultiHead-Encoded => GM => Decoded-Binary ] -> Onehot,GM,MLP-MultiHead,encoded,decoded,True,centroid,Onehot -> [ [FFN-SFT]-ENC => GM => DEC-BIN ] -> Onehot
Train,0.635,0.00087738037109375,0,0,silkworm,16.853895664215088,0.0006744861602783203,AmazonEmployeeAccess,GaussianNB,100,onehot,onehot,Onehot -> [ MLP-MultiHead-Encoded => GM => Encoded ] -> Onehot,GM,MLP-MultiHead,encoded,encoded,False,centroid,Onehot -> [ [FFN-SFT]-ENC => GM => ENC ] -> Onehot
Train - Original,0.5256926595786199,0.00087738037109375,0,0,silkworm,16.853895664215088,0.006105184555053711,AmazonEmployeeAccess,GaussianNB,100,onehot,onehot,Onehot -> [ MLP-MultiHead-Encoded => GM => Encoded ] -> Onehot,GM,MLP-MultiHead,encoded,encoded,False,centroid,Onehot -> [ [FFN-SFT]-ENC => GM => ENC ] -> Onehot
Val,0.5481659119041609,0.00087738037109375,0,0,silkworm,16.853895664215088,0.0016524791717529297,AmazonEmployeeAccess,GaussianNB,100,onehot,onehot,Onehot -> [ MLP-MultiHead-Encoded => GM => Encoded ] -> Onehot,GM,MLP-MultiHead,encoded,encoded,False,centroid,Onehot -> [ [FFN-SFT]-ENC => GM => ENC ] -> Onehot
Test,0.5395299412426553,0.00087738037109375,0,0,silkworm,16.853895664215088,0.001550912857055664,AmazonEmployeeAccess,GaussianNB,100,onehot,onehot,Onehot -> [ MLP-MultiHead-Encoded => GM => Encoded ] -> Onehot,GM,MLP-MultiHead,encoded,encoded,False,centroid,Onehot -> [ [FFN-SFT]-ENC => GM => ENC ] -> Onehot
